139.95499999999998, 290.5, 300
98.45, 265.9, 300
80.4, 301.0, 300
98.5, 292.0, 300
79.1, 299.8, 300
91.45, 303.3, 300
85.65, 294.4, 300
60.35000000000001, 296.4, 300
81.60000000000001, 299.8, 300
83.65, 300.0, 300
67.85, 303.2, 300
73.25, 295.1, 300
89.4, 295.4, 300
88.69999999999999, 300.3, 300
83.5, 300.0, 300
80.45, 291.8, 300
83.7, 296.8, 300
83.1, 276.3, 300
74.05, 305.5, 300
82.25, 296.6, 300
80.75, 308.4, 300
92.5, 289.1, 300
124.0, 289.2, 300
69.5, 291.5, 300
80.15, 290.6, 300
84.65, 310.5, 300
86.69999999999999, 307.5, 300
80.35, 296.6, 300
69.5, 296.0, 300
86.4, 261.0, 300
85.55, 302.3, 300
85.4, 303.2, 300
80.85, 303.0, 300
83.85000000000001, 296.8, 300
92.35000000000001, 279.8, 300
80.05, 288.7, 300
80.75, 294.3, 300
82.65, 286.2, 300
77.25, 288.4, 300
97.5, 298.1, 300
97.45, 270.2, 300
77.7, 298.0, 300
84.25, 294.3, 300
59.35000000000001, 304.2, 300
81.0, 297.3, 300
75.39999999999999, 276.6, 300
93.4, 297.6, 300
69.5, 293.4, 300
88.0, 304.3, 300
78.65, 290.7, 300
78.7, 301.0, 300
87.45, 295.4, 300
80.1, 298.3, 300
93.5, 288.1, 300
74.60000000000001, 297.9, 300
77.60000000000001, 251.4, 300
88.4, 295.0, 300
90.45, 300.7, 300
80.45, 296.6, 300
93.5, 288.8, 300
66.85, 285.6, 300
84.45, 291.8, 300
91.35000000000001, 296.0, 300
93.35000000000001, 292.0, 300
64.35000000000001, 296.6, 300
87.65, 271.9, 300
87.85000000000001, 272.4, 300
78.6, 247.6, 300
85.65, 307.3, 300
82.7, 292.7, 300
91.45, 255.9, 300
83.45, 305.8, 300
74.45, 299.0, 300
72.39999999999999, 300.9, 300
67.85, 300.0, 300
96.45, 307.0, 300
74.55, 299.5, 300
86.25, 302.4, 300
79.65, 278.8, 300
90.0, 280.3, 300
76.05, 286.8, 300
95.25, 287.1, 300
85.25, 302.7, 300
73.2, 300.6, 300
84.85, 303.3, 300
80.35, 300.0, 300
81.55, 298.3, 300
95.5, 293.8, 300
82.60000000000001, 293.5, 300
75.45, 294.9, 300
81.39999999999999, 310.8, 300
97.45, 297.7, 300
96.45, 296.3, 300
73.5, 305.7, 300
80.85, 286.2, 300
129.0, 276.6, 300
81.7, 304.2, 300
81.5, 293.5, 300
85.35, 259.1, 300
98.35000000000001, 298.2, 300
74.85, 293.2, 300
81.05, 301.6, 300
82.85, 253.1, 300
79.75, 291.1, 300
87.25, 296.7, 300
87.15, 288.7, 300
148.20000000000002, 296.0, 300
78.05, 303.6, 300
94.35000000000001, 306.9, 300
85.55, 291.8, 300
92.45, 272.8, 300
86.15, 293.1, 300
80.2, 293.3, 300
83.25, 256.2, 300
80.55, 291.1, 300
148.20000000000002, 306.4, 300
85.69999999999999, 288.3, 300
72.2, 228.2, 300
75.55, 300.7, 300
83.1, 297.0, 300
82.1, 291.2, 300
75.1, 300.3, 300
64.85, 301.5, 300
84.45, 269.2, 300
82.4, 302.7, 300
83.60000000000001, 311.3, 300
75.7, 285.1, 300
81.1, 296.7, 300
76.25, 288.4, 300
97.74999999999999, 301.3, 300
78.1, 297.1, 300
82.60000000000001, 297.2, 300
70.5, 307.0, 300
80.65, 291.1, 300
79.65, 297.5, 300
81.60000000000001, 307.6, 300
79.05, 290.4, 300
77.1, 287.9, 300
82.75, 296.1, 300
82.60000000000001, 296.5, 300
73.0, 284.8, 300
91.25, 288.6, 300
79.1, 307.0, 300
76.45, 290.2, 300
87.45, 301.8, 300
84.69999999999999, 301.3, 300
89.4, 292.1, 300
79.85, 305.7, 300
81.85, 311.1, 300
85.15, 296.9, 300
75.2, 294.7, 300
150.20000000000002, 284.8, 300
61.35000000000001, 294.2, 300
83.85, 270.2, 300
87.65, 300.8, 300
84.45, 294.0, 300
83.85000000000001, 285.6, 300
90.25, 298.3, 300
129.0, 311.5, 300
74.5, 308.6, 300
95.60000000000001, 310.8, 300
72.25, 292.0, 300
76.60000000000001, 297.4, 300
87.25, 296.1, 300
87.35, 303.2, 300
84.55, 307.3, 300
72.6, 296.1, 300
79.85, 306.9, 300
77.05, 295.2, 300
74.55, 300.9, 300
80.64999999999999, 297.4, 300
77.85, 302.1, 300
97.35000000000001, 251.4, 300
81.25, 297.3, 300
77.85, 302.7, 300
82.75, 291.8, 300
82.05, 281.0, 300
79.60000000000001, 291.7, 300
67.35000000000001, 293.0, 300
74.1, 298.6, 300
75.35, 278.4, 300
80.60000000000001, 294.0, 300
78.2, 306.9, 300
89.5, 307.0, 300
86.05, 300.9, 300
81.65, 293.5, 300
86.85, 305.4, 300
79.4, 289.3, 300
79.1, 296.3, 300
77.60000000000001, 302.4, 300
77.05, 293.3, 300
76.4, 309.2, 300
76.25, 297.8, 300
77.45, 296.8, 300
135.0, 298.8, 300
74.7, 298.3, 300
148.20000000000002, 293.1, 300
82.55, 300.3, 300
96.45, 284.8, 300
66.85, 299.4, 300
84.4, 303.7, 300
145.20000000000002, 300.9, 300
72.39999999999999, 269.2, 300
72.25, 300.9, 300
78.7, 304.1, 300
78.05, 303.9, 300
84.65, 302.8, 300
128.0, 302.3, 300
150.0, 292.0, 300
85.65, 305.9, 300
80.64999999999999, 290.7, 300
82.75, 293.0, 300
69.85, 285.4, 300
79.45, 303.3, 300
89.4, 308.4, 300
86.15, 288.4, 300
81.35, 295.8, 300
64.85, 301.8, 300
96.45, 285.3, 300
98.5, 259.1, 300
146.0, 302.5, 300
80.1, 298.1, 300
86.05, 298.8, 300
95.25, 296.1, 300
74.25, 302.1, 300
86.45, 303.1, 300
89.4, 296.9, 300
79.5, 289.0, 300
80.25, 309.8, 300
85.0, 281.0, 300
75.14999999999999, 300.9, 300
85.45, 287.2, 300
77.45, 295.1, 300
86.4, 296.8, 300
83.60000000000001, 304.3, 300
80.05, 305.9, 300
85.15, 276.3, 300
76.4, 310.0, 300
72.39999999999999, 311.1, 300
82.85, 289.1, 300
86.5, 300.0, 300
78.05, 303.1, 300
90.5, 303.9, 300
83.45, 292.2, 300
82.60000000000001, 290.7, 300
86.05, 228.2, 300
75.85, 276.6, 300
81.64999999999999, 294.2, 300
86.39999999999999, 292.0, 300
84.85, 296.1, 300
85.65, 301.8, 300
76.25, 299.1, 300
85.25, 286.8, 300
146.0, 298.8, 300
65.85, 303.6, 300
94.0, 307.6, 300
88.39999999999999, 305.7, 300
81.05, 271.9, 300
96.35000000000001, 305.7, 300
89.4, 298.4, 300
86.39999999999999, 289.0, 300
77.35, 297.5, 300
78.2, 298.3, 300
77.1, 294.0, 300
62.35000000000001, 302.5, 300
78.39999999999999, 294.7, 300
82.55, 300.9, 300
61.35000000000001, 293.1, 300
135.0, 301.0, 300
78.1, 289.9, 300
93.5, 295.4, 300
78.5, 261.8, 300
76.60000000000001, 293.0, 300
80.1, 291.1, 300
78.25, 298.5, 300
84.5, 297.6, 300
109.0, 256.2, 300
83.1, 305.7, 300
85.75, 308.6, 300
73.5, 269.3, 300
94.45, 297.2, 300
91.4, 302.7, 300
79.14999999999999, 290.4, 300
78.45, 297.6, 300
88.4, 293.5, 300
79.35, 300.5, 300
88.39999999999999, 302.1, 300
75.25, 298.8, 300
87.75, 288.6, 300
74.5, 292.0, 300
80.15, 302.6, 300
75.39999999999999, 303.3, 300
79.64999999999999, 274.4, 300
75.7, 298.8, 300
83.0, 288.3, 300
86.85, 306.4, 300
82.7, 299.6, 300
75.6, 251.4, 300
86.0, 285.3, 300
86.45, 285.1, 300
78.35, 292.6, 300
74.39999999999999, 301.3, 300
93.5, 287.2, 300
93.5, 284.4, 300
127.0, 299.4, 300
83.69999999999999, 306.9, 300
80.1, 261.0, 300
84.65, 295.3, 300
87.65, 293.4, 300
83.75, 300.8, 300
75.45, 294.2, 300
138.0, 298.3, 300
83.25, 305.9, 300
102.0, 297.8, 300
90.4, 302.1, 300
77.0, 289.4, 300
91.45, 292.0, 300
78.6, 283.9, 300
75.7, 298.3, 300
79.64999999999999, 294.3, 300
74.5, 305.6, 300
113.0, 304.3, 300
81.75, 296.8, 300
83.55, 303.1, 300
81.35, 287.7, 300
84.45, 299.1, 300
69.2, 293.0, 300
88.45, 306.9, 300
76.55, 296.6, 300
74.25, 259.2, 300
82.65, 278.9, 300
81.64999999999999, 302.8, 300
68.85, 297.0, 300
87.4, 295.1, 300
78.2, 281.3, 300
74.2, 302.6, 300
92.5, 307.0, 300
74.1, 293.0, 300
82.15, 284.2, 300
80.85, 296.5, 300
88.45, 280.3, 300
97.0, 296.1, 300
152.20000000000002, 293.3, 300
75.14999999999999, 295.3, 300
82.55, 298.3, 300
85.45, 290.6, 300
77.6, 290.7, 300
151.0, 292.7, 300
75.64999999999999, 290.2, 300
84.65, 292.3, 300
79.14999999999999, 290.4, 300
91.4, 289.2, 300
83.35, 298.3, 300
83.1, 303.9, 300
88.65, 287.1, 300
83.75, 293.4, 300
76.5, 292.1, 300
159.0, 290.9, 300
82.60000000000001, 310.5, 300
79.60000000000001, 305.1, 300
87.4, 301.2, 300
90.85000000000001, 281.0, 300
77.2, 293.8, 300
89.39999999999999, 288.4, 300
86.05, 270.1, 300
83.05, 300.7, 300
82.05, 309.1, 300
94.74999999999999, 300.6, 300
82.05, 309.2, 300
73.39999999999999, 309.1, 300
102.60000000000001, 298.2, 300
82.35, 293.1, 300
103.74999999999999, 293.4, 300
79.25, 298.5, 300
87.4, 296.9, 300
76.25, 303.1, 300
80.7, 276.6, 300
81.35, 290.7, 300
77.6, 296.1, 300
84.65, 295.4, 300
99.25, 309.2, 300
87.25, 290.9, 300
80.2, 273.0, 300
78.0, 297.9, 300
80.0, 285.3, 300
102.74999999999999, 274.8, 300
96.25, 293.8, 300
112.0, 301.5, 300
74.7, 302.8, 300
90.4, 259.2, 300
74.4, 300.0, 300
84.5, 294.3, 300
99.0, 289.5, 300
89.5, 299.8, 300
76.14999999999999, 301.0, 300
66.35000000000001, 290.5, 300
84.1, 294.4, 300
101.74999999999999, 297.8, 300
76.14999999999999, 295.9, 300
75.45, 298.3, 300
87.4, 299.7, 300
85.25, 282.1, 300
87.65, 281.8, 300
77.5, 295.3, 300
82.1, 301.8, 300
80.5, 272.4, 300
82.39999999999999, 303.4, 300
85.45, 278.9, 300
80.85, 265.9, 300
83.85, 303.2, 300
84.15, 295.1, 300
75.05, 297.9, 300
87.75, 307.5, 300
70.0, 282.1, 300
95.74999999999999, 303.4, 300
79.65, 299.0, 300
91.25, 291.3, 300
88.65, 286.2, 300
71.0, 299.8, 300
95.35000000000001, 299.0, 300
85.5, 297.0, 300
73.85, 304.3, 300
84.85, 269.2, 300
80.65, 301.6, 300
78.75, 303.4, 300
97.35000000000001, 280.6, 300
94.35000000000001, 292.1, 300
81.35, 280.3, 300
78.75, 314.3, 300
82.7, 280.3, 300
83.75, 285.6, 300
83.1, 289.9, 300
83.65, 283.8, 300
157.0, 300.9, 300
97.5, 266.0, 300
71.0, 293.8, 300
88.45, 297.1, 300
138.0, 299.4, 300
119.0, 305.1, 300
73.2, 297.4, 300
79.7, 305.3, 300
81.65, 296.3, 300
81.15, 300.0, 300
83.85, 292.0, 300
74.7, 292.6, 300
80.75, 297.2, 300
77.45, 295.3, 300
92.45, 296.3, 300
80.05, 300.1, 300
80.85, 293.0, 300
146.20000000000002, 280.9, 300
86.4, 286.8, 300
74.75, 298.5, 300
72.39999999999999, 305.6, 300
80.65, 282.3, 300
96.25, 300.0, 300
75.05, 302.8, 300
89.5, 290.1, 300
80.05, 301.8, 300
91.0, 279.8, 300
100.60000000000001, 299.0, 300
71.45, 303.2, 300
83.05, 296.3, 300
70.39999999999999, 295.1, 300
80.05, 269.2, 300
69.5, 290.1, 300
153.20000000000002, 300.1, 300
72.25, 292.0, 300
81.55, 304.0, 300
74.75, 299.8, 300
81.25, 294.8, 300
79.05, 228.2, 300
75.5, 281.0, 300
81.1, 310.8, 300
76.5, 302.1, 300
105.0, 308.2, 300
89.4, 310.0, 300
84.69999999999999, 278.8, 300
80.5, 289.5, 300
70.5, 289.0, 300
88.4, 285.3, 300
151.20000000000002, 294.2, 300
98.25, 310.8, 300
91.4, 300.3, 300
77.5, 259.2, 300
84.25, 288.6, 300
82.65, 261.8, 300
91.35000000000001, 296.9, 300
84.39999999999999, 295.4, 300
84.4, 300.6, 300
76.25, 304.0, 300
81.7, 296.8, 300
88.4, 299.9, 300
80.39999999999999, 293.8, 300
69.6, 286.2, 300
82.05, 288.6, 300
88.1, 296.4, 300
70.39999999999999, 288.3, 300
93.4, 292.0, 300
89.4, 284.3, 300
88.4, 286.8, 300
74.5, 289.6, 300
86.55, 300.0, 300
74.2, 293.1, 300
102.74999999999999, 289.6, 300
77.55, 285.3, 300
95.74999999999999, 294.4, 300
85.65, 302.7, 300
87.85, 297.8, 300
84.15, 294.8, 300
85.55, 289.2, 300
152.20000000000002, 257.1, 300
85.39999999999999, 265.9, 300
81.1, 295.6, 300
75.60000000000001, 295.6, 300
99.74999999999999, 300.9, 300
85.65, 299.3, 300
98.5, 270.2, 300
91.4, 296.7, 300
88.5, 297.0, 300
88.75, 287.8, 300
83.05, 297.9, 300
127.0, 297.1, 300
152.0, 303.6, 300
77.1, 308.4, 300
86.65, 301.8, 300
84.25, 299.4, 300
77.60000000000001, 292.2, 300
66.35000000000001, 307.5, 300
75.14999999999999, 298.6, 300
104.0, 311.1, 300
81.25, 294.0, 300
85.65, 304.8, 300
92.45, 291.1, 300
79.60000000000001, 293.1, 300
77.2, 303.3, 300
94.0, 293.1, 300
66.85, 303.1, 300
77.4, 297.1, 300
83.7, 291.7, 300
82.0, 293.3, 300
82.55, 301.6, 300
79.1, 297.4, 300
75.60000000000001, 296.8, 300
67.35000000000001, 297.6, 300
84.85, 289.4, 300
82.69999999999999, 296.6, 300
76.45, 305.8, 300
88.4, 283.8, 300
59.35000000000001, 297.4, 300
137.0, 274.8, 300
81.65, 291.2, 300
103.74999999999999, 294.2, 300
152.20000000000002, 291.5, 300
88.4, 299.1, 300
78.35, 296.7, 300
78.6, 302.1, 300
91.45, 293.5, 300
59.35000000000001, 298.5, 300
83.1, 280.9, 300
133.0, 276.2, 300
60.35000000000001, 305.6, 300
83.14999999999999, 295.3, 300
76.35, 297.5, 300
80.35, 288.1, 300
93.4, 296.8, 300
77.5, 292.1, 300
76.60000000000001, 297.3, 300
76.14999999999999, 294.9, 300
96.25, 295.0, 300
85.5, 278.9, 300
92.4, 288.6, 300
86.65, 294.8, 300
104.0, 299.4, 300
84.25, 286.2, 300
82.60000000000001, 253.1, 300
81.1, 305.4, 300
87.55, 290.8, 300
80.60000000000001, 303.3, 300
77.5, 259.2, 300
92.45, 293.1, 300
77.25, 301.7, 300
79.1, 292.2, 300
61.35000000000001, 282.1, 300
73.85, 302.7, 300
82.85, 295.4, 300
79.55, 290.6, 300
88.55, 304.9, 300
92.4, 302.6, 300
77.4, 299.5, 300
75.2, 298.3, 300
74.4, 299.2, 300
88.39999999999999, 276.3, 300
73.64999999999999, 226.0, 300
65.35000000000001, 296.2, 300
94.60000000000001, 298.8, 300
75.25, 298.6, 300
92.5, 299.8, 300
81.0, 295.7, 300
85.45, 305.5, 300
80.85, 289.9, 300
81.4, 284.5, 300
75.35, 299.4, 300
96.45, 293.8, 300
76.55, 304.1, 300
78.6, 297.2, 300
79.69999999999999, 298.8, 300
69.0, 306.1, 300
82.7, 293.3, 300
82.65, 297.8, 300
70.5, 293.6, 300
75.7, 289.2, 300
74.14999999999999, 294.3, 300
83.05, 311.5, 300
70.25, 303.9, 300
80.35, 301.0, 300
83.1, 285.6, 300
88.39999999999999, 295.4, 300
71.2, 293.5, 300
82.55, 303.1, 300
150.20000000000002, 276.2, 300
91.45, 295.3, 300
76.45, 293.2, 300
74.5, 298.2, 300
79.1, 293.2, 300
94.45, 288.3, 300
87.55, 290.2, 300
83.25, 287.2, 300
127.0, 295.3, 300
77.75, 295.3, 300
79.1, 303.3, 300
82.65, 301.5, 300
71.5, 293.0, 300
103.0, 290.6, 300
80.85, 294.2, 300
127.0, 295.4, 300
74.0, 290.6, 300
83.25, 312.1, 300
86.05, 296.2, 300
75.05, 293.0, 300
74.0, 308.6, 300
90.0, 307.3, 300
77.5, 294.2, 300
86.45, 300.9, 300
75.75, 292.0, 300
84.1, 302.7, 300
77.85, 302.1, 300
75.7, 278.5, 300
93.5, 296.9, 300
74.1, 299.3, 300
95.25, 302.3, 300
82.60000000000001, 308.2, 300
79.35, 296.4, 300
82.60000000000001, 293.0, 300
82.85, 310.5, 300
111.0, 300.1, 300
80.2, 293.0, 300
89.85000000000001, 307.6, 300
103.74999999999999, 292.2, 300
96.45, 297.6, 300
82.85, 292.0, 300
77.14999999999999, 297.6, 300
84.4, 296.0, 300
81.55, 297.2, 300
67.85, 303.6, 300
75.05, 303.9, 300
83.85, 301.5, 300
59.35000000000001, 291.7, 300
75.5, 302.3, 300
79.35, 279.8, 300
124.0, 305.5, 300
79.55, 297.0, 300
85.5, 293.5, 300
68.35000000000001, 298.1, 300
71.25, 302.8, 300
75.25, 304.6, 300
84.0, 297.6, 300
65.85, 293.2, 300
88.39999999999999, 294.4, 300
80.65, 297.3, 300
75.85, 276.6, 300
78.5, 308.6, 300
96.5, 285.3, 300
83.65, 301.8, 300
126.0, 295.9, 300
72.39999999999999, 281.0, 300
81.7, 314.9, 300
88.85, 297.6, 300
83.45, 298.8, 300
86.35, 295.9, 300
84.85000000000001, 295.4, 300
80.85, 289.4, 300
83.2, 298.5, 300
75.7, 226.0, 300
93.5, 292.0, 300
78.65, 297.8, 300
83.0, 290.0, 300
74.6, 298.3, 300
88.0, 304.3, 300
82.2, 284.8, 300
75.05, 288.7, 400
80.25, 308.4, 400
65.55, 298.6, 400
64.25, 289.4, 400
95.0, 303.9, 400
62.400000000000006, 294.2, 400
73.75, 304.3, 400
65.85, 228.2, 400
73.60000000000001, 295.2, 400
61.45, 298.2, 400
58.3, 281.0, 400
66.45, 303.0, 400
67.95, 302.3, 400
64.60000000000001, 281.1, 400
74.7, 288.1, 400
73.14999999999999, 291.2, 400
56.3, 292.1, 400
76.7, 307.6, 400
56.849999999999994, 293.5, 400
68.55, 313.8, 400
55.3, 269.2, 400
63.45, 278.9, 400
71.60000000000001, 298.2, 400
64.55, 291.1, 400
60.0, 301.0, 400
67.80000000000001, 295.7, 400
73.5, 290.9, 400
59.599999999999994, 303.7, 400
54.5, 280.9, 400
54.650000000000006, 302.3, 400
65.4, 298.6, 400
70.60000000000001, 291.7, 400
65.25, 280.3, 400
69.4, 295.1, 400
68.14999999999999, 301.9, 400
65.0, 297.1, 400
66.4, 302.3, 400
74.7, 299.8, 400
52.2, 273.2, 400
60.0, 286.8, 400
70.95, 285.6, 400
70.4, 282.1, 400
64.10000000000001, 297.1, 400
72.7, 293.8, 400
48.849999999999994, 290.2, 400
56.3, 272.4, 400
54.45, 288.3, 400
56.19999999999999, 303.9, 400
69.45, 309.1, 400
54.3, 288.3, 400
57.05, 293.1, 400
65.6, 282.1, 400
97.0, 299.6, 400
60.95, 303.2, 400
68.75, 293.4, 400
60.45, 293.0, 400
65.65, 296.0, 400
66.7, 296.4, 400
60.95, 304.6, 400
60.19999999999999, 302.1, 400
70.10000000000001, 292.0, 400
53.849999999999994, 289.1, 400
70.60000000000001, 295.3, 400
58.7, 298.5, 400
66.9, 280.3, 400
69.80000000000001, 295.1, 400
57.849999999999994, 299.4, 400
65.05, 291.2, 400
59.900000000000006, 293.2, 400
70.55, 293.4, 400
63.5, 297.8, 400
68.55, 290.2, 400
57.349999999999994, 284.3, 400
68.4, 299.8, 400
68.55, 295.3, 400
73.4, 284.9, 400
58.0, 297.2, 400
69.60000000000001, 301.3, 400
61.349999999999994, 293.2, 400
57.05, 292.0, 400
70.60000000000001, 284.5, 400
61.5, 309.2, 400
63.599999999999994, 311.3, 400
63.3, 294.2, 400
55.95, 300.3, 400
64.60000000000001, 295.7, 400
63.3, 288.6, 400
70.7, 257.3, 400
68.60000000000001, 293.5, 400
72.85, 286.8, 400
68.75, 285.3, 400
58.3, 300.0, 400
56.45, 299.3, 400
58.45, 301.0, 400
61.95, 295.1, 400
64.95, 300.6, 400
55.05, 291.7, 400
53.849999999999994, 295.1, 400
61.0, 299.6, 400
60.95, 295.0, 400
66.45, 297.6, 400
64.75, 299.4, 400
60.400000000000006, 306.4, 400
61.400000000000006, 307.3, 400
62.25, 271.1, 400
60.0, 295.4, 400
61.3, 288.3, 400
58.5, 309.1, 400
64.60000000000001, 289.1, 400
56.3, 294.7, 400
69.75, 297.3, 400
66.10000000000001, 297.5, 400
59.75, 299.4, 400
63.650000000000006, 290.7, 400
61.400000000000006, 299.6, 400
72.6, 266.0, 400
66.85, 302.8, 400
53.64999999999999, 286.2, 400
64.10000000000001, 293.5, 400
64.95, 278.5, 400
71.95, 303.2, 400
76.8, 305.3, 400
65.85000000000001, 297.0, 400
61.900000000000006, 295.6, 400
74.75, 301.5, 400
62.349999999999994, 307.6, 400
61.3, 301.2, 400
49.8, 303.3, 400
73.10000000000001, 293.6, 400
81.0, 299.8, 400
62.0, 293.1, 400
65.05, 293.2, 400
66.85, 294.9, 400
54.7, 299.0, 400
71.10000000000001, 291.7, 400
56.2, 294.4, 400
61.349999999999994, 299.4, 400
60.400000000000006, 296.1, 400
73.7, 297.8, 400
56.7, 285.6, 400
52.2, 281.8, 400
67.95, 293.4, 400
73.60000000000001, 273.2, 400
55.95, 298.3, 400
65.14999999999999, 297.3, 400
99.0, 304.9, 400
74.05, 276.6, 400
72.05, 297.2, 400
67.85, 297.1, 400
60.5, 295.1, 400
54.7, 285.6, 400
57.64999999999999, 303.9, 400
71.60000000000001, 294.0, 400
61.650000000000006, 300.1, 400
73.45, 273.0, 400
54.849999999999994, 300.1, 400
87.0, 293.3, 400
55.3, 301.5, 400
57.3, 302.6, 400
63.05, 297.3, 400
62.75, 302.8, 400
68.85, 302.8, 400
72.55, 280.9, 400
50.64999999999999, 310.0, 400
54.849999999999994, 294.5, 400
75.6, 293.3, 400
70.60000000000001, 296.3, 400
67.14999999999999, 299.1, 400
64.55, 280.3, 400
68.55, 283.8, 400
67.4, 303.6, 400
70.6, 296.0, 400
78.6, 298.9, 400
50.8, 259.1, 400
56.95, 314.3, 400
64.25, 289.8, 400
66.14999999999999, 308.6, 400
69.60000000000001, 301.8, 400
56.75, 255.9, 400
69.55, 297.7, 400
65.60000000000001, 301.0, 400
61.400000000000006, 283.9, 400
70.60000000000001, 286.0, 400
69.5, 300.0, 400
60.0, 273.0, 400
64.9, 300.1, 400
78.6, 289.1, 400
64.0, 293.7, 400
72.85, 293.4, 400
53.849999999999994, 296.3, 400
64.85, 253.1, 400
63.5, 278.5, 400
60.05, 301.4, 400
59.599999999999994, 299.8, 400
55.849999999999994, 302.7, 400
63.95, 298.3, 400
60.95, 299.4, 400
67.65, 299.0, 400
72.10000000000001, 297.1, 400
61.5, 297.0, 400
71.7, 293.4, 400
60.349999999999994, 304.0, 400
60.400000000000006, 293.4, 400
80.0, 302.1, 400
56.05, 297.8, 400
65.85, 296.7, 400
66.4, 300.1, 400
66.25, 294.0, 400
59.650000000000006, 284.8, 400
62.75, 303.7, 400
68.15, 297.8, 400
61.75, 295.3, 400
62.599999999999994, 298.2, 400
69.45, 287.7, 400
66.55, 272.6, 400
67.7, 284.5, 400
64.7, 285.6, 400
63.349999999999994, 272.5, 400
73.7, 302.2, 400
74.8, 303.6, 400
58.19999999999999, 305.7, 400
59.95, 314.3, 400
62.0, 290.6, 400
55.05, 273.2, 400
53.2, 302.6, 400
65.80000000000001, 297.9, 400
73.45, 281.0, 400
63.900000000000006, 297.4, 400
67.55, 294.7, 400
73.4, 296.0, 400
64.45, 252.9, 400
66.14999999999999, 305.4, 400
72.6, 305.7, 400
77.8, 287.5, 400
66.95, 297.8, 400
71.4, 302.7, 400
71.10000000000001, 298.5, 400
65.14999999999999, 294.9, 400
66.80000000000001, 304.9, 400
62.05000000000001, 307.0, 400
68.45, 297.9, 400
64.6, 310.4, 400
65.80000000000001, 299.0, 400
60.85000000000001, 278.9, 400
83.0, 296.7, 400
51.64999999999999, 290.3, 400
55.3, 293.8, 400
71.75, 300.9, 400
69.80000000000001, 261.8, 400
54.75, 309.2, 400
71.75, 280.4, 400
55.7, 294.4, 400
64.75, 289.4, 400
56.849999999999994, 301.5, 400
62.95, 302.6, 400
63.0, 290.2, 400
69.80000000000001, 292.0, 400
76.8, 293.5, 400
61.05000000000001, 301.6, 400
68.60000000000001, 298.3, 400
68.75, 300.3, 400
61.19999999999999, 298.3, 400
73.10000000000001, 288.4, 400
57.75, 291.2, 400
54.349999999999994, 294.2, 400
72.7, 296.1, 400
56.2, 296.9, 400
71.7, 278.9, 400
62.400000000000006, 300.3, 400
62.75, 293.3, 400
68.4, 296.8, 400
72.45, 296.9, 400
67.10000000000001, 271.9, 400
63.0, 296.7, 400
68.45, 297.4, 400
62.85000000000001, 301.9, 400
56.64999999999999, 285.6, 400
70.10000000000001, 286.2, 400
62.75, 290.9, 400
64.85, 293.1, 400
57.349999999999994, 274.8, 400
64.75, 305.4, 400
66.60000000000001, 299.3, 400
65.60000000000001, 302.7, 400
72.45, 293.7, 400
52.64999999999999, 294.0, 400
69.80000000000001, 298.8, 400
78.8, 291.8, 400
54.95, 302.1, 400
59.45, 305.8, 400
60.45, 307.6, 400
67.0, 285.6, 400
63.3, 302.1, 400
59.95, 290.3, 400
54.75, 286.8, 400
64.10000000000001, 296.0, 400
58.349999999999994, 293.6, 400
70.95, 301.6, 400
58.599999999999994, 285.6, 400
60.05, 297.0, 400
66.55, 299.0, 400
62.95, 300.0, 400
63.900000000000006, 285.6, 400
59.400000000000006, 303.4, 400
66.9, 299.4, 400
64.45, 282.3, 400
58.349999999999994, 284.0, 400
65.14999999999999, 293.4, 400
55.5, 300.5, 400
71.95, 306.4, 400
67.45, 292.7, 400
55.5, 295.7, 400
59.400000000000006, 307.3, 400
65.25, 303.9, 400
55.3, 299.4, 400
62.05, 303.6, 400
67.14999999999999, 253.1, 400
65.75, 300.0, 400
73.05, 294.0, 400
63.05, 295.7, 400
63.5, 290.9, 400
67.55, 299.1, 400
66.6, 297.4, 400
65.60000000000001, 288.1, 400
73.60000000000001, 280.4, 400
65.45, 300.3, 400
76.6, 279.3, 400
55.3, 305.7, 400
56.8, 290.5, 400
88.0, 298.5, 400
52.2, 295.4, 400
77.8, 294.2, 400
61.45, 299.4, 400
60.0, 301.8, 400
60.0, 296.6, 400
68.80000000000001, 297.5, 400
68.80000000000001, 300.8, 400
72.7, 293.8, 400
67.4, 289.0, 400
55.8, 290.2, 400
63.05, 289.1, 400
67.75, 299.0, 400
78.8, 304.0, 400
78.75, 294.2, 400
58.75, 253.1, 400
65.75, 299.4, 400
69.85, 296.0, 400
99.0, 293.5, 400
66.60000000000001, 293.8, 400
62.3, 310.5, 400
53.7, 295.8, 400
58.64999999999999, 291.8, 400
58.95, 300.1, 400
61.85000000000001, 311.1, 400
66.60000000000001, 296.4, 400
62.650000000000006, 294.0, 400
59.95, 297.9, 400
59.650000000000006, 292.0, 400
71.10000000000001, 307.5, 400
59.45, 295.1, 400
65.5, 299.8, 400
71.14999999999999, 298.5, 400
63.400000000000006, 298.3, 400
67.10000000000001, 298.5, 400
62.85000000000001, 303.3, 400
60.45, 285.3, 400
64.25, 294.4, 400
72.45, 305.7, 400
67.85, 304.8, 400
72.95, 300.9, 400
62.45, 290.6, 400
65.7, 302.7, 400
55.650000000000006, 300.5, 400
74.75, 307.5, 400
71.95, 292.7, 400
64.4, 289.8, 400
70.7, 302.2, 400
61.599999999999994, 302.3, 400
66.60000000000001, 289.2, 400
61.45, 299.3, 400
65.55, 296.8, 400
69.7, 300.1, 400
72.55, 298.3, 400
59.3, 300.9, 400
54.95, 296.3, 400
70.80000000000001, 296.3, 400
64.7, 272.5, 400
63.849999999999994, 299.6, 400
63.19999999999999, 290.8, 400
61.45, 293.7, 400
66.85, 290.2, 400
71.85, 281.0, 400
68.45, 304.3, 400
65.7, 288.7, 400
59.75, 294.2, 400
49.64999999999999, 305.4, 400
63.95, 301.3, 400
58.5, 291.1, 400
63.0, 294.0, 400
72.10000000000001, 284.9, 400
66.14999999999999, 285.6, 400
65.14999999999999, 305.9, 400
62.45, 282.1, 400
55.95, 302.6, 400
66.55, 290.6, 400
53.2, 290.5, 400
64.45, 280.6, 400
65.0, 295.4, 400
69.7, 295.3, 400
62.349999999999994, 290.6, 400
58.95, 296.4, 400
65.05000000000001, 299.3, 400
72.60000000000001, 300.0, 400
56.05, 288.3, 400
62.19999999999999, 298.3, 400
62.75, 297.0, 400
75.8, 289.9, 400
59.599999999999994, 301.5, 400
50.64999999999999, 303.9, 400
65.85000000000001, 291.3, 400
65.4, 309.1, 400
67.05000000000001, 286.8, 400
72.55, 295.0, 400
70.60000000000001, 271.1, 400
60.45, 299.7, 400
67.45, 289.0, 400
56.5, 290.1, 400
62.400000000000006, 285.1, 400
72.8, 226.0, 400
71.7, 302.7, 400
70.60000000000001, 291.8, 400
54.349999999999994, 272.4, 400
89.0, 302.2, 400
59.150000000000006, 297.4, 400
69.80000000000001, 291.7, 400
67.60000000000001, 296.0, 400
65.55, 300.9, 400
65.55, 291.2, 400
66.05, 287.7, 400
73.10000000000001, 299.4, 400
57.64999999999999, 291.1, 400
64.45, 295.3, 400
61.0, 301.3, 400
71.60000000000001, 301.2, 400
55.3, 301.2, 400
87.0, 297.0, 400
60.3, 295.3, 400
63.150000000000006, 293.6, 400
58.599999999999994, 302.5, 400
70.05, 296.4, 400
62.599999999999994, 305.8, 400
68.4, 298.3, 400
65.7, 272.5, 400
58.64999999999999, 290.6, 400
63.19999999999999, 293.2, 400
64.75, 292.0, 400
57.5, 302.8, 400
63.25, 285.3, 400
68.4, 296.9, 400
61.19999999999999, 301.8, 400
73.6, 297.3, 400
75.7, 298.3, 400
65.4, 253.1, 400
63.3, 294.9, 400
67.05000000000001, 292.0, 400
64.10000000000001, 308.4, 400
62.650000000000006, 296.9, 400
54.849999999999994, 289.9, 400
68.4, 288.3, 400
65.45, 302.7, 400
65.14999999999999, 294.0, 400
63.0, 296.5, 400
62.0, 299.3, 400
68.7, 278.5, 400
63.849999999999994, 302.1, 400
64.4, 295.1, 400
52.64999999999999, 291.1, 400
64.05000000000001, 296.9, 400
56.7, 302.2, 400
68.15, 301.6, 400
62.0, 309.2, 400
68.45, 302.1, 400
56.75, 285.1, 400
67.45, 301.8, 400
59.45, 304.0, 400
72.80000000000001, 298.5, 400
64.75, 294.0, 400
67.85000000000001, 296.7, 400
61.599999999999994, 287.7, 400
57.95, 300.0, 400
61.95, 301.0, 400
55.349999999999994, 293.5, 400
69.95, 290.1, 400
62.0, 301.0, 400
65.85000000000001, 293.0, 400
60.650000000000006, 300.5, 400
50.64999999999999, 297.3, 400
66.45, 288.7, 400
56.95, 290.6, 400
70.95, 291.5, 400
58.75, 290.1, 400
73.60000000000001, 296.4, 400
66.60000000000001, 302.6, 400
69.85, 288.6, 400
69.8, 294.9, 400
65.05, 310.4, 400
63.25, 299.6, 400
63.599999999999994, 304.1, 400
62.0, 293.0, 400
60.95, 292.0, 400
73.85, 303.1, 400
65.9, 300.8, 400
62.650000000000006, 299.6, 400
55.05, 253.1, 400
58.7, 293.4, 400
64.60000000000001, 295.6, 400
55.3, 299.8, 400
65.75, 296.0, 400
62.650000000000006, 296.8, 400
50.8, 290.3, 400
57.0, 293.3, 400
50.7, 292.1, 400
72.7, 297.5, 400
66.6, 300.0, 400
65.85000000000001, 286.2, 400
63.400000000000006, 301.7, 400
54.849999999999994, 251.4, 400
70.7, 298.3, 400
70.7, 296.9, 400
70.4, 278.5, 400
65.85, 293.4, 400
66.4, 311.5, 400
64.45, 293.4, 400
64.55, 304.3, 400
58.2, 284.8, 400
61.19999999999999, 303.1, 400
59.75, 291.2, 400
67.85, 302.2, 400
59.05, 298.3, 400
68.4, 292.0, 400
66.7, 297.7, 400
65.75, 294.8, 400
72.60000000000001, 297.0, 400
58.85000000000001, 295.8, 400
49.2, 289.6, 400
63.85000000000001, 304.9, 400
65.4, 297.3, 400
56.5, 290.7, 400
56.95, 301.7, 400
66.60000000000001, 293.0, 400
70.75, 269.3, 400
58.599999999999994, 291.2, 400
65.45, 305.9, 400
66.60000000000001, 302.7, 400
60.5, 300.8, 400
62.349999999999994, 289.5, 400
91.0, 295.4, 400
56.19999999999999, 281.1, 400
64.14999999999999, 295.4, 400
59.95, 293.1, 400
52.7, 290.5, 400
65.60000000000001, 289.0, 400
65.55, 297.6, 400
59.95, 289.2, 400
58.5, 293.5, 400
63.5, 297.6, 400
60.0, 291.7, 400
74.7, 291.8, 400
55.5, 308.4, 400
71.60000000000001, 261.0, 400
53.2, 297.8, 400
61.349999999999994, 276.6, 400
70.60000000000001, 295.3, 400
74.6, 291.7, 400
73.10000000000001, 299.3, 400
51.849999999999994, 303.7, 400
73.85, 307.5, 400
68.60000000000001, 295.4, 400
63.95, 297.3, 400
60.05, 297.0, 400
55.64999999999999, 293.2, 400
70.95, 292.1, 400
56.3, 288.1, 400
58.5, 301.2, 400
90.0, 299.9, 400
61.400000000000006, 300.9, 400
72.45, 283.9, 400
59.150000000000006, 297.5, 400
61.19999999999999, 284.5, 400
58.3, 295.6, 400
67.60000000000001, 305.7, 400
70.60000000000001, 281.3, 400
70.45, 294.2, 400
56.19999999999999, 296.1, 400
67.7, 296.3, 400
63.05000000000001, 296.2, 400
66.85, 299.4, 400
72.10000000000001, 255.9, 400
66.9, 296.8, 400
60.400000000000006, 293.5, 400
66.25, 293.1, 400
71.55, 296.0, 400
61.25, 293.4, 400
55.650000000000006, 292.0, 400
61.19999999999999, 288.4, 400
55.2, 291.1, 400
60.45, 295.5, 400
57.2, 297.0, 400
64.85, 304.8, 400
63.150000000000006, 295.7, 400
67.25, 298.2, 400
57.3, 292.2, 400
65.60000000000001, 297.3, 400
55.95, 302.8, 400
58.05, 292.0, 400
60.650000000000006, 298.3, 400
52.8, 292.7, 400
61.95, 309.2, 400
69.85, 280.3, 400
73.10000000000001, 285.4, 400
60.349999999999994, 297.1, 400
71.14999999999999, 298.3, 400
71.95, 247.6, 400
78.75, 308.1, 400
55.349999999999994, 298.6, 400
66.7, 280.4, 400
63.0, 257.1, 400
55.95, 298.6, 400
55.7, 295.3, 400
66.25, 288.7, 400
59.400000000000006, 298.2, 400
55.7, 301.5, 400
64.45, 273.0, 400
67.6, 293.6, 400
61.3, 296.1, 400
59.3, 305.7, 400
54.650000000000006, 296.8, 400
62.5, 294.0, 400
63.95, 293.1, 400
66.7, 303.4, 400
64.45, 291.5, 400
71.55, 307.3, 400
78.8, 302.7, 400
60.05000000000001, 291.1, 400
64.45, 294.2, 400
64.55, 300.8, 400
58.2, 299.8, 400
54.64999999999999, 304.6, 400
70.8, 294.9, 400
67.45, 303.6, 400
66.60000000000001, 289.9, 400
56.3, 295.2, 400
60.45, 270.2, 400
54.45, 291.1, 400
69.60000000000001, 263.4, 400
68.55, 301.4, 400
69.55, 298.5, 400
67.60000000000001, 296.4, 400
69.85, 308.6, 400
64.60000000000001, 276.3, 400
68.60000000000001, 292.7, 400
59.0, 297.6, 400
62.349999999999994, 303.3, 400
66.75, 301.3, 400
72.60000000000001, 290.6, 400
57.650000000000006, 304.1, 400
72.60000000000001, 270.2, 400
68.7, 289.2, 400
72.45, 283.8, 400
71.55, 293.5, 400
70.8, 278.9, 400
71.05, 298.6, 400
67.4, 296.4, 400
70.8, 284.3, 400
61.05, 303.4, 400
77.75, 305.8, 400
55.8, 292.2, 400
66.60000000000001, 294.3, 400
51.7, 291.5, 400
58.8, 302.1, 400
62.95, 304.2, 400
70.60000000000001, 302.6, 400
68.05, 308.4, 400
71.05, 300.1, 400
65.25, 288.3, 400
75.75, 290.5, 400
64.80000000000001, 301.3, 400
54.7, 271.1, 400
62.650000000000006, 309.2, 400
66.60000000000001, 285.3, 400
60.45, 284.8, 400
63.75, 302.3, 400
70.14999999999999, 301.0, 400
65.75, 310.0, 400
68.55, 300.9, 400
69.60000000000001, 295.7, 400
65.85, 301.8, 400
68.45, 295.8, 400
54.95, 298.5, 400
63.0, 311.3, 400
74.05, 273.6, 400
64.85000000000001, 303.1, 400
66.4, 303.9, 400
73.60000000000001, 292.0, 400
49.7, 290.5, 400
65.10000000000001, 293.1, 400
66.14999999999999, 300.8, 400
69.60000000000001, 298.2, 400
71.85, 285.6, 400
67.95, 295.0, 400
60.45, 288.4, 400
64.14999999999999, 302.1, 400
64.85000000000001, 302.6, 400
56.75, 303.3, 400
54.3, 272.8, 400
55.5, 297.2, 400
65.60000000000001, 281.8, 400
56.849999999999994, 292.0, 400
58.7, 293.5, 400
61.5, 288.4, 400
70.45, 297.1, 400
73.6, 298.8, 400
69.8, 294.2, 400
66.6, 282.1, 400
60.45, 282.1, 400
70.14999999999999, 294.9, 400
68.45, 309.1, 400
61.5, 299.1, 400
75.8, 298.5, 400
65.60000000000001, 272.8, 400
67.65, 295.4, 400
68.75, 292.6, 400
66.7, 272.6, 400
60.05, 301.6, 400
64.80000000000001, 297.2, 400
63.7, 287.8, 400
77.7, 297.1, 400
67.4, 298.3, 400
70.85, 299.7, 400
73.7, 270.1, 400
65.4, 303.3, 400
97.0, 308.2, 400
64.45, 276.6, 400
64.95, 299.8, 400
54.5, 290.9, 400
70.60000000000001, 307.0, 400
57.95, 302.2, 400
84.0, 295.2, 400
72.5, 280.3, 400
72.05, 293.8, 400
77.6, 298.9, 400
72.7, 288.3, 400
57.349999999999994, 281.3, 400
64.45, 295.1, 400
64.6, 302.8, 400
71.45, 311.5, 400
56.3, 298.8, 400
65.4, 252.9, 400
54.349999999999994, 226.0, 400
67.15, 296.7, 400
69.5, 293.4, 400
69.14999999999999, 251.4, 400
62.95, 304.3, 400
68.60000000000001, 295.1, 400
68.15, 310.0, 400
70.75, 272.8, 400
61.0, 293.4, 400
71.60000000000001, 294.2, 400
58.8, 284.2, 400
71.10000000000001, 299.9, 400
59.0, 291.7, 400
77.7, 294.2, 400
61.25, 293.0, 400
63.650000000000006, 287.7, 400
72.75, 291.7, 400
62.95, 291.5, 400
70.60000000000001, 289.9, 400
57.3, 298.1, 400
50.2, 295.7, 400
71.95, 298.6, 400
69.60000000000001, 304.9, 400
62.650000000000006, 296.9, 400
50.64999999999999, 298.8, 400
57.650000000000006, 298.1, 400
56.64999999999999, 278.9, 400
72.8, 297.0, 400
64.95, 293.8, 400
55.64999999999999, 291.1, 400
61.45, 299.8, 400
65.14999999999999, 295.4, 400
56.75, 299.9, 400
67.60000000000001, 301.8, 400
66.4, 310.5, 400
63.3, 304.9, 400
60.85000000000001, 261.0, 400
68.55, 295.0, 400
73.60000000000001, 297.2, 400
95.0, 303.9, 400
58.900000000000006, 304.2, 400
71.55, 288.4, 400
62.25, 292.0, 400
70.05, 290.5, 400
64.0, 298.3, 400
56.64999999999999, 228.2, 400
64.4, 288.4, 400
68.05000000000001, 305.7, 400
59.95, 256.2, 400
63.45, 294.2, 400
60.400000000000006, 296.7, 400
72.5, 297.2, 400
72.85, 284.5, 400
58.85000000000001, 290.6, 400
49.8, 295.4, 400
57.45, 293.8, 400
66.95, 296.3, 400
76.6, 295.4, 400
84.0, 285.4, 400
70.4, 289.5, 400
67.10000000000001, 284.3, 400
55.45, 291.5, 400
59.75, 310.0, 400
65.65, 296.4, 400
54.75, 297.6, 400
72.10000000000001, 292.1, 400
55.7, 278.5, 400
68.5, 298.0, 400
66.85, 294.2, 400
67.60000000000001, 296.7, 400
68.45, 294.2, 400
84.0, 298.5, 400
68.45, 288.7, 400
62.650000000000006, 286.8, 400
66.85, 294.2, 400
57.64999999999999, 292.7, 400
57.3, 296.4, 400
57.349999999999994, 292.0, 400
64.60000000000001, 290.5, 400
56.5, 302.5, 400
68.5, 301.2, 400
69.45, 299.1, 400
60.3, 291.3, 400
70.95, 302.7, 400
70.85, 259.2, 400
75.6, 297.4, 400
60.0, 310.0, 400
60.0, 297.0, 400
69.60000000000001, 299.4, 400
58.85000000000001, 290.6, 400
64.5, 299.8, 400
50.64999999999999, 299.6, 400
64.85, 296.3, 400
67.0, 293.4, 400
69.4, 300.1, 400
64.14999999999999, 300.1, 400
70.80000000000001, 296.9, 400
69.85, 301.9, 400
71.85, 307.8, 400
51.64999999999999, 297.0, 400
60.400000000000006, 271.0, 400
76.7, 303.4, 400
64.65, 306.1, 400
71.14999999999999, 278.5, 400
55.3, 296.7, 400
69.85, 302.8, 400
57.75, 307.0, 400
56.2, 293.1, 400
61.85000000000001, 287.7, 400
59.400000000000006, 293.8, 400
61.25, 304.6, 400
66.85, 297.1, 400
64.05000000000001, 310.8, 400
60.45, 299.3, 400
64.15, 218.1, 400
54.95, 271.9, 400
65.5, 292.0, 400
58.45, 290.2, 400
65.0, 274.4, 400
69.75, 297.3, 400
76.6, 297.6, 400
66.85, 291.5, 400
66.60000000000001, 301.9, 400
78.6, 270.1, 400
63.849999999999994, 302.8, 400
92.0, 291.7, 400
71.60000000000001, 299.2, 400
59.400000000000006, 276.3, 400
62.5, 295.4, 400
64.75, 298.2, 400
57.349999999999994, 305.8, 400
66.4, 305.3, 400
76.7, 289.4, 400
70.85, 288.3, 400
68.0, 278.4, 400
57.349999999999994, 305.7, 400
59.349999999999994, 299.8, 400
66.55, 288.7, 400
71.85, 298.3, 400
58.05, 301.6, 400
58.3, 228.2, 400
50.7, 288.8, 400
63.05000000000001, 299.8, 400
70.75, 302.8, 400
61.5, 297.2, 400
58.45, 293.2, 400
66.60000000000001, 302.1, 400
59.45, 298.9, 400
64.5, 295.8, 400
72.60000000000001, 296.2, 400
72.4, 292.3, 400
66.7, 297.0, 400
71.4, 305.1, 400
71.85, 297.8, 400
69.45, 303.7, 400
67.45, 288.4, 400
53.7, 302.7, 400
70.14999999999999, 296.6, 400
62.349999999999994, 299.9, 400
71.85, 291.1, 400
71.14999999999999, 295.4, 400
68.05000000000001, 304.3, 400
65.4, 294.1, 400
60.45, 290.8, 400
55.5, 294.8, 400
59.650000000000006, 308.2, 400
68.85, 300.3, 400
56.2, 302.4, 400
61.650000000000006, 304.9, 400
56.650000000000006, 311.3, 400
59.19999999999999, 291.1, 400
62.3, 261.8, 400
67.45, 306.4, 400
54.95, 302.6, 400
66.10000000000001, 298.0, 400
63.5, 313.8, 400
70.45, 296.8, 400
55.75, 271.0, 400
63.650000000000006, 288.7, 400
64.9, 303.9, 400
57.95, 283.0, 400
52.849999999999994, 292.3, 400
66.60000000000001, 292.0, 400
64.14999999999999, 278.8, 400
58.3, 293.1, 400
54.8, 296.0, 400
64.60000000000001, 301.5, 400
60.650000000000006, 299.3, 400
68.4, 290.3, 400
56.349999999999994, 290.8, 400
70.6, 304.8, 400
92.0, 295.1, 400
75.6, 297.3, 400
78.6, 305.8, 400
63.85000000000001, 285.1, 400
65.45, 294.3, 400
54.349999999999994, 304.0, 400
59.3, 301.7, 400
55.650000000000006, 299.4, 400
56.2, 293.6, 400
68.60000000000001, 300.9, 400
75.6, 304.0, 400
72.8, 263.4, 400
61.400000000000006, 301.6, 400
67.75, 278.4, 400
64.14999999999999, 307.6, 400
68.4, 291.7, 400
63.60000000000001, 290.9, 400
90.0, 308.1, 400
67.4, 299.0, 400
70.55, 310.8, 400
68.65, 303.1, 400
62.05000000000001, 299.2, 400
72.14999999999999, 302.2, 400
63.75, 293.2, 400
55.849999999999994, 303.1, 400
64.95, 300.9, 400
56.349999999999994, 296.1, 400
65.55, 301.3, 400
58.349999999999994, 280.9, 400
61.75, 297.5, 400
72.8, 302.8, 400
65.7, 296.3, 400
58.19999999999999, 304.8, 400
72.85, 218.1, 400
70.4, 293.4, 400
52.8, 303.1, 400
67.60000000000001, 297.0, 400
60.0, 297.9, 400
66.7, 297.6, 400
56.849999999999994, 290.4, 400
58.0, 288.4, 400
68.4, 300.9, 400
61.3, 303.2, 400
55.2, 298.6, 400
64.60000000000001, 289.9, 400
58.3, 301.6, 400
66.60000000000001, 294.4, 400
64.25, 302.7, 400
67.10000000000001, 263.4, 400
63.599999999999994, 299.0, 400
70.7, 288.6, 400
64.55, 303.8, 400
74.05, 297.6, 400
69.7, 305.7, 400
66.7, 286.2, 400
67.6, 276.6, 400
60.75, 301.5, 400
74.6, 293.0, 400
64.45, 296.4, 400
65.85000000000001, 271.1, 400
58.599999999999994, 293.4, 400
69.7, 302.1, 400
61.349999999999994, 261.0, 400
69.4, 218.1, 400
73.85, 297.0, 400
69.4, 297.7, 400
63.95, 284.2, 400
67.6, 303.3, 400
60.75, 292.0, 400
72.55, 286.2, 400
62.3, 286.0, 400
71.60000000000001, 298.5, 400
69.95, 296.4, 400
64.9, 294.9, 400
62.45, 291.8, 400
82.0, 308.1, 400
49.8, 276.3, 400
54.8, 305.3, 400
73.85, 293.3, 400
70.60000000000001, 272.6, 400
65.95, 283.8, 400
71.45, 293.8, 400
71.60000000000001, 302.1, 400
65.4, 300.3, 400
55.8, 281.8, 400
60.3, 307.3, 400
77.8, 299.6, 400
71.80000000000001, 288.3, 400
71.5, 296.8, 400
60.900000000000006, 301.7, 400
61.75, 215.5, 400
67.65, 304.6, 400
66.4, 295.4, 400
62.3, 286.8, 400
60.400000000000006, 302.8, 400
62.05, 296.1, 400
62.45, 302.7, 400
69.75, 290.0, 400
66.6, 303.9, 400
68.4, 288.7, 400
54.3, 293.0, 400
69.7, 303.2, 400
73.55, 297.4, 400
94.0, 298.8, 400
61.400000000000006, 302.5, 400
65.14999999999999, 290.6, 400
71.60000000000001, 278.9, 400
64.25, 272.5, 400
71.7, 298.4, 400
55.7, 272.4, 400
50.7, 290.2, 400
77.7, 261.0, 400
71.05, 304.0, 400
63.5, 300.7, 400
50.2, 293.7, 400
71.60000000000001, 286.8, 400
61.400000000000006, 290.7, 400
86.0, 311.1, 400
65.6, 296.1, 400
60.25, 291.1, 400
75.6, 286.8, 400
68.4, 293.8, 400
61.3, 269.3, 400
63.3, 300.1, 400
72.95, 286.2, 400
71.85, 303.2, 400
67.45, 305.6, 400
61.3, 293.0, 400
67.60000000000001, 278.4, 400
59.95, 289.4, 400
58.599999999999994, 301.3, 400
55.650000000000006, 298.3, 400
70.7, 293.5, 400
60.05000000000001, 290.4, 400
65.4, 310.4, 400
53.2, 304.8, 400
65.85, 301.4, 400
56.64999999999999, 296.7, 400
62.0, 298.6, 400
50.64999999999999, 252.9, 400
68.0, 297.6, 400
69.60000000000001, 286.8, 400
82.0, 294.2, 400
71.7, 304.8, 400
67.4, 293.6, 400
68.05000000000001, 302.1, 400
55.3, 281.1, 400
70.45, 269.2, 400
78.8, 297.0, 400
85.0, 310.0, 400
84.0, 301.7, 400
74.75, 296.1, 400
63.849999999999994, 295.1, 400
58.650000000000006, 264.6, 400
65.80000000000001, 284.9, 400
66.05000000000001, 265.9, 400
64.25, 293.1, 400
59.95, 292.0, 400
68.05000000000001, 298.8, 400
61.05000000000001, 300.8, 400
59.150000000000006, 301.9, 400
69.45, 305.3, 400
60.3, 291.3, 400
63.849999999999994, 287.8, 400
51.64999999999999, 272.8, 400
59.75, 280.6, 400
66.60000000000001, 296.1, 400
68.45, 303.1, 400
74.8, 301.0, 400
64.4, 300.9, 400
67.85, 290.8, 400
62.45, 296.8, 400
72.55, 280.4, 400
81.0, 303.7, 400
66.80000000000001, 280.3, 400
66.0, 303.3, 400
66.05000000000001, 294.2, 400
57.2, 299.3, 400
73.80000000000001, 298.5, 400
59.400000000000006, 298.6, 400
57.8, 302.2, 400
72.85, 293.5, 400
68.45, 278.9, 400
55.3, 296.1, 400
56.64999999999999, 293.2, 400
60.650000000000006, 305.8, 400
66.5, 301.1, 400
70.8, 302.7, 400
64.7, 307.6, 400
63.5, 297.0, 400
63.349999999999994, 280.4, 400
55.5, 296.8, 400
54.3, 278.9, 400
64.60000000000001, 298.2, 400
66.7, 305.3, 400
78.7, 295.8, 400
73.85, 293.0, 400
66.05, 285.6, 400
72.95, 298.5, 400
67.6, 301.8, 400
61.19999999999999, 296.0, 400
74.6, 293.5, 400
67.15, 279.8, 400
69.7, 294.2, 400
59.25, 297.3, 400
65.65, 298.9, 400
61.05000000000001, 297.8, 400
54.0, 295.9, 400
55.45, 304.9, 400
49.2, 311.3, 400
57.3, 310.4, 400
67.80000000000001, 297.0, 400
69.75, 300.6, 400
56.2, 289.9, 400
64.75, 284.2, 400
67.75, 292.0, 400
64.14999999999999, 304.3, 400
60.400000000000006, 259.2, 400
56.5, 299.0, 400
67.5, 299.1, 400
72.75, 295.7, 400
70.60000000000001, 293.6, 400
71.85, 307.6, 400
68.4, 297.4, 400
63.900000000000006, 304.6, 400
61.599999999999994, 292.2, 400
63.19999999999999, 300.1, 400
58.599999999999994, 302.7, 400
65.95, 293.4, 400
58.3, 279.8, 400
60.05000000000001, 299.4, 400
73.10000000000001, 292.7, 400
56.5, 306.4, 400
71.85, 306.1, 400
71.6, 297.4, 400
51.2, 265.0, 400
62.3, 305.9, 400
66.75, 302.4, 400
68.7, 300.0, 400
68.45, 298.4, 400
62.5, 285.4, 400
70.60000000000001, 295.4, 400
66.75, 282.1, 400
76.75, 291.5, 400
68.55, 290.3, 400
67.75, 276.6, 400
56.95, 293.3, 400
69.60000000000001, 302.2, 400
72.55, 278.5, 400
62.599999999999994, 295.3, 400
62.599999999999994, 299.5, 400
64.10000000000001, 288.4, 400
55.95, 297.0, 400
70.75, 301.8, 400
76.75, 298.2, 400
70.14999999999999, 299.6, 400
90.0, 302.1, 400
66.4, 298.0, 400
54.95, 281.1, 400
60.400000000000006, 253.1, 400
67.9, 302.8, 400
55.349999999999994, 290.6, 400
57.7, 304.0, 400
59.45, 305.6, 400
61.45, 274.4, 400
59.75, 294.8, 400
72.80000000000001, 302.6, 400
64.80000000000001, 298.3, 400
54.0, 293.1, 400
70.14999999999999, 291.7, 400
64.7, 311.3, 400
69.45, 297.3, 400
63.3, 293.3, 400
66.45, 303.7, 400
70.5, 302.6, 400
58.349999999999994, 292.2, 400
68.5, 218.1, 400
63.400000000000006, 308.1, 400
88.0, 294.7, 400
55.5, 301.5, 400
51.7, 299.8, 400
74.8, 291.2, 400
58.8, 300.0, 400
61.25, 284.5, 400
70.7, 302.7, 400
70.7, 295.1, 400
68.0, 263.4, 400
71.95, 290.9, 400
60.45, 296.3, 400
62.900000000000006, 300.1, 400
66.45, 294.3, 400
54.5, 280.3, 400
72.6, 290.8, 400
68.85, 296.1, 400
55.95, 293.0, 400
66.45, 294.2, 400
66.10000000000001, 295.3, 400
74.6, 297.7, 400
68.95, 288.4, 400
69.7, 218.1, 400
64.95, 290.6, 400
62.95, 293.2, 400
66.95, 292.1, 400
69.5, 276.2, 400
65.9, 296.0, 400
69.14999999999999, 295.1, 400
69.4, 247.6, 400
71.8, 290.3, 400
59.3, 282.1, 400
86.0, 310.0, 400
64.45, 302.1, 400
64.75, 288.3, 400
70.80000000000001, 307.5, 400
69.55, 295.1, 400
59.95, 294.9, 400
76.7, 297.3, 400
91.0, 297.9, 400
72.14999999999999, 289.9, 400
61.85000000000001, 297.6, 400
60.75, 303.4, 400
58.5, 297.8, 400
64.60000000000001, 305.3, 400
71.55, 291.5, 400
68.05, 297.7, 400
63.7, 295.5, 400
69.14999999999999, 300.9, 400
71.60000000000001, 286.8, 400
58.650000000000006, 252.9, 400
68.4, 293.3, 400
68.05000000000001, 291.2, 400
62.599999999999994, 298.5, 400
68.45, 306.1, 400
70.7, 286.2, 400
66.75, 297.1, 400
71.7, 298.0, 400
60.650000000000006, 304.3, 400
72.10000000000001, 303.3, 400
55.95, 296.0, 400
61.19999999999999, 280.4, 400
63.60000000000001, 298.6, 400
72.60000000000001, 305.7, 400
54.7, 257.3, 400
51.849999999999994, 253.1, 400
61.400000000000006, 289.0, 400
67.95, 306.9, 400
70.60000000000001, 305.1, 400
59.05, 296.8, 400
85.0, 285.3, 400
75.7, 292.6, 400
69.60000000000001, 285.4, 400
62.3, 300.5, 400
65.80000000000001, 300.1, 400
77.8, 276.6, 400
71.85, 301.6, 400
62.650000000000006, 294.2, 400
60.400000000000006, 303.9, 400
68.7, 283.0, 400
62.95, 304.9, 400
69.05, 283.0, 400
65.05, 285.1, 400
64.85000000000001, 314.3, 400
62.05000000000001, 300.7, 400
68.4, 293.4, 400
66.15, 284.8, 400
67.60000000000001, 295.7, 400
64.05, 289.1, 400
73.75, 307.6, 400
55.95, 305.7, 400
73.14999999999999, 300.8, 400
66.10000000000001, 285.1, 400
73.14999999999999, 308.2, 400
62.75, 255.9, 400
58.650000000000006, 296.0, 400
66.45, 291.5, 400
59.45, 303.3, 400
64.60000000000001, 296.0, 400
69.7, 300.7, 400
65.60000000000001, 314.3, 400
52.849999999999994, 292.0, 400
78.75, 297.9, 400
77.6, 299.0, 400
66.45, 278.9, 400
55.2, 289.0, 400
59.3, 284.3, 400
68.60000000000001, 304.0, 400
59.75, 293.3, 400
73.14999999999999, 294.8, 400
55.45, 298.5, 400
74.75, 297.4, 400
71.6, 299.0, 400
61.0, 292.6, 400
67.75, 293.3, 400
56.349999999999994, 302.3, 400
67.95, 314.9, 400
66.55, 292.0, 400
59.5, 278.5, 400
54.19999999999999, 299.8, 400
55.05, 301.0, 400
60.25, 288.4, 400
62.3, 304.3, 400
73.05, 293.4, 400
65.7, 281.8, 400
62.400000000000006, 292.0, 400
62.05000000000001, 301.8, 400
64.05000000000001, 295.9, 400
62.25, 290.2, 400
67.4, 295.3, 400
56.3, 287.5, 400
67.4, 294.3, 400
75.8, 298.8, 400
64.10000000000001, 299.3, 400
71.60000000000001, 299.6, 400
66.05, 272.8, 400
58.19999999999999, 281.6, 400
68.60000000000001, 255.9, 400
60.400000000000006, 289.9, 400
56.849999999999994, 296.1, 400
63.75, 280.4, 400
58.3, 302.8, 400
70.6, 297.5, 400
55.2, 303.3, 400
65.6, 295.6, 400
65.45, 299.7, 400
64.15, 294.5, 400
68.05, 289.6, 400
62.400000000000006, 289.4, 400
61.95, 293.3, 400
75.75, 304.8, 400
86.0, 298.3, 400
63.599999999999994, 288.8, 400
73.05, 293.0, 400
65.60000000000001, 301.3, 400
59.0, 311.1, 400
59.05000000000001, 302.5, 400
67.4, 292.2, 400
60.349999999999994, 297.9, 400
67.75, 302.1, 400
74.7, 298.6, 400
60.75, 306.1, 400
61.349999999999994, 293.2, 400
70.14999999999999, 306.9, 400
59.85000000000001, 292.0, 400
68.5, 310.5, 400
66.9, 292.6, 400
62.85000000000001, 300.1, 400
69.75, 299.6, 400
70.05, 288.4, 400
64.4, 294.0, 400
58.95, 314.9, 400
65.45, 285.3, 400
61.5, 303.2, 400
63.75, 247.6, 400
65.60000000000001, 296.3, 400
55.650000000000006, 296.3, 400
63.5, 299.3, 400
67.95, 300.1, 400
62.0, 292.2, 400
66.60000000000001, 287.5, 400
66.80000000000001, 301.0, 400
59.75, 302.6, 400
68.95, 297.7, 400
77.6, 293.4, 400
71.85, 296.4, 400
69.60000000000001, 289.2, 400
49.8, 302.1, 400
56.95, 289.4, 400
64.85, 295.6, 400
64.75, 303.7, 400
64.55, 306.4, 400
67.60000000000001, 303.7, 400
65.10000000000001, 298.5, 400
60.150000000000006, 294.5, 400
72.95, 273.6, 400
62.05000000000001, 301.9, 400
54.95, 308.6, 400
68.14999999999999, 295.7, 400
73.45, 284.5, 400
69.7, 271.9, 400
69.45, 293.5, 400
57.3, 297.4, 400
59.0, 298.2, 400
72.8, 292.1, 400
57.7, 310.0, 400
69.14999999999999, 297.3, 400
59.0, 293.6, 400
64.75, 301.2, 400
59.45, 288.3, 400
61.05000000000001, 300.8, 400
71.55, 301.0, 400
59.3, 307.6, 400
58.19999999999999, 299.8, 400
72.75, 293.3, 400
54.8, 298.5, 400
69.60000000000001, 313.8, 400
68.0, 310.0, 400
66.75, 285.1, 400
69.7, 305.9, 400
59.45, 294.9, 400
61.05, 301.8, 400
49.2, 299.0, 400
57.5, 303.8, 400
60.599999999999994, 293.8, 400
60.45, 293.5, 400
68.55, 283.0, 400
62.650000000000006, 296.3, 400
66.4, 293.4, 400
61.05000000000001, 284.4, 400
60.3, 287.9, 400
71.14999999999999, 294.9, 400
59.400000000000006, 300.7, 400
68.55, 284.4, 400
59.5, 296.8, 400
66.45, 298.3, 400
72.4, 303.9, 400
59.05, 290.9, 400
63.400000000000006, 297.4, 400
69.14999999999999, 307.8, 400
66.45, 283.8, 400
94.0, 292.1, 400
61.400000000000006, 293.3, 400
70.95, 311.5, 400
68.0, 276.6, 400
71.80000000000001, 280.4, 400
55.650000000000006, 313.8, 400
67.80000000000001, 293.4, 400
83.0, 299.8, 400
54.95, 305.7, 400
61.95, 302.3, 400
74.05, 295.3, 400
73.80000000000001, 293.3, 400
73.14999999999999, 301.8, 400
69.45, 301.5, 400
53.8, 295.8, 400
62.150000000000006, 300.3, 400
71.45, 303.8, 400
51.8, 303.2, 400
57.349999999999994, 313.8, 400
66.85, 276.3, 400
59.95, 303.1, 400
56.7, 276.2, 400
66.75, 299.4, 400
69.7, 215.5, 400
60.599999999999994, 308.6, 400
65.7, 296.3, 400
69.75, 290.7, 400
58.95, 290.3, 400
68.65, 305.1, 400
73.14999999999999, 314.9, 400
60.19999999999999, 298.9, 400
71.8, 303.6, 400
62.0, 312.1, 400
63.85000000000001, 274.8, 400
58.599999999999994, 303.6, 400
68.85, 283.9, 400
54.849999999999994, 301.2, 400
71.45, 289.5, 400
58.3, 299.3, 400
52.7, 288.1, 400
66.60000000000001, 303.3, 400
65.05000000000001, 296.7, 400
73.45, 295.4, 400
57.5, 309.1, 400
63.75, 302.1, 400
63.45, 259.1, 400
56.45, 303.2, 400
66.14999999999999, 295.0, 400
63.349999999999994, 296.3, 400
65.95, 283.8, 400
73.6, 299.4, 400
64.60000000000001, 296.1, 400
70.45, 253.1, 400
66.55, 297.0, 400
65.05000000000001, 293.5, 400
72.85, 294.5, 400
62.85000000000001, 288.1, 400
73.14999999999999, 270.1, 400
72.7, 310.5, 400
54.5, 281.3, 400
73.55, 308.6, 400
58.349999999999994, 297.2, 400
54.19999999999999, 281.3, 400
63.0, 252.9, 400
55.05, 292.6, 400
65.95, 256.2, 400
69.80000000000001, 297.3, 400
69.45, 303.9, 400
59.05000000000001, 306.4, 400
88.0, 300.3, 400
54.64999999999999, 297.7, 400
68.60000000000001, 311.5, 400
69.05, 280.3, 400
58.75, 296.9, 400
71.45, 302.6, 400
63.5, 265.0, 400
63.75, 294.2, 400
65.85, 305.8, 400
70.14999999999999, 302.6, 400
77.75, 303.3, 400
69.5, 298.2, 400
60.75, 293.1, 400
60.45, 311.3, 400
57.3, 285.3, 400
67.60000000000001, 276.6, 400
49.8, 299.3, 400
63.45, 297.7, 400
69.45, 294.2, 400
49.7, 297.1, 400
58.75, 287.9, 400
65.0, 305.4, 400
59.400000000000006, 293.8, 400
59.3, 281.8, 400
66.10000000000001, 295.7, 400
98.0, 296.3, 400
78.8, 296.9, 400
64.9, 300.9, 400
60.85000000000001, 286.8, 400
63.05, 287.8, 400
71.05, 295.0, 400
58.3, 293.5, 400
63.45, 311.1, 400
58.3, 293.8, 400
62.45, 271.9, 400
65.7, 303.6, 400
55.05, 300.1, 400
64.75, 294.3, 400
63.95, 295.4, 400
96.0, 295.1, 400
62.19999999999999, 300.5, 400
58.7, 293.0, 400
55.5, 295.4, 400
58.2, 303.9, 400
57.2, 280.6, 400
58.900000000000006, 276.2, 400
69.5, 304.2, 400
60.45, 293.4, 400
64.60000000000001, 290.6, 400
72.5, 303.6, 400
55.2, 300.9, 400
65.95, 283.8, 400
66.55, 302.6, 400
60.3, 305.7, 400
65.55, 306.9, 400
82.0, 307.8, 400
66.85, 303.8, 400
98.0, 298.5, 400
52.849999999999994, 272.4, 400
69.7, 299.4, 400
72.14999999999999, 298.4, 400
67.75, 288.7, 400
64.9, 300.1, 400
64.4, 293.4, 400
67.55, 286.8, 400
56.3, 293.4, 400
62.75, 297.1, 400
59.05000000000001, 292.1, 400
55.64999999999999, 312.1, 400
66.85, 274.4, 400
63.25, 297.1, 400
65.95, 273.2, 400
59.3, 305.3, 400
72.7, 303.3, 400
63.650000000000006, 288.8, 400
64.60000000000001, 288.1, 400
67.45, 293.1, 400
69.60000000000001, 302.6, 400
64.7, 278.9, 400
69.14999999999999, 308.6, 400
61.5, 303.3, 400
62.3, 302.8, 400
69.14999999999999, 294.9, 400
70.60000000000001, 283.0, 400
99.0, 302.3, 400
64.4, 296.7, 400
63.400000000000006, 293.5, 400
68.95, 297.3, 400
64.4, 288.7, 400
63.400000000000006, 303.6, 400
49.8, 301.1, 400
70.60000000000001, 305.5, 400
67.6, 288.4, 400
54.5, 305.1, 400
67.60000000000001, 290.4, 400
72.55, 280.3, 400
70.7, 288.6, 400
69.8, 284.2, 400
63.60000000000001, 302.4, 400
72.45, 272.8, 400
62.05, 273.6, 400
60.900000000000006, 278.5, 400
68.10000000000001, 293.4, 400
65.25, 313.8, 400
60.5, 296.3, 400
55.3, 300.9, 400
68.45, 286.8, 400
61.75, 285.1, 400
60.5, 301.8, 400
64.05000000000001, 304.8, 400
59.349999999999994, 299.9, 400
70.6, 298.3, 400
60.95, 304.0, 400
58.5, 296.7, 400
59.05, 278.9, 400
70.60000000000001, 300.1, 400
72.80000000000001, 270.1, 400
60.0, 295.0, 400
54.45, 304.6, 400
81.0, 296.0, 400
73.7, 302.1, 400
64.55, 284.9, 400
65.85000000000001, 292.0, 400
58.349999999999994, 301.0, 400
89.0, 276.6, 400
64.85, 302.6, 400
60.3, 299.2, 400
59.400000000000006, 307.6, 400
65.7, 312.1, 400
61.05000000000001, 298.6, 400
59.3, 301.7, 400
72.60000000000001, 310.8, 400
69.8, 314.9, 400
73.55, 261.8, 400
62.45, 296.8, 400
60.5, 295.2, 400
58.3, 247.6, 400
54.45, 280.3, 400
64.7, 292.2, 400
71.8, 299.9, 400
63.19999999999999, 290.7, 400
75.7, 288.4, 400
63.25, 296.1, 400
73.75, 296.8, 400
83.0, 301.5, 400
66.95, 291.3, 400
50.849999999999994, 299.4, 400
73.60000000000001, 290.6, 400
72.75, 284.3, 400
56.5, 297.0, 400
74.05, 303.3, 400
54.64999999999999, 266.0, 400
72.10000000000001, 302.3, 400
49.8, 295.1, 400
73.6, 301.5, 400
71.85, 302.2, 400
56.75, 299.8, 400
58.45, 284.0, 400
68.45, 252.9, 400
60.0, 297.8, 400
61.45, 299.5, 400
70.80000000000001, 302.2, 400
60.5, 295.7, 400
66.45, 300.7, 400
70.7, 305.9, 400
71.10000000000001, 297.0, 400
60.900000000000006, 285.3, 400
73.05, 303.3, 400
62.95, 294.1, 400
70.60000000000001, 299.4, 400
59.85000000000001, 295.7, 400
61.5, 302.5, 400
74.8, 303.9, 400
66.7, 280.4, 400
50.8, 287.1, 400
72.10000000000001, 259.2, 400
63.900000000000006, 280.3, 400
92.0, 290.0, 400
70.45, 295.1, 400
54.64999999999999, 307.5, 400
61.25, 293.0, 400
71.85, 301.8, 400
65.95, 307.3, 400
55.05, 293.3, 400
62.400000000000006, 303.1, 400
51.7, 305.6, 400
59.45, 271.1, 400
69.80000000000001, 299.4, 400
69.60000000000001, 297.8, 400
66.7, 293.1, 400
65.85, 300.6, 400
58.3, 283.9, 400
54.3, 310.0, 400
55.650000000000006, 294.2, 400
57.5, 304.2, 400
73.95, 289.2, 400
55.75, 302.4, 400
66.9, 308.1, 400
52.7, 288.7, 400
70.7, 295.8, 400
62.95, 297.0, 400
64.55, 285.1, 400
69.8, 303.8, 400
77.75, 296.3, 400
64.75, 304.3, 400
74.8, 297.3, 400
63.5, 295.3, 400
86.0, 266.0, 400
65.80000000000001, 290.7, 400
63.05, 305.7, 400
62.650000000000006, 300.3, 400
54.3, 301.0, 400
63.95, 301.7, 400
59.95, 302.8, 400
62.45, 290.0, 400
85.0, 264.6, 400
63.95, 296.9, 400
66.14999999999999, 290.2, 400
61.3, 302.1, 400
60.650000000000006, 280.9, 400
67.45, 294.0, 400
54.95, 289.5, 400
66.85000000000001, 286.0, 400
72.60000000000001, 302.7, 400
58.75, 302.8, 400
62.75, 310.8, 400
66.60000000000001, 288.3, 400
73.80000000000001, 302.7, 400
70.80000000000001, 299.4, 400
73.75, 305.1, 400
59.3, 281.6, 400
68.14999999999999, 285.6, 400
68.60000000000001, 269.2, 400
50.849999999999994, 293.3, 400
58.19999999999999, 293.1, 400
54.75, 310.0, 400
66.85000000000001, 294.2, 400
60.650000000000006, 282.1, 400
62.45, 303.3, 400
60.3, 308.6, 400
62.0, 297.8, 400
73.5, 298.2, 400
62.599999999999994, 280.3, 400
68.7, 302.5, 400
59.25, 259.1, 400
51.7, 305.7, 400
58.19999999999999, 292.6, 400
69.60000000000001, 293.5, 400
60.45, 301.0, 400
61.0, 299.8, 400
60.75, 290.1, 400
63.0, 285.6, 400
66.7, 301.5, 400
73.60000000000001, 278.4, 400
61.45, 299.4, 400
60.95, 298.6, 400
56.3, 295.9, 400
71.6, 297.7, 400
66.95, 308.1, 400
72.5, 302.6, 400
57.650000000000006, 293.3, 400
70.4, 295.8, 400
62.75, 299.8, 400
56.45, 290.2, 400
75.7, 314.9, 400
68.0, 303.3, 400
55.0, 300.3, 400
65.60000000000001, 310.0, 400
72.6, 299.1, 400
69.55, 298.1, 400
71.85, 283.8, 400
60.45, 306.9, 400
63.7, 311.3, 400
68.95, 293.5, 400
65.45, 297.1, 400
67.75, 296.7, 400
82.0, 293.1, 400
61.400000000000006, 297.2, 400
60.0, 299.4, 400
51.849999999999994, 301.8, 400
59.0, 283.8, 400
64.4, 290.2, 400
70.60000000000001, 302.5, 400
71.5, 294.4, 400
65.60000000000001, 298.5, 400
70.10000000000001, 303.3, 400
69.5, 308.2, 400
54.3, 300.6, 400
55.849999999999994, 287.2, 400
57.5, 302.8, 400
68.7, 286.2, 400
65.05000000000001, 292.7, 400
69.60000000000001, 284.3, 400
62.5, 299.4, 400
73.5, 301.0, 400
62.75, 281.6, 400
60.0, 296.0, 400
58.85000000000001, 297.3, 400
67.85, 294.8, 400
62.25, 293.7, 400
64.4, 292.2, 400
59.75, 297.5, 400
55.8, 290.5, 400
66.55, 301.4, 400
67.4, 295.3, 400
61.45, 306.1, 400
65.45, 293.5, 400
54.95, 296.6, 400
67.10000000000001, 297.0, 400
58.3, 293.8, 400
54.7, 296.9, 400
57.64999999999999, 289.3, 400
80.0, 291.7, 400
66.45, 285.3, 400
56.5, 296.6, 400
57.45, 296.7, 400
64.60000000000001, 289.5, 400
78.7, 304.3, 400
69.60000000000001, 290.6, 400
51.7, 303.3, 400
68.7, 294.4, 400
72.7, 298.1, 400
53.7, 292.0, 400
77.75, 305.3, 400
66.4, 292.0, 400
63.650000000000006, 293.4, 400
65.45, 299.4, 400
50.64999999999999, 255.9, 400
61.650000000000006, 253.1, 400
60.349999999999994, 308.1, 400
61.900000000000006, 270.1, 400
65.55, 302.6, 400
64.9, 293.2, 400
67.95, 292.7, 400
68.4, 296.3, 400
65.9, 301.3, 400
73.6, 302.1, 400
69.6, 298.8, 400
69.95, 303.3, 400
59.0, 293.4, 400
78.8, 255.9, 400
65.85, 303.7, 400
66.60000000000001, 294.1, 400
66.55, 296.9, 400
67.10000000000001, 295.3, 400
72.05, 299.7, 400
72.05, 298.3, 400
57.64999999999999, 293.6, 400
55.75, 278.8, 400
61.45, 293.5, 400
58.599999999999994, 288.3, 400
48.849999999999994, 293.3, 400
62.0, 296.3, 400
68.4, 293.5, 400
59.0, 292.0, 400
68.45, 289.4, 400
65.7, 292.1, 400
52.2, 300.9, 400
67.85000000000001, 300.7, 400
67.45, 286.2, 400
61.650000000000006, 291.1, 400
51.849999999999994, 305.3, 400
67.45, 293.4, 400
59.650000000000006, 293.0, 400
82.0, 300.0, 400
54.95, 307.6, 400
73.95, 294.2, 400
91.0, 290.7, 400
78.6, 303.2, 400
59.650000000000006, 295.7, 400
72.85, 292.1, 400
73.55, 283.0, 400
55.19999999999999, 295.6, 400
72.14999999999999, 279.8, 400
65.55, 284.8, 400
60.400000000000006, 293.1, 400
56.05, 294.0, 400
67.75, 298.3, 400
69.8, 272.4, 400
73.55, 295.3, 400
66.85, 278.9, 400
71.6, 286.0, 400
63.150000000000006, 281.1, 400
66.55, 287.1, 400
64.85, 280.9, 400
72.75, 288.4, 400
60.05, 292.6, 400
65.80000000000001, 300.9, 400
69.10000000000001, 296.4, 400
63.45, 299.2, 400
56.3, 303.3, 400
62.400000000000006, 293.0, 400
60.5, 296.0, 400
72.60000000000001, 308.1, 400
51.64999999999999, 292.0, 400
66.14999999999999, 282.3, 400
56.5, 302.6, 400
64.85, 293.5, 400
60.150000000000006, 308.6, 400
67.15, 295.1, 400
76.8, 290.4, 400
54.64999999999999, 299.9, 400
72.6, 299.8, 400
68.75, 303.7, 400
69.55, 287.7, 400
70.55, 293.1, 400
52.2, 289.9, 400
65.95, 285.3, 400
65.45, 294.0, 400
70.14999999999999, 292.0, 400
59.349999999999994, 299.9, 400
61.45, 301.6, 400
55.95, 289.0, 400
58.75, 276.6, 400
58.75, 301.7, 400
58.95, 298.4, 400
62.05000000000001, 294.3, 400
56.349999999999994, 289.2, 400
70.80000000000001, 293.4, 400
65.7, 298.5, 400
62.900000000000006, 295.1, 400
54.75, 293.4, 400
65.60000000000001, 303.1, 400
56.8, 294.8, 400
67.95, 292.0, 400
52.7, 298.0, 400
56.64999999999999, 290.0, 400
68.14999999999999, 259.1, 400
68.45, 252.9, 400
62.650000000000006, 294.1, 400
52.849999999999994, 300.5, 400
67.45, 286.2, 400
62.0, 305.1, 400
58.64999999999999, 300.8, 400
66.60000000000001, 302.1, 400
49.849999999999994, 294.3, 400
74.05, 259.2, 400
66.95, 288.6, 400
65.55, 286.8, 400
73.45, 295.6, 400
65.60000000000001, 298.0, 400
73.60000000000001, 297.4, 400
58.0, 297.3, 400
68.45, 265.0, 400
92.0, 261.0, 400
70.45, 296.1, 400
65.55, 302.7, 400
73.6, 251.4, 400
60.900000000000006, 302.8, 400
61.0, 303.9, 400
59.95, 304.6, 400
64.75, 295.4, 400
69.55, 300.8, 400
65.45, 294.8, 400
61.75, 291.1, 400
73.45, 278.9, 400
73.75, 293.7, 400
72.60000000000001, 289.9, 400
71.55, 286.2, 400
64.0, 280.3, 400
58.3, 290.1, 400
72.7, 290.4, 400
69.8, 293.7, 400
52.2, 276.6, 400
57.7, 288.1, 400
60.5, 297.1, 400
86.0, 265.9, 400
70.05, 298.2, 400
53.8, 215.5, 400
73.14999999999999, 304.8, 400
64.14999999999999, 302.1, 400
63.95, 290.5, 400
62.650000000000006, 298.2, 400
75.7, 297.4, 400
71.45, 304.0, 400
59.05, 274.8, 400
70.75, 296.3, 400
60.19999999999999, 287.5, 400
68.95, 292.0, 400
61.0, 307.3, 400
71.60000000000001, 300.9, 400
65.95, 299.8, 400
65.75, 300.9, 400
58.599999999999994, 299.4, 400
54.3, 285.6, 400
68.55, 303.1, 400
65.05000000000001, 304.6, 400
62.0, 291.1, 400
57.5, 299.4, 400
69.5, 298.8, 400
60.5, 294.2, 400
66.85, 263.4, 400
63.45, 298.8, 400
63.849999999999994, 284.4, 400
63.60000000000001, 269.3, 400
73.10000000000001, 291.5, 400
65.10000000000001, 293.4, 400
65.05, 294.4, 400
78.6, 298.2, 400
59.45, 299.7, 400
54.19999999999999, 298.1, 400
61.3, 289.4, 400
88.0, 226.0, 400
76.6, 261.0, 400
57.3, 298.3, 400
54.650000000000006, 284.5, 400
58.8, 291.5, 400
55.45, 285.3, 400
58.3, 299.8, 400
56.7, 297.1, 400
65.5, 304.2, 400
55.95, 296.0, 400
60.05000000000001, 294.1, 400
69.75, 310.5, 400
64.0, 284.2, 400
72.95, 294.7, 400
61.650000000000006, 305.4, 400
54.19999999999999, 299.4, 400
70.10000000000001, 284.5, 400
66.25, 302.8, 400
61.400000000000006, 288.1, 400
74.6, 292.2, 400
55.95, 296.2, 400
60.349999999999994, 299.3, 400
61.3, 301.2, 400
54.5, 297.0, 400
66.65, 298.3, 400
63.45, 303.9, 400
69.8, 303.1, 400
66.4, 304.6, 400
69.7, 298.3, 400
73.75, 281.3, 400
57.95, 301.3, 400
51.8, 261.8, 400
63.95, 304.9, 400
66.14999999999999, 303.6, 400
61.45, 247.6, 400
55.45, 295.2, 400
64.60000000000001, 294.1, 400
72.14999999999999, 297.6, 400
68.85, 307.5, 400
58.8, 287.2, 400
62.75, 299.4, 400
70.80000000000001, 294.4, 400
58.75, 303.3, 400
59.400000000000006, 289.5, 400
60.45, 304.2, 400
64.4, 304.8, 400
68.15, 274.4, 400
69.60000000000001, 305.3, 400
61.75, 296.1, 400
71.14999999999999, 305.5, 400
57.8, 305.5, 400
66.60000000000001, 296.3, 400
66.14999999999999, 296.3, 400
61.650000000000006, 296.4, 400
72.7, 288.8, 400
73.95, 290.8, 400
72.5, 281.3, 400
64.75, 295.4, 400
73.05, 302.8, 400
62.650000000000006, 284.9, 400
59.400000000000006, 271.1, 400
60.0, 301.2, 400
78.7, 289.5, 400
51.64999999999999, 298.5, 400
67.80000000000001, 300.7, 400
57.849999999999994, 300.9, 400
62.349999999999994, 294.0, 400
73.4, 302.8, 400
71.4, 296.9, 400
63.19999999999999, 292.0, 400
55.95, 306.9, 400
70.45, 253.1, 400
62.95, 306.4, 400
61.85000000000001, 289.5, 400
66.60000000000001, 305.9, 400
99.0, 301.6, 400
57.3, 297.0, 400
73.10000000000001, 294.2, 400
71.75, 281.6, 400
71.14999999999999, 302.6, 400
74.75, 289.2, 400
67.14999999999999, 293.0, 400
64.75, 302.4, 400
61.45, 292.0, 400
72.55, 303.9, 400
63.3, 299.4, 400
60.400000000000006, 291.1, 400
60.349999999999994, 297.4, 400
59.95, 291.8, 400
56.64999999999999, 272.6, 400
67.85, 302.1, 400
58.0, 305.9, 400
71.5, 296.3, 400
51.64999999999999, 292.1, 400
56.2, 296.6, 400
58.599999999999994, 263.4, 400
65.0, 293.4, 400
65.60000000000001, 305.3, 400
61.95, 294.1, 400
67.14999999999999, 300.9, 400
71.4, 310.5, 400
67.45, 292.7, 400
60.150000000000006, 301.4, 400
72.5, 286.0, 400
56.5, 304.8, 400
57.3, 292.0, 400
55.5, 296.9, 400
63.3, 299.3, 400
72.45, 294.0, 400
72.6, 298.8, 400
65.6, 272.5, 400
65.6, 303.2, 400
58.5, 271.0, 400
60.5, 295.3, 400
71.95, 301.9, 400
59.45, 283.0, 400
54.19999999999999, 281.8, 400
54.95, 300.0, 400
87.0, 297.8, 400
63.60000000000001, 261.0, 400
68.45, 303.6, 400
59.95, 289.4, 400
55.8, 291.1, 400
66.6, 299.6, 400
70.60000000000001, 296.2, 400
65.10000000000001, 300.9, 400
72.14999999999999, 298.8, 400
59.150000000000006, 295.6, 400
63.3, 294.2, 400
67.15, 294.9, 400
68.14999999999999, 302.2, 400
68.85, 294.0, 400
70.5, 311.5, 400
64.7, 295.3, 400
58.75, 297.1, 400
67.14999999999999, 299.3, 400
71.7, 290.7, 400
54.7, 298.3, 400
72.60000000000001, 302.7, 400
56.7, 293.4, 400
73.45, 259.1, 400
91.0, 257.1, 400
65.55, 306.9, 400
82.0, 292.0, 400
94.0, 304.3, 400
71.75, 289.0, 400
65.45, 287.8, 400
52.2, 314.9, 400
55.95, 278.9, 400
67.45, 285.1, 400
67.85, 303.3, 400
55.19999999999999, 303.3, 400
50.8, 289.1, 400
54.95, 295.2, 400
60.05, 300.0, 400
50.849999999999994, 297.3, 400
58.45, 290.5, 400
64.85, 301.3, 400
73.5, 303.7, 400
58.75, 285.3, 400
60.3, 284.0, 400
63.45, 300.1, 400
68.75, 310.5, 400
73.14999999999999, 303.3, 400
67.6, 302.1, 400
59.5, 273.2, 400
54.5, 288.4, 400
55.849999999999994, 312.1, 400
64.95, 287.2, 400
54.8, 291.2, 400
74.75, 288.8, 400
68.7, 296.7, 400
54.8, 281.1, 400
70.60000000000001, 310.8, 400
68.45, 298.0, 400
69.05, 305.7, 400
54.7, 290.8, 400
54.8, 303.3, 400
73.60000000000001, 286.2, 400
60.400000000000006, 310.0, 400
64.95, 296.7, 400
55.95, 296.1, 400
63.0, 291.8, 400
73.7, 298.2, 400
58.3, 307.5, 400
66.45, 299.8, 400
60.19999999999999, 303.4, 400
68.60000000000001, 298.6, 400
67.14999999999999, 290.2, 400
60.650000000000006, 305.1, 400
66.15, 292.0, 400
55.7, 289.2, 400
54.45, 303.7, 400
68.15, 292.6, 400
73.60000000000001, 302.5, 400
71.60000000000001, 293.8, 400
58.349999999999994, 290.1, 400
58.95, 299.1, 400
60.5, 298.6, 400
63.05, 279.3, 400
59.0, 297.1, 400
64.14999999999999, 299.8, 400
95.0, 289.6, 400
67.65, 296.7, 400
57.75, 304.3, 400
63.95, 270.2, 400
67.05000000000001, 301.8, 400
59.75, 295.1, 400
69.45, 295.4, 400
68.0, 290.6, 400
59.45, 302.5, 400
65.85, 311.1, 400
95.0, 303.3, 400
62.95, 297.3, 400
64.95, 283.8, 400
61.5, 295.1, 400
67.15, 295.4, 400
73.7, 289.2, 400
59.5, 300.3, 400
63.95, 305.3, 400
77.75, 288.7, 400
67.45, 306.1, 400
49.8, 290.3, 400
56.8, 276.2, 400
58.5, 299.8, 400
60.5, 292.2, 400
72.45, 292.1, 400
54.19999999999999, 284.0, 400
71.60000000000001, 297.4, 400
67.25, 300.9, 400
50.8, 302.2, 400
61.400000000000006, 299.1, 400
66.25, 299.4, 400
61.95, 305.9, 400
68.4, 303.1, 400
62.650000000000006, 298.1, 400
50.64999999999999, 305.7, 400
66.65, 286.0, 400
59.45, 292.7, 400
72.45, 259.1, 400
62.150000000000006, 312.1, 400
72.6, 278.8, 400
75.75, 302.1, 400
62.0, 305.5, 400
50.849999999999994, 287.8, 400
60.05000000000001, 300.1, 400
72.7, 274.4, 400
56.45, 272.4, 400
64.4, 292.0, 400
65.4, 293.5, 400
56.349999999999994, 301.2, 400
67.10000000000001, 296.9, 400
72.75, 307.0, 400
70.80000000000001, 293.8, 400
65.45, 307.0, 400
66.95, 303.8, 400
52.7, 313.8, 400
67.85000000000001, 300.1, 400
60.400000000000006, 293.6, 400
62.75, 294.9, 400
66.80000000000001, 295.0, 400
49.2, 305.9, 400
65.4, 293.2, 400
66.4, 294.0, 400
48.849999999999994, 300.8, 400
65.25, 299.1, 400
58.3, 289.9, 400
67.85, 293.4, 400
80.0, 281.8, 400
64.95, 273.2, 400
78.75, 305.7, 400
60.3, 294.0, 400
55.0, 297.9, 400
69.75, 290.7, 400
66.05, 304.3, 400
64.95, 291.2, 400
61.95, 307.5, 400
56.3, 288.8, 400
64.75, 280.3, 400
54.8, 297.7, 400
69.60000000000001, 299.0, 400
73.5, 292.6, 400
72.8, 300.9, 400
57.650000000000006, 288.7, 400
53.64999999999999, 309.1, 400
73.7, 295.6, 400
63.650000000000006, 308.4, 400
69.6, 302.1, 400
68.60000000000001, 288.7, 400
69.60000000000001, 300.8, 400
72.55, 292.1, 400
60.75, 297.0, 400
65.25, 309.2, 400
65.45, 293.3, 400
53.7, 290.6, 400
68.15, 300.3, 400
69.85, 284.4, 400
54.349999999999994, 299.1, 400
65.6, 289.9, 400
69.60000000000001, 297.1, 400
55.2, 302.1, 400
59.85000000000001, 290.6, 400
60.45, 303.3, 400
61.400000000000006, 294.2, 400
59.0, 300.9, 400
58.85000000000001, 228.2, 400
60.900000000000006, 294.0, 400
71.10000000000001, 312.1, 400
66.85, 290.7, 400
61.85000000000001, 299.3, 400
88.0, 286.0, 400
63.400000000000006, 298.3, 400
62.25, 303.7, 400
62.95, 284.4, 400
49.7, 300.3, 400
61.0, 308.6, 400
54.0, 303.3, 400
73.05, 300.9, 400
59.05, 300.7, 400
66.60000000000001, 292.1, 400
55.2, 303.3, 400
69.7, 303.9, 400
73.6, 282.3, 400
70.60000000000001, 298.2, 400
58.3, 281.3, 400
70.75, 290.4, 400
68.15, 259.1, 400
64.7, 296.7, 400
67.55, 290.0, 400
55.8, 310.0, 400
64.55, 295.4, 400
59.45, 296.7, 400
59.0, 294.2, 400
63.75, 299.8, 400
70.95, 295.4, 400
60.150000000000006, 293.5, 400
69.85, 296.0, 400
66.10000000000001, 310.5, 400
60.900000000000006, 294.9, 400
66.60000000000001, 299.1, 400
68.45, 294.4, 400
59.5, 284.4, 400
66.95, 293.1, 400
67.05000000000001, 290.6, 400
67.7, 301.7, 400
72.10000000000001, 285.1, 400
58.85000000000001, 297.0, 400
62.349999999999994, 295.1, 400
67.5, 294.1, 400
59.45, 281.8, 400
75.75, 289.2, 400
58.75, 253.1, 400
69.55, 301.8, 400
70.10000000000001, 287.1, 400
70.5, 303.7, 400
60.95, 294.5, 400
78.7, 308.6, 400
64.45, 296.9, 400
63.45, 291.5, 400
68.4, 304.3, 400
56.5, 296.2, 400
65.55, 302.7, 400
64.0, 303.1, 400
55.2, 298.6, 400
66.60000000000001, 265.0, 400
61.0, 314.9, 400
55.849999999999994, 297.1, 400
78.75, 257.1, 400
57.8, 298.2, 400
66.05000000000001, 305.1, 400
56.3, 305.3, 400
65.4, 303.6, 400
69.8, 292.0, 400
66.60000000000001, 272.8, 400
67.7, 309.8, 400
56.05, 298.3, 400
71.75, 305.9, 400
84.0, 291.7, 400
73.60000000000001, 289.0, 400
71.5, 292.7, 400
71.55, 302.8, 400
58.349999999999994, 302.6, 400
65.15, 290.7, 400
49.7, 301.2, 400
70.55, 296.0, 400
59.0, 290.8, 400
69.45, 292.1, 400
72.8, 276.2, 400
61.5, 292.2, 400
65.0, 293.4, 400
64.45, 292.2, 400
72.45, 298.5, 400
59.95, 280.6, 400
67.55, 300.6, 400
68.95, 300.9, 400
67.5, 307.3, 400
65.7, 298.5, 400
61.150000000000006, 290.9, 400
72.7, 288.3, 400
65.85, 305.7, 400
60.400000000000006, 301.6, 400
52.7, 285.1, 400
73.45, 296.7, 400
68.55, 270.1, 400
68.4, 303.9, 400
64.60000000000001, 305.6, 400
54.8, 294.9, 400
78.6, 308.1, 400
71.45, 296.7, 400
72.14999999999999, 293.2, 400
56.7, 292.6, 400
85.0, 299.4, 400
55.64999999999999, 276.6, 400
66.7, 304.8, 400
71.80000000000001, 295.4, 400
68.55, 290.5, 400
71.75, 287.9, 400
52.64999999999999, 290.2, 400
66.9, 292.3, 400
63.3, 298.5, 400
53.7, 273.2, 400
65.25, 297.3, 400
71.7, 289.1, 400
49.2, 294.8, 400
63.0, 293.8, 400
61.5, 302.3, 400
58.85000000000001, 312.1, 400
56.64999999999999, 299.4, 400
69.7, 305.3, 400
69.4, 302.8, 400
52.7, 289.0, 400
68.10000000000001, 297.8, 400
74.7, 314.9, 400
61.05, 289.9, 400
59.400000000000006, 298.2, 400
52.2, 302.6, 400
63.45, 289.9, 400
60.25, 295.1, 400
70.7, 285.6, 400
74.75, 295.9, 400
61.95, 293.3, 400
51.849999999999994, 251.4, 400
66.6, 295.4, 400
59.75, 285.4, 400
69.10000000000001, 295.1, 400
57.3, 284.9, 400
68.45, 289.4, 400
68.5, 303.1, 400
56.349999999999994, 298.8, 400
72.10000000000001, 292.6, 400
50.64999999999999, 292.6, 400
61.75, 297.8, 400
65.7, 297.8, 400
63.45, 297.9, 400
70.14999999999999, 303.2, 400
69.85, 305.7, 400
55.5, 300.0, 400
65.45, 305.5, 400
67.4, 247.6, 400
60.0, 287.5, 400
67.9, 269.2, 400
65.14999999999999, 307.6, 400
68.85, 272.5, 400
74.7, 292.0, 400
63.400000000000006, 299.8, 400
59.45, 292.0, 400
72.5, 301.2, 400
71.45, 310.5, 400
65.85, 298.1, 400
66.45, 303.3, 400
67.55, 300.3, 400
62.95, 290.8, 400
71.60000000000001, 284.3, 400
67.0, 301.7, 400
73.55, 294.2, 400
71.80000000000001, 300.1, 400
59.5, 294.2, 400
67.6, 295.4, 400
63.75, 292.7, 400
69.55, 302.8, 400
71.60000000000001, 215.5, 400
73.5, 278.5, 400
89.0, 300.6, 400
70.75, 272.4, 400
59.75, 284.8, 400
62.45, 283.8, 400
60.19999999999999, 299.9, 400
64.45, 285.4, 400
62.75, 263.4, 400
67.05000000000001, 298.0, 400
71.60000000000001, 298.3, 400
51.8, 293.4, 400
66.7, 298.6, 400
68.25, 290.4, 400
63.85000000000001, 302.1, 400
69.60000000000001, 305.7, 400
64.4, 292.7, 400
49.849999999999994, 289.0, 400
55.2, 296.5, 400
63.650000000000006, 292.2, 400
63.150000000000006, 294.0, 400
56.45, 299.0, 400
65.85, 279.8, 400
71.14999999999999, 292.0, 400
70.55, 302.5, 400
66.05000000000001, 298.1, 400
69.14999999999999, 293.5, 400
56.05, 298.5, 400
51.2, 288.1, 400
71.75, 297.1, 400
98.0, 298.5, 400
71.55, 293.4, 400
63.0, 296.9, 400
66.60000000000001, 292.3, 400
61.400000000000006, 293.2, 400
60.05000000000001, 280.4, 400
68.05, 297.1, 400
59.3, 310.4, 400
62.0, 301.5, 400
70.60000000000001, 299.7, 400
70.7, 284.2, 400
70.45, 298.6, 400
57.95, 297.2, 400
83.0, 306.4, 400
51.8, 308.6, 400
72.60000000000001, 299.2, 400
72.60000000000001, 306.9, 400
56.7, 306.4, 400
59.349999999999994, 299.4, 400
66.60000000000001, 226.0, 400
67.75, 314.3, 400
59.349999999999994, 298.5, 400
72.60000000000001, 298.3, 400
62.400000000000006, 301.8, 400
69.55, 292.6, 400
66.60000000000001, 294.0, 400
61.400000000000006, 289.4, 400
97.0, 295.3, 400
57.849999999999994, 296.0, 400
69.10000000000001, 295.0, 400
70.85, 293.5, 400
54.2, 289.4, 400
59.0, 301.6, 400
54.8, 292.7, 400
66.85000000000001, 298.3, 400
68.25, 294.5, 400
77.8, 288.6, 400
59.5, 285.6, 400
73.95, 272.4, 400
69.55, 299.1, 400
70.14999999999999, 299.4, 400
54.650000000000006, 287.2, 400
63.400000000000006, 261.8, 400
66.4, 298.5, 400
70.55, 294.9, 400
63.3, 295.9, 400
66.7, 292.0, 400
69.7, 298.6, 400
63.95, 304.3, 400
64.85000000000001, 304.6, 400
64.14999999999999, 295.5, 400
58.95, 285.3, 400
93.0, 280.6, 400
55.8, 265.9, 400
62.0, 294.1, 400
67.60000000000001, 300.8, 400
74.05, 298.5, 400
62.19999999999999, 296.5, 400
58.8, 302.8, 400
71.7, 299.9, 400
72.85, 280.6, 400
68.60000000000001, 269.3, 400
70.85, 301.7, 400
67.14999999999999, 291.3, 400
73.4, 289.8, 400
54.3, 308.4, 400
64.60000000000001, 296.8, 400
66.14999999999999, 295.3, 400
62.45, 252.9, 400
61.650000000000006, 282.1, 400
69.45, 295.4, 400
64.6, 295.8, 400
66.60000000000001, 295.1, 400
66.4, 299.7, 400
56.3, 297.4, 400
73.80000000000001, 297.6, 400
63.75, 305.3, 400
69.55, 296.9, 400
70.14999999999999, 290.6, 400
61.349999999999994, 269.3, 400
62.5, 284.5, 400
56.3, 288.3, 400
60.75, 300.7, 400
64.60000000000001, 302.7, 400
62.0, 292.1, 400
72.60000000000001, 301.5, 400
92.0, 265.9, 400
92.0, 302.7, 400
72.85, 294.8, 400
68.45, 292.6, 400
50.849999999999994, 280.3, 400
56.05, 286.2, 400
65.55, 298.2, 400
64.10000000000001, 278.5, 400
69.14999999999999, 294.3, 400
69.6, 293.8, 400
49.7, 296.3, 400
52.64999999999999, 291.1, 400
63.5, 296.9, 400
67.14999999999999, 302.5, 400
71.14999999999999, 272.6, 400
62.0, 310.5, 400
54.5, 287.1, 400
57.5, 296.4, 400
80.0, 295.4, 400
68.95, 292.0, 400
61.95, 313.8, 400
73.6, 297.7, 400
64.4, 285.6, 400
67.14999999999999, 297.8, 400
63.3, 292.7, 400
55.75, 296.9, 400
64.95, 291.2, 400
55.05, 297.3, 400
54.95, 301.8, 400
63.60000000000001, 297.8, 400
54.0, 292.1, 400
76.6, 296.8, 400
55.5, 284.3, 400
58.5, 301.0, 400
72.14999999999999, 303.3, 400
54.650000000000006, 303.3, 400
69.55, 293.5, 400
58.05, 299.4, 400
72.45, 295.3, 400
68.45, 291.2, 400
68.4, 298.3, 400
63.60000000000001, 296.0, 400
69.45, 298.5, 400
69.60000000000001, 295.7, 400
66.45, 296.6, 400
68.60000000000001, 293.3, 400
68.60000000000001, 305.5, 400
96.0, 284.5, 400
63.05000000000001, 295.4, 400
68.60000000000001, 289.0, 400
69.85, 283.8, 400
73.60000000000001, 272.5, 400
63.95, 294.4, 400
71.14999999999999, 306.1, 400
65.15, 294.3, 400
60.75, 306.9, 400
66.7, 270.2, 400
56.650000000000006, 305.7, 400
67.45, 299.0, 400
68.55, 296.8, 400
60.95, 280.4, 400
59.3, 288.7, 400
62.95, 311.5, 400
86.0, 291.5, 400
68.95, 296.0, 400
63.900000000000006, 299.8, 400
50.849999999999994, 288.3, 400
60.75, 288.3, 400
76.6, 294.2, 400
59.75, 300.8, 400
59.400000000000006, 314.9, 400
64.14999999999999, 295.1, 400
81.0, 300.7, 400
50.64999999999999, 290.7, 400
54.75, 303.2, 400
61.05, 307.6, 400
63.95, 297.6, 400
48.849999999999994, 297.5, 400
50.8, 302.1, 400
55.2, 285.4, 400
68.25, 297.4, 400
67.55, 300.1, 400
70.55, 264.6, 400
51.849999999999994, 300.8, 400
67.7, 286.2, 400
67.45, 293.1, 400
59.3, 300.0, 400
73.8, 280.6, 400
57.64999999999999, 299.3, 400
61.900000000000006, 303.6, 400
65.85, 264.6, 400
61.400000000000006, 299.4, 400
67.60000000000001, 290.9, 400
62.3, 285.6, 400
66.4, 290.4, 400
95.0, 303.3, 400
74.75, 295.2, 400
70.14999999999999, 299.8, 400
64.4, 292.6, 400
65.05, 284.2, 400
73.8, 301.1, 400
68.4, 299.4, 400
62.150000000000006, 292.3, 400
61.5, 295.4, 400
65.25, 301.0, 400
68.4, 303.2, 400
61.0, 296.0, 400
63.0, 291.3, 400
55.75, 304.3, 400
66.75, 293.5, 400
66.85, 302.7, 400
61.349999999999994, 303.3, 400
61.05000000000001, 297.0, 400
72.6, 305.4, 400
69.75, 284.5, 400
70.45, 278.9, 400
64.75, 297.1, 400
69.55, 300.9, 400
73.75, 282.1, 400
59.0, 297.5, 400
63.45, 301.5, 400
64.80000000000001, 293.2, 400
58.3, 298.8, 400
67.85, 298.1, 400
57.7, 293.4, 400
66.7, 297.0, 400
68.55, 256.2, 400
69.45, 274.8, 400
66.65, 299.6, 400
68.0, 301.8, 400
59.75, 278.9, 400
63.05, 284.5, 400
49.849999999999994, 293.4, 400
69.7, 292.1, 400
60.400000000000006, 287.7, 400
57.7, 290.9, 400
66.6, 256.2, 400
72.05, 297.5, 400
65.9, 310.4, 400
63.5, 290.0, 400
56.05, 293.6, 400
73.75, 296.7, 400
66.45, 289.4, 400
59.45, 299.5, 400
71.7, 298.3, 400
70.75, 307.6, 400
71.5, 302.1, 400
67.05, 299.3, 400
65.60000000000001, 296.1, 400
50.64999999999999, 292.2, 400
63.60000000000001, 306.4, 400
72.7, 308.4, 400
70.60000000000001, 294.8, 400
70.60000000000001, 300.1, 400
61.95, 272.4, 400
60.3, 297.3, 400
95.0, 301.1, 400
69.6, 271.9, 400
67.55, 305.3, 400
57.64999999999999, 280.6, 400
59.95, 303.2, 400
66.9, 304.1, 400
72.60000000000001, 296.3, 400
56.2, 257.1, 400
67.85, 296.3, 400
73.4, 301.4, 400
54.349999999999994, 256.2, 400
63.45, 291.2, 400
55.05, 280.3, 400
58.45, 301.8, 400
68.10000000000001, 304.3, 400
65.0, 301.0, 400
65.60000000000001, 304.3, 400
72.85, 293.2, 400
73.75, 306.4, 400
81.0, 287.5, 400
61.95, 282.1, 400
57.650000000000006, 218.1, 400
56.75, 293.1, 400
56.3, 290.8, 400
68.75, 286.2, 400
66.6, 298.0, 400
63.75, 298.3, 400
66.60000000000001, 304.9, 400
59.650000000000006, 299.7, 400
64.45, 296.2, 400
66.85, 294.2, 400
70.7, 292.7, 400
56.5, 293.5, 400
67.4, 297.0, 400
62.45, 296.3, 400
65.6, 294.2, 400
66.60000000000001, 218.1, 400
63.400000000000006, 288.3, 400
62.150000000000006, 291.1, 400
71.7, 299.3, 400
77.6, 302.7, 400
64.85, 265.0, 400
64.60000000000001, 288.1, 400
73.8, 291.5, 400
65.45, 304.3, 400
70.55, 293.5, 400
68.7, 302.1, 400
61.95, 294.3, 400
59.95, 301.1, 400
55.64999999999999, 291.3, 400
71.7, 293.6, 400
60.95, 273.2, 400
60.650000000000006, 283.8, 400
64.55, 289.0, 400
70.6, 289.4, 400
62.05, 291.2, 400
59.95, 285.6, 400
73.4, 283.8, 400
63.45, 294.2, 400
65.05000000000001, 296.8, 400
77.6, 304.2, 400
62.5, 301.0, 400
74.05, 301.7, 400
62.650000000000006, 298.6, 400
63.95, 284.2, 400
67.85000000000001, 298.4, 400
66.4, 295.9, 400
67.4, 285.6, 400
49.8, 303.1, 400
62.599999999999994, 303.7, 400
58.650000000000006, 300.0, 400
74.6, 296.2, 400
73.85, 274.8, 400
87.0, 292.1, 400
57.95, 278.9, 400
64.45, 304.6, 400
66.60000000000001, 281.0, 400
78.8, 294.2, 400
66.65, 305.5, 400
67.45, 298.9, 400
88.0, 281.1, 400
55.5, 297.8, 400
66.45, 288.4, 400
70.75, 311.1, 400
69.8, 299.4, 400
64.10000000000001, 295.4, 400
68.05000000000001, 304.6, 400
55.349999999999994, 293.3, 400
64.14999999999999, 293.4, 400
70.80000000000001, 287.7, 400
57.3, 273.2, 400
56.45, 295.3, 400
61.25, 256.2, 400
64.45, 299.4, 400
50.7, 296.7, 400
49.849999999999994, 310.5, 400
67.10000000000001, 270.1, 400
67.45, 299.8, 400
57.5, 302.6, 400
71.6, 299.8, 400
67.60000000000001, 308.2, 400
70.60000000000001, 257.1, 400
72.8, 288.7, 400
64.60000000000001, 285.6, 400
67.75, 290.6, 400
68.75, 293.3, 400
67.45, 295.4, 400
64.7, 288.3, 400
70.85, 296.8, 400
56.3, 297.8, 400
65.14999999999999, 296.2, 400
68.7, 291.5, 400
55.95, 291.5, 400
69.55, 294.2, 400
63.400000000000006, 292.6, 400
63.95, 296.1, 400
64.4, 293.3, 400
55.05, 301.8, 400
66.75, 303.8, 400
73.10000000000001, 279.8, 400
61.95, 288.3, 400
64.60000000000001, 280.3, 400
89.0, 291.5, 400
54.7, 289.4, 400
59.349999999999994, 305.1, 400
54.5, 271.1, 400
62.05, 288.4, 400
65.4, 307.5, 400
73.5, 284.3, 400
68.5, 290.8, 400
59.3, 292.0, 400
64.55, 295.4, 400
66.75, 311.3, 400
65.0, 284.9, 400
55.64999999999999, 296.7, 400
64.85, 301.5, 400
63.85000000000001, 293.3, 400
60.0, 272.8, 400
56.5, 305.3, 400
69.60000000000001, 247.6, 400
66.15, 299.6, 400
59.3, 280.4, 400
98.0, 293.1, 400
57.19999999999999, 286.2, 400
69.60000000000001, 293.5, 400
63.3, 301.8, 400
49.8, 299.1, 400
55.849999999999994, 293.5, 400
48.849999999999994, 294.3, 400
70.75, 298.0, 400
58.900000000000006, 286.0, 400
66.85, 298.5, 400
54.0, 303.3, 400
63.150000000000006, 285.6, 400
65.85000000000001, 300.6, 400
71.60000000000001, 295.1, 400
69.14999999999999, 289.2, 400
57.95, 295.3, 400
71.5, 296.6, 400
71.80000000000001, 301.9, 400
72.14999999999999, 302.6, 400
72.85, 271.0, 400
61.0, 299.0, 400
80.0, 296.5, 400
57.05, 295.3, 400
61.95, 278.9, 400
71.75, 294.0, 400
72.75, 300.8, 400
88.0, 297.1, 400
59.0, 307.5, 400
56.3, 293.0, 400
71.55, 300.6, 400
63.400000000000006, 278.9, 400
58.5, 309.8, 400
62.05, 297.5, 400
57.650000000000006, 281.0, 400
62.3, 298.2, 400
65.65, 296.9, 400
65.85000000000001, 261.8, 400
59.85000000000001, 301.4, 400
64.95, 292.2, 400
60.3, 288.7, 400
56.19999999999999, 297.4, 400
73.7, 251.4, 400
73.60000000000001, 291.7, 400
73.95, 273.2, 400
56.8, 302.6, 400
72.4, 297.4, 400
67.85, 302.6, 400
66.65, 290.9, 400
71.60000000000001, 293.4, 400
61.5, 259.1, 400
64.25, 298.4, 400
66.25, 302.5, 400
56.19999999999999, 302.7, 400
64.45, 296.4, 400
92.0, 303.4, 400
62.349999999999994, 298.6, 400
72.5, 303.4, 400
90.0, 304.9, 400
55.5, 266.0, 400
72.55, 281.8, 400
67.85000000000001, 297.3, 400
85.0, 304.3, 400
66.45, 295.7, 400
68.85, 300.6, 400
77.6, 278.5, 400
75.75, 261.8, 400
64.80000000000001, 303.6, 400
58.599999999999994, 288.3, 400
60.3, 300.9, 400
55.75, 298.4, 400
65.60000000000001, 294.3, 400
63.45, 294.1, 400
56.3, 284.9, 400
66.85000000000001, 304.2, 400
61.75, 293.8, 400
55.849999999999994, 298.3, 400
72.85, 303.3, 400
63.599999999999994, 278.8, 400
67.5, 292.3, 400
57.349999999999994, 300.1, 400
59.599999999999994, 253.1, 400
77.75, 293.8, 400
82.0, 300.0, 400
61.3, 298.3, 400
64.05, 303.3, 400
63.05, 301.6, 400
64.85, 261.8, 400
64.0, 301.4, 400
62.25, 299.6, 400
77.7, 297.1, 400
64.75, 298.8, 400
62.150000000000006, 298.5, 400
64.7, 305.7, 400
58.0, 297.7, 400
54.0, 285.3, 400
72.14999999999999, 284.4, 400
57.95, 295.5, 400
70.14999999999999, 299.6, 400
66.60000000000001, 310.5, 400
63.05000000000001, 293.5, 400
62.45, 295.4, 400
69.85, 296.6, 400
68.60000000000001, 287.2, 400
62.75, 297.9, 400
59.45, 308.2, 400
69.5, 284.4, 400
63.19999999999999, 292.7, 400
63.25, 298.6, 400
72.55, 303.3, 400
60.45, 294.9, 400
70.75, 291.5, 400
64.85, 299.9, 400
61.19999999999999, 288.3, 400
62.19999999999999, 303.6, 400
70.55, 297.7, 400
96.0, 286.8, 400
58.3, 296.0, 400
63.650000000000006, 304.3, 400
70.10000000000001, 298.1, 400
70.8, 276.6, 400
59.45, 298.2, 400
68.4, 300.7, 400
71.7, 297.5, 400
56.5, 292.0, 400
64.45, 298.1, 400
67.95, 303.0, 400
65.60000000000001, 288.8, 400
56.8, 298.8, 400
68.95, 252.9, 400
60.0, 298.1, 400
50.2, 296.6, 400
56.19999999999999, 261.0, 400
70.85, 292.0, 400
58.3, 295.1, 400
55.95, 261.8, 400
55.3, 288.1, 400
65.9, 292.0, 400
54.0, 295.4, 400
70.7, 297.9, 400
67.4, 291.7, 400
62.75, 290.2, 400
60.0, 257.3, 400
72.05, 299.1, 400
67.4, 289.9, 400
64.95, 300.9, 400
66.60000000000001, 303.6, 400
65.60000000000001, 310.0, 400
72.6, 284.5, 400
71.7, 295.0, 400
69.75, 304.6, 400
60.650000000000006, 303.9, 400
83.0, 291.7, 400
59.75, 290.5, 400
65.7, 310.8, 400
64.4, 303.1, 400
62.95, 295.4, 400
70.85, 264.6, 400
72.80000000000001, 291.7, 400
55.3, 263.4, 400
70.10000000000001, 289.2, 400
70.75, 289.2, 400
65.95, 305.1, 400
64.55, 281.0, 400
89.0, 303.6, 400
67.14999999999999, 293.5, 400
74.8, 293.3, 400
71.10000000000001, 291.5, 400
69.55, 305.3, 400
73.60000000000001, 295.3, 400
64.5, 297.4, 400
59.45, 310.4, 400
66.55, 308.2, 400
58.5, 279.3, 400
70.8, 305.7, 400
51.2, 292.6, 400
67.45, 304.1, 400
65.4, 290.4, 400
66.80000000000001, 294.1, 400
64.10000000000001, 313.8, 400
63.3, 296.7, 400
70.14999999999999, 298.3, 400
68.7, 292.0, 400
75.6, 300.0, 400
77.8, 302.1, 400
68.14999999999999, 301.5, 400
69.60000000000001, 300.0, 400
59.95, 293.4, 400
60.45, 301.5, 400
67.05, 300.1, 400
65.85, 295.4, 400
64.0, 310.0, 400
63.75, 310.0, 400
72.75, 301.8, 400
48.849999999999994, 299.8, 400
64.10000000000001, 284.5, 400
63.0, 301.7, 400
73.55, 303.2, 400
61.95, 302.7, 400
64.4, 292.0, 400
66.4, 304.1, 400
63.3, 300.0, 400
71.10000000000001, 297.1, 400
64.14999999999999, 301.2, 400
67.80000000000001, 291.1, 400
64.85, 298.0, 400
71.6, 300.7, 400
65.05, 297.6, 400
66.4, 299.8, 400
72.80000000000001, 304.3, 400
73.95, 283.8, 400
63.0, 280.4, 400
54.849999999999994, 280.9, 400
66.9, 297.6, 400
70.4, 296.9, 400
69.60000000000001, 283.0, 400
59.05, 302.7, 400
63.349999999999994, 302.7, 400
59.5, 301.0, 400
61.0, 288.3, 400
70.55, 289.9, 400
50.849999999999994, 290.9, 400
74.7, 292.0, 400
59.25, 294.7, 400
73.14999999999999, 293.5, 400
73.7, 293.1, 400
55.5, 300.1, 400
62.95, 297.1, 400
60.25, 295.3, 400
68.4, 313.8, 400
72.4, 311.5, 400
63.400000000000006, 290.5, 400
64.45, 294.2, 400
50.8, 293.6, 400
63.45, 307.3, 400
61.85000000000001, 295.1, 400
58.349999999999994, 303.2, 400
66.45, 285.4, 400
70.4, 278.5, 400
60.5, 284.5, 400
49.849999999999994, 294.7, 400
63.3, 272.5, 400
60.95, 293.3, 400
55.0, 288.3, 400
57.2, 295.1, 400
86.0, 305.7, 400
61.05, 294.2, 400
64.05000000000001, 312.1, 400
66.95, 310.5, 400
59.5, 293.8, 400
66.0, 297.8, 400
59.5, 293.6, 400
72.60000000000001, 295.3, 400
59.650000000000006, 292.0, 400
69.60000000000001, 310.5, 400
68.14999999999999, 300.3, 400
58.5, 285.3, 400
71.5, 293.6, 400
66.60000000000001, 297.6, 400
63.75, 294.2, 400
60.900000000000006, 303.2, 400
60.95, 290.6, 400
56.849999999999994, 299.6, 400
53.7, 288.7, 400
74.7, 285.6, 400
72.85, 295.3, 400
