94.45, 225.4, 260
101.35, 248.7, 260
94.25, 258.4, 260
95.55000000000001, 241.3, 260
106.25, 255.1, 260
97.0, 246.0, 260
95.15, 251.9, 260
205.95, 244.7, 260
116.15, 256.3, 260
84.65, 233.3, 260
133.35, 240.5, 260
97.45, 249.0, 260
87.35000000000001, 244.2, 260
84.45, 248.9, 260
70.8, 225.6, 260
93.35000000000001, 258.7, 260
100.00000000000001, 245.0, 260
115.15, 246.2, 260
87.8, 242.9, 260
103.0, 258.4, 260
103.74999999999999, 249.8, 260
71.8, 247.3, 260
110.15, 255.5, 260
106.25, 238.6, 260
85.45, 241.4, 260
91.35000000000001, 254.1, 260
90.65, 241.7, 260
116.0, 251.6, 260
81.14999999999999, 267.3, 260
96.15, 254.3, 260
101.45, 210.1, 260
90.25, 216.4, 260
98.05, 249.2, 260
100.9, 246.8, 260
95.14999999999999, 260.3, 260
100.45, 238.4, 260
95.65, 241.4, 260
97.45, 244.7, 260
88.35000000000001, 249.7, 260
85.39999999999999, 250.3, 260
101.45, 219.0, 260
109.15, 248.1, 260
152.65, 247.4, 260
76.35000000000001, 263.4, 260
86.25, 226.2, 260
82.14999999999999, 254.0, 260
80.25, 243.6, 260
92.05000000000001, 250.3, 260
64.10000000000001, 236.0, 260
70.8, 248.5, 260
95.05, 247.2, 260
81.15, 256.2, 260
93.35000000000001, 246.5, 260
106.9, 246.6, 260
102.0, 260.3, 260
99.74999999999999, 241.7, 260
101.45, 234.6, 260
90.0, 255.2, 260
85.39999999999999, 260.5, 260
80.25, 267.3, 260
97.45, 250.8, 260
81.0, 254.6, 260
108.7, 248.4, 260
86.5, 257.0, 260
89.35000000000001, 245.0, 260
91.55000000000001, 253.1, 260
115.15, 247.3, 260
79.69999999999999, 242.5, 260
90.35000000000001, 242.0, 260
97.85000000000001, 251.3, 260
91.25, 252.8, 260
103.74999999999999, 250.0, 260
64.10000000000001, 243.6, 260
89.35000000000001, 246.0, 260
96.1, 252.8, 260
92.15, 243.8, 260
88.35000000000001, 236.8, 260
82.14999999999999, 241.6, 260
92.15, 241.1, 260
100.25, 244.8, 260
95.05, 252.1, 260
93.15, 255.1, 260
90.5, 257.9, 260
95.60000000000001, 181.2, 260
96.55000000000001, 256.3, 260
208.95, 234.3, 260
91.1, 251.9, 260
95.25, 250.7, 260
93.05000000000001, 256.3, 260
117.15, 244.7, 260
99.14999999999999, 256.6, 260
90.35000000000001, 256.6, 260
89.25, 237.5, 260
85.9, 245.7, 260
139.35, 253.9, 260
81.65, 233.9, 260
103.85000000000001, 229.3, 260
99.74999999999999, 242.9, 260
92.35000000000001, 248.3, 260
99.45, 255.6, 260
89.55000000000001, 241.3, 260
92.45, 238.3, 260
88.05000000000001, 253.5, 260
84.35000000000001, 225.4, 260
136.35, 231.9, 260
86.69999999999999, 262.2, 260
86.45, 246.1, 260
93.60000000000001, 226.0, 260
80.14999999999999, 246.3, 260
79.8, 255.8, 260
80.14999999999999, 257.9, 260
95.00000000000001, 179.0, 260
82.69999999999999, 241.3, 260
88.65, 247.4, 260
97.05, 222.2, 260
84.5, 212.1, 260
92.65, 248.8, 260
81.15, 251.0, 260
82.25, 246.4, 260
82.0, 240.7, 260
108.19999999999999, 243.6, 260
89.9, 244.8, 260
94.3, 247.5, 260
65.10000000000001, 266.8, 260
75.7, 248.4, 260
93.05000000000001, 247.8, 260
102.74999999999999, 247.8, 260
82.7, 251.3, 260
85.65, 245.0, 260
89.05000000000001, 233.3, 260
95.35, 246.8, 260
83.19999999999999, 263.8, 260
81.7, 244.8, 260
103.74999999999999, 250.6, 260
99.7, 247.3, 260
107.19999999999999, 266.8, 260
94.0, 248.9, 260
78.7, 254.2, 260
109.0, 253.8, 260
113.0, 263.4, 260
88.15, 233.6, 260
81.39999999999999, 243.5, 260
94.1, 181.2, 260
90.2, 258.1, 260
95.00000000000001, 260.3, 260
99.25, 249.3, 260
93.05000000000001, 242.0, 260
80.15, 231.5, 260
91.5, 233.9, 260
94.60000000000001, 245.6, 260
84.65, 171.1, 260
86.15, 252.8, 260
113.15, 249.8, 260
95.05, 266.8, 260
117.15, 255.6, 260
99.7, 251.9, 260
91.5, 261.6, 260
75.14999999999999, 231.9, 260
110.15, 247.0, 260
85.35000000000001, 242.2, 260
206.95, 250.7, 260
95.25, 240.7, 260
88.0, 246.1, 260
81.65, 229.6, 260
98.25, 261.2, 260
81.69999999999999, 256.1, 260
97.74999999999999, 223.1, 260
102.74999999999999, 250.0, 260
96.60000000000001, 252.1, 260
76.7, 248.6, 260
94.1, 256.8, 260
79.65, 246.4, 260
84.9, 237.8, 260
101.4, 245.0, 260
80.65, 258.1, 260
75.8, 252.4, 260
91.9, 249.3, 260
74.7, 249.0, 260
82.8, 218.9, 260
93.25, 251.0, 260
107.0, 243.3, 260
97.85000000000001, 246.0, 260
95.3, 250.8, 260
87.05000000000001, 248.6, 260
107.25, 251.9, 260
98.1, 250.1, 260
104.19999999999999, 245.0, 260
83.8, 256.8, 260
115.0, 248.3, 260
91.0, 204.4, 260
85.35000000000001, 263.0, 260
93.35000000000001, 262.8, 260
95.25, 250.0, 260
99.25, 255.1, 260
86.45, 250.8, 260
88.39999999999999, 239.8, 260
107.75, 209.2, 260
70.8, 244.1, 260
74.8, 248.3, 260
206.95, 206.1, 260
97.3, 247.5, 260
96.1, 250.3, 260
97.2, 236.0, 260
102.25, 253.0, 260
116.0, 251.6, 260
95.74999999999999, 252.0, 260
95.3, 242.9, 260
82.25, 248.4, 260
85.15, 258.9, 260
87.15, 240.1, 260
103.14999999999999, 243.2, 260
98.3, 239.2, 260
84.5, 245.6, 260
96.25, 251.1, 260
84.35000000000001, 236.9, 260
93.35000000000001, 256.0, 260
102.25, 254.8, 260
81.8, 226.6, 260
95.1, 224.9, 260
92.0, 257.9, 260
102.74999999999999, 249.1, 260
100.05, 245.2, 260
110.15, 241.1, 260
109.19999999999999, 250.5, 260
107.25, 248.4, 260
86.05000000000001, 244.7, 260
100.85000000000001, 251.2, 260
105.19999999999999, 237.2, 260
102.74999999999999, 205.9, 260
81.69999999999999, 247.0, 260
101.25, 242.1, 260
108.7, 249.1, 260
86.9, 253.0, 260
153.65, 251.6, 260
94.55000000000001, 256.4, 260
94.0, 233.3, 260
98.45, 205.9, 260
87.5, 243.8, 260
90.15, 254.8, 260
82.19999999999999, 251.1, 260
97.25, 251.2, 260
96.2, 258.1, 260
89.05, 250.0, 260
90.25, 231.9, 260
69.8, 259.9, 260
105.0, 249.3, 260
84.15, 250.6, 260
96.60000000000001, 249.2, 260
102.4, 246.1, 260
101.25, 247.0, 260
77.8, 250.4, 260
76.8, 229.2, 260
100.1, 251.2, 260
99.7, 242.4, 260
72.8, 246.1, 260
94.15, 247.0, 260
76.8, 225.6, 260
104.7, 247.2, 260
89.45, 252.2, 260
93.1, 254.8, 260
92.65, 251.6, 260
103.7, 257.2, 260
84.65, 249.4, 260
133.35, 253.1, 260
96.35, 259.9, 260
103.1, 227.4, 260
101.85000000000001, 231.9, 260
91.3, 253.7, 260
102.9, 253.7, 260
99.1, 263.8, 260
94.25, 249.6, 260
102.25, 223.2, 260
73.7, 249.3, 260
95.3, 216.4, 260
96.2, 254.7, 260
98.35, 254.9, 260
81.8, 236.0, 260
91.35000000000001, 251.5, 260
86.35000000000001, 255.6, 260
97.0, 214.8, 260
98.14999999999999, 234.3, 260
86.5, 255.7, 260
87.39999999999999, 252.4, 260
89.45, 256.1, 260
154.65, 255.6, 260
81.7, 250.9, 260
111.19999999999999, 233.4, 260
211.95, 242.1, 260
90.0, 231.8, 260
99.75, 232.8, 260
96.25, 255.5, 260
95.1, 240.1, 260
70.35000000000001, 246.4, 260
100.35, 252.2, 260
76.7, 256.7, 260
102.00000000000001, 229.6, 260
106.19999999999999, 250.6, 260
100.14999999999999, 249.3, 260
98.45, 254.0, 260
91.15, 246.1, 260
98.15, 248.3, 260
94.45, 241.3, 260
91.15, 219.0, 260
78.35000000000001, 251.9, 260
103.14999999999999, 241.3, 260
90.25, 242.4, 260
100.85000000000001, 247.0, 260
67.10000000000001, 253.1, 260
92.25, 252.3, 260
94.3, 261.1, 260
110.15, 253.3, 260
84.35000000000001, 247.8, 260
86.5, 212.2, 260
95.74999999999999, 214.0, 260
90.05, 240.9, 260
92.1, 227.4, 260
94.14999999999999, 257.1, 260
111.15, 249.6, 260
97.25, 246.1, 260
99.05, 241.7, 260
94.25, 255.1, 260
100.35, 249.3, 260
91.05000000000001, 240.9, 260
83.39999999999999, 251.4, 260
64.10000000000001, 257.1, 260
99.7, 248.3, 260
97.55, 246.7, 260
86.9, 249.9, 260
93.0, 249.4, 260
99.74999999999999, 245.0, 260
96.14999999999999, 255.1, 260
107.25, 246.2, 260
86.65, 240.5, 260
93.15, 244.1, 260
84.35000000000001, 249.9, 260
82.8, 244.2, 260
93.1, 244.5, 260
103.1, 253.0, 260
94.3, 238.3, 260
89.5, 247.2, 260
72.35000000000001, 251.2, 260
89.5, 257.2, 260
106.0, 248.5, 260
80.7, 245.6, 260
97.25, 265.1, 260
73.10000000000001, 251.1, 260
102.1, 257.3, 260
92.9, 252.4, 260
103.00000000000001, 251.3, 260
212.95, 223.1, 260
93.2, 253.9, 260
75.7, 245.7, 260
103.74999999999999, 247.2, 260
98.25, 252.8, 260
100.35, 248.2, 260
101.75, 243.9, 260
102.45, 249.0, 260
96.74999999999999, 248.5, 260
88.8, 260.0, 260
96.15, 252.9, 260
112.15, 247.8, 260
95.3, 257.2, 260
97.35, 217.6, 260
83.69999999999999, 257.0, 260
87.35000000000001, 231.8, 260
87.25, 245.0, 260
94.3, 247.5, 260
91.05000000000001, 254.8, 260
102.7, 242.6, 260
76.35000000000001, 244.8, 260
84.35000000000001, 249.1, 260
95.65, 254.5, 260
94.85000000000001, 247.0, 260
89.35000000000001, 245.6, 260
109.19999999999999, 260.3, 260
89.25, 239.0, 260
94.3, 258.3, 260
87.19999999999999, 253.0, 260
112.15, 254.5, 260
96.14999999999999, 247.1, 260
110.19999999999999, 252.8, 260
92.35000000000001, 224.1, 260
103.25, 249.8, 260
91.55000000000001, 246.0, 260
98.74999999999999, 253.0, 260
107.0, 258.1, 260
97.05, 250.0, 260
105.0, 218.9, 260
79.8, 200.6, 260
99.1, 249.1, 260
84.5, 240.2, 260
94.4, 245.0, 260
97.1, 253.5, 260
89.45, 236.9, 260
99.14999999999999, 248.4, 260
97.35, 249.9, 260
112.0, 225.4, 260
87.35000000000001, 264.3, 260
91.2, 249.8, 260
90.25, 168.5, 260
87.35000000000001, 243.6, 260
96.25, 248.7, 260
90.15, 223.2, 260
96.1, 248.4, 260
106.9, 248.1, 260
92.2, 245.0, 260
96.74999999999999, 246.7, 260
107.0, 232.3, 260
81.8, 254.5, 260
75.35000000000001, 243.5, 260
85.35000000000001, 256.0, 260
104.0, 249.0, 260
90.35000000000001, 239.8, 260
95.65, 255.6, 260
84.25, 251.3, 260
86.8, 243.8, 260
97.1, 251.5, 260
95.4, 244.5, 260
82.14999999999999, 255.3, 260
95.60000000000001, 248.3, 260
89.0, 250.0, 260
80.15, 256.3, 260
93.25, 243.2, 260
76.35000000000001, 254.6, 260
94.1, 252.8, 260
80.14999999999999, 245.0, 260
89.60000000000001, 243.9, 260
82.39999999999999, 237.5, 260
102.14999999999999, 242.6, 260
98.55000000000001, 254.8, 260
90.9, 249.0, 260
157.65, 242.9, 260
84.5, 251.1, 260
86.15, 250.4, 260
87.19999999999999, 260.5, 260
102.4, 244.2, 260
117.15, 242.5, 260
103.75, 217.6, 260
76.35000000000001, 250.1, 260
106.9, 255.1, 260
92.25, 245.1, 260
101.14999999999999, 247.7, 260
94.05, 252.6, 260
96.1, 245.0, 260
92.15, 256.2, 260
100.74999999999999, 251.9, 260
117.0, 242.3, 260
90.35000000000001, 248.4, 260
98.0, 249.8, 260
101.14999999999999, 254.3, 260
101.7, 252.1, 260
100.45, 259.9, 260
97.00000000000001, 243.9, 260
103.4, 241.7, 260
93.35000000000001, 246.4, 260
95.74999999999999, 250.4, 260
85.39999999999999, 247.9, 260
111.0, 250.6, 260
96.35, 255.8, 260
79.7, 243.9, 260
76.14999999999999, 251.8, 260
83.14999999999999, 245.0, 260
82.69999999999999, 251.8, 260
91.45, 261.4, 260
102.74999999999999, 242.6, 260
85.19999999999999, 248.7, 260
100.35, 246.4, 260
86.35000000000001, 250.2, 260
92.35000000000001, 256.9, 260
90.0, 227.8, 260
88.39999999999999, 259.4, 260
108.9, 247.2, 260
85.35000000000001, 248.3, 260
106.0, 256.9, 260
102.35, 212.1, 260
91.5, 242.9, 260
100.25, 247.9, 260
135.35, 254.1, 260
97.65, 231.9, 260
86.0, 246.7, 260
97.60000000000001, 181.2, 260
106.7, 250.3, 260
80.7, 246.5, 260
90.2, 251.3, 260
75.7, 249.7, 260
90.0, 253.9, 260
81.8, 254.8, 260
98.74999999999999, 255.7, 260
91.2, 258.7, 260
100.14999999999999, 227.4, 260
97.05, 252.4, 260
92.2, 257.6, 260
89.35000000000001, 250.5, 260
97.45, 200.6, 260
98.05, 252.0, 260
75.8, 257.3, 260
89.3, 244.1, 260
99.55, 248.8, 260
91.25, 257.3, 260
111.0, 237.9, 260
94.05, 277.0, 320
80.19999999999999, 292.0, 320
101.9, 277.0, 320
92.35000000000001, 292.6, 320
107.0, 270.1, 320
91.0, 283.3, 320
95.45, 281.1, 320
97.3, 275.1, 320
92.25, 273.4, 320
104.9, 270.4, 320
110.0, 258.6, 320
96.45, 287.8, 320
85.5, 266.8, 320
90.05, 278.4, 320
89.45, 278.5, 320
88.0, 284.7, 320
86.35000000000001, 286.3, 320
93.35000000000001, 269.2, 320
92.5, 273.3, 320
87.39999999999999, 279.2, 320
101.45, 287.2, 320
92.35000000000001, 276.2, 320
100.74999999999999, 277.6, 320
141.35, 293.4, 320
104.0, 263.5, 320
96.0, 281.1, 320
85.19999999999999, 278.4, 320
85.8, 265.4, 320
90.05000000000001, 257.4, 320
95.55, 278.5, 320
107.14999999999999, 280.5, 320
80.19999999999999, 288.1, 320
74.7, 275.8, 320
88.25, 288.3, 320
94.35, 288.3, 320
137.35, 273.4, 320
86.0, 211.0, 320
108.0, 278.4, 320
69.10000000000001, 278.5, 320
93.9, 277.0, 320
79.69999999999999, 282.4, 320
100.85000000000001, 256.1, 320
208.95, 286.8, 320
96.45, 283.6, 320
105.7, 276.1, 320
98.35, 278.7, 320
91.15, 284.3, 320
70.10000000000001, 288.6, 320
100.9, 293.6, 320
96.15, 287.1, 320
90.5, 275.0, 320
98.05, 287.2, 320
87.45, 278.4, 320
105.25, 273.8, 320
93.9, 290.7, 320
92.5, 266.1, 320
86.35000000000001, 271.8, 320
88.9, 279.4, 320
85.39999999999999, 276.8, 320
92.35000000000001, 280.3, 320
90.0, 289.0, 320
100.25, 285.8, 320
89.35000000000001, 276.3, 320
87.35000000000001, 269.5, 320
97.25, 275.6, 320
80.19999999999999, 275.3, 320
98.45, 283.9, 320
91.5, 261.6, 320
114.0, 294.8, 320
93.9, 276.3, 320
95.74999999999999, 274.0, 320
105.7, 281.7, 320
91.15, 282.8, 320
83.8, 278.2, 320
103.1, 281.7, 320
96.55000000000001, 274.2, 320
77.35000000000001, 288.3, 320
104.0, 280.0, 320
89.35000000000001, 284.8, 320
86.0, 278.5, 320
99.45, 281.6, 320
87.5, 279.4, 320
94.05, 287.6, 320
91.35000000000001, 274.9, 320
89.9, 285.1, 320
92.3, 289.3, 320
94.45, 282.7, 320
84.65, 289.8, 320
92.9, 265.9, 320
111.15, 296.5, 320
66.10000000000001, 277.0, 320
95.05, 284.0, 320
68.8, 279.0, 320
85.35000000000001, 282.3, 320
97.05, 274.3, 320
90.15, 281.9, 320
85.45, 281.7, 320
95.35, 282.8, 320
92.25, 281.7, 320
92.05, 285.3, 320
87.9, 277.0, 320
96.45, 288.8, 320
78.85, 287.7, 320
80.14999999999999, 278.0, 320
62.349999999999994, 281.7, 320
81.55, 258.2, 320
88.0, 292.8, 320
83.45, 283.8, 320
84.85, 279.2, 320
89.0, 287.6, 320
81.45, 281.3, 320
83.60000000000001, 290.3, 320
74.7, 232.6, 320
73.5, 278.3, 320
78.55, 296.5, 320
69.25, 273.0, 320
71.75, 284.4, 320
84.0, 287.8, 320
81.1, 238.1, 320
81.35, 278.2, 320
75.8, 289.3, 320
77.39999999999999, 275.8, 320
78.39999999999999, 276.7, 320
76.14999999999999, 277.0, 320
74.75, 293.2, 320
76.55, 287.8, 320
74.75, 283.0, 320
80.8, 281.4, 320
80.44999999999999, 246.8, 320
79.94999999999999, 287.1, 320
74.64999999999999, 279.5, 320
80.85, 286.0, 320
93.3, 276.5, 320
56.349999999999994, 289.3, 320
69.85000000000001, 289.0, 320
71.15, 274.4, 320
76.14999999999999, 287.8, 320
76.8, 282.3, 320
76.85000000000001, 282.7, 320
75.39999999999999, 293.2, 320
69.25, 289.0, 320
84.85, 281.2, 320
70.25, 281.4, 320
89.0, 261.6, 320
79.85, 288.6, 320
79.25, 276.8, 320
98.0, 278.2, 320
87.15, 274.8, 320
70.95, 275.8, 320
81.35, 287.6, 320
70.0, 289.3, 320
90.75, 282.1, 320
72.25, 288.2, 320
77.85000000000001, 274.0, 320
74.25, 279.2, 320
73.9, 288.6, 320
76.75, 280.3, 320
72.55, 254.3, 320
81.0, 264.3, 320
69.85000000000001, 273.3, 320
83.85, 265.4, 320
87.85, 280.3, 320
86.4, 281.7, 320
76.39999999999999, 271.2, 320
75.25, 287.2, 320
75.8, 280.4, 320
70.05, 290.3, 320
86.85, 289.3, 320
70.8, 286.8, 320
71.05, 287.8, 320
84.75, 282.2, 320
78.45, 275.7, 320
76.14999999999999, 263.5, 320
71.95, 283.3, 320
86.85, 298.8, 320
74.35, 287.8, 320
69.25, 287.8, 320
76.85000000000001, 280.4, 320
80.9, 282.1, 320
81.45, 278.6, 320
77.55, 290.3, 320
77.45, 277.6, 320
71.95, 279.9, 320
81.25, 288.3, 320
85.0, 272.2, 320
82.35, 287.8, 320
87.85, 272.9, 320
86.35, 280.4, 320
87.15, 288.2, 320
89.15, 292.3, 320
74.15, 292.3, 320
78.25, 251.0, 320
87.4, 291.1, 320
93.3, 256.0, 320
75.15, 287.3, 320
82.19999999999999, 282.1, 320
74.85, 284.8, 320
74.5, 282.8, 320
76.85000000000001, 283.9, 320
79.05, 292.6, 320
79.69999999999999, 254.3, 320
77.45, 276.2, 320
85.15, 286.6, 320
83.19999999999999, 280.6, 320
80.85, 285.0, 320
77.7, 271.8, 320
92.5, 281.9, 320
81.75, 276.7, 320
67.5, 280.8, 320
69.75, 274.8, 320
74.45, 295.5, 320
72.85000000000001, 273.7, 320
88.85, 273.4, 320
75.39999999999999, 286.5, 320
74.5, 203.1, 320
65.05, 268.0, 320
86.3, 290.3, 320
78.55, 277.7, 320
76.5, 290.1, 320
71.45, 277.1, 320
79.9, 272.8, 320
74.55, 281.3, 320
69.85000000000001, 272.5, 320
83.85, 284.4, 320
60.349999999999994, 288.6, 320
79.85, 290.4, 320
79.05, 283.5, 320
79.75, 288.3, 320
83.19999999999999, 292.8, 320
77.05, 279.1, 320
88.4, 273.3, 320
81.19999999999999, 264.3, 320
82.64999999999999, 242.3, 320
77.39999999999999, 287.1, 320
71.0, 280.6, 320
81.9, 297.1, 320
83.85, 281.1, 320
82.15, 287.4, 320
64.1, 278.5, 320
84.85, 286.8, 320
89.15, 286.8, 320
91.3, 261.3, 320
76.39999999999999, 297.1, 320
65.95, 282.1, 320
76.25, 277.1, 320
82.85, 280.7, 320
73.8, 282.0, 320
83.0, 281.3, 320
72.85000000000001, 288.3, 320
81.14999999999999, 286.8, 320
80.19999999999999, 281.1, 320
69.85000000000001, 266.6, 320
88.19999999999999, 285.6, 320
83.69999999999999, 263.4, 320
78.45, 280.4, 320
83.85, 274.4, 320
90.4, 283.3, 320
75.35, 279.7, 320
71.85000000000001, 287.7, 320
87.5, 287.2, 320
81.35, 294.1, 320
70.15, 289.3, 320
84.4, 285.9, 320
83.75, 281.7, 320
79.35, 274.8, 320
90.4, 258.0, 320
87.0, 275.6, 320
79.69999999999999, 278.0, 320
81.45, 282.6, 320
75.8, 283.3, 320
87.15, 286.0, 320
76.35, 295.4, 320
70.95, 278.8, 320
68.2, 276.7, 320
59.349999999999994, 255.1, 320
72.8, 288.8, 320
80.15, 266.0, 320
58.349999999999994, 289.6, 320
83.0, 287.6, 320
75.64999999999999, 256.1, 320
74.95, 277.2, 320
79.94999999999999, 287.2, 320
86.19999999999999, 277.0, 320
77.05, 279.2, 320
72.95, 287.7, 320
89.0, 284.3, 320
69.5, 275.9, 320
72.55, 295.4, 320
93.0, 292.6, 320
72.55, 263.5, 320
74.64999999999999, 279.8, 320
71.55, 289.2, 320
78.8, 284.5, 320
88.85, 272.1, 320
90.75, 270.3, 320
84.15, 270.1, 320
75.94999999999999, 295.0, 320
81.45, 265.4, 320
90.3, 282.0, 320
75.85, 277.0, 320
76.25, 279.2, 320
93.0, 277.0, 320
75.9, 290.7, 320
88.85, 282.8, 320
75.5, 275.5, 320
65.0, 280.3, 320
75.44999999999999, 280.7, 320
83.05, 267.3, 320
65.5, 280.4, 320
77.45, 278.5, 320
78.45, 271.2, 320
81.0, 286.5, 320
63.349999999999994, 283.5, 320
78.39999999999999, 281.7, 320
77.35, 238.1, 320
72.55, 289.0, 320
75.14999999999999, 277.0, 320
71.0, 242.1, 320
85.35, 284.3, 320
71.55, 281.7, 320
74.25, 274.2, 320
80.35, 288.7, 320
80.9, 287.2, 320
74.1, 257.4, 320
86.19999999999999, 285.3, 320
69.4, 278.4, 320
129.60000000000002, 269.4, 320
78.85000000000001, 289.2, 320
83.60000000000001, 282.4, 320
76.55, 278.6, 320
71.75, 264.3, 320
87.85, 284.8, 320
74.75, 286.2, 320
63.099999999999994, 288.3, 320
85.3, 292.6, 320
65.95, 290.4, 320
82.35, 279.2, 320
72.55, 294.1, 320
65.95, 242.1, 320
77.55, 270.1, 320
81.75, 285.1, 320
90.4, 280.7, 320
78.14999999999999, 280.8, 320
84.0, 272.7, 320
74.39999999999999, 290.9, 320
72.85000000000001, 273.7, 320
77.45, 284.8, 320
77.60000000000001, 279.7, 320
73.85000000000001, 293.4, 320
76.45, 282.8, 320
75.8, 286.8, 320
78.25, 286.6, 320
71.05, 280.4, 320
78.1, 280.3, 320
78.45, 280.4, 320
86.69999999999999, 284.3, 320
78.85, 291.9, 320
84.0, 286.0, 320
129.60000000000002, 280.8, 320
87.0, 274.0, 320
76.25, 290.7, 320
77.85000000000001, 274.2, 320
77.94999999999999, 250.0, 320
75.39999999999999, 263.4, 320
76.25, 277.0, 320
79.14999999999999, 278.5, 320
86.3, 200.5, 320
80.25, 287.8, 320
75.55, 274.1, 320
72.55, 287.1, 320
78.15, 277.6, 320
80.69999999999999, 285.3, 320
74.05, 271.0, 320
72.8, 283.9, 320
84.69999999999999, 282.8, 320
87.75, 279.9, 320
76.1, 277.2, 320
82.7, 288.6, 320
73.7, 278.4, 320
82.60000000000001, 295.5, 320
82.05, 280.3, 320
72.4, 285.7, 320
76.25, 268.9, 320
74.8, 287.7, 320
81.9, 275.8, 320
83.0, 286.5, 320
54.349999999999994, 288.1, 320
73.15, 250.0, 320
80.35, 287.6, 320
86.85, 287.2, 320
66.5, 277.1, 320
72.4, 286.7, 320
74.14999999999999, 276.5, 320
86.69999999999999, 284.7, 320
80.55, 286.2, 320
72.5, 275.6, 320
77.55, 259.4, 320
82.85, 281.9, 320
74.9, 282.1, 320
88.75, 286.7, 320
79.60000000000001, 288.1, 320
77.25, 295.5, 320
84.4, 266.8, 320
69.39999999999999, 283.3, 320
70.25, 284.9, 320
75.60000000000001, 272.7, 320
76.55, 280.3, 320
81.60000000000001, 281.5, 320
69.25, 295.5, 320
76.39999999999999, 278.6, 320
83.69999999999999, 236.4, 320
74.85, 282.3, 320
76.75, 263.4, 320
79.14999999999999, 290.7, 320
85.75, 282.3, 320
73.7, 282.8, 320
81.19999999999999, 279.2, 320
75.55, 266.3, 320
92.3, 279.3, 320
83.85, 284.4, 320
88.0, 285.7, 320
88.85, 271.0, 320
76.8, 268.9, 320
68.4, 285.3, 320
80.85, 274.2, 320
83.60000000000001, 277.0, 320
81.9, 281.8, 320
73.75, 281.0, 320
77.35, 278.4, 320
69.95, 274.3, 320
98.0, 281.7, 320
84.15, 280.6, 320
76.25, 265.9, 320
83.85, 287.1, 320
79.75, 287.8, 320
82.60000000000001, 242.1, 320
72.75, 289.0, 320
81.8, 283.4, 320
69.8, 284.6, 320
66.95, 283.2, 320
87.85, 288.1, 320
70.95, 288.4, 320
128.60000000000002, 275.1, 320
84.4, 288.1, 320
81.19999999999999, 278.4, 320
87.4, 279.5, 320
72.5, 278.0, 320
77.1, 288.1, 320
80.9, 280.1, 320
75.25, 268.8, 320
75.39999999999999, 287.8, 320
72.25, 287.8, 320
77.60000000000001, 275.6, 320
81.44999999999999, 286.4, 320
77.39999999999999, 291.9, 320
71.05, 287.1, 320
69.85000000000001, 285.9, 320
81.35, 277.1, 320
128.60000000000002, 288.6, 320
76.94999999999999, 287.1, 320
86.85, 280.3, 320
90.5, 275.7, 320
83.35, 263.9, 320
76.25, 282.2, 320
79.1, 283.9, 320
66.95, 274.6, 320
74.55, 242.1, 320
79.8, 280.3, 320
83.75, 283.3, 320
75.35, 287.8, 320
87.5, 283.3, 320
70.15, 284.9, 320
130.60000000000002, 263.9, 320
74.8, 270.3, 320
86.85, 277.0, 320
78.8, 279.8, 320
80.85, 282.1, 320
86.69999999999999, 290.1, 320
84.45, 277.1, 320
69.8, 290.7, 320
82.69999999999999, 278.5, 320
69.8, 285.3, 320
79.1, 276.1, 320
73.5, 281.3, 320
55.349999999999994, 286.0, 320
127.60000000000002, 274.1, 320
81.14999999999999, 278.8, 320
82.45, 290.8, 320
83.35, 288.1, 320
79.19999999999999, 290.7, 320
76.64999999999999, 281.8, 320
83.35, 285.3, 320
77.1, 261.6, 320
77.85000000000001, 269.9, 320
82.85, 282.0, 320
76.55, 280.4, 320
78.55, 281.2, 320
87.85, 286.8, 320
69.15, 290.8, 320
80.85, 290.7, 320
73.39999999999999, 278.6, 320
91.0, 287.4, 320
70.5, 263.9, 320
75.7, 266.8, 320
68.0, 280.4, 320
83.05, 278.2, 320
70.39999999999999, 277.0, 320
80.1, 284.4, 320
81.60000000000001, 273.1, 320
85.15, 272.1, 320
95.0, 256.1, 320
69.39999999999999, 270.3, 320
70.05, 281.9, 320
80.60000000000001, 283.3, 320
76.85000000000001, 292.8, 320
73.8, 258.2, 320
82.19999999999999, 290.6, 320
75.85000000000001, 248.4, 320
79.9, 285.9, 320
71.15, 289.8, 320
88.75, 288.3, 320
77.39999999999999, 283.1, 320
77.75, 280.4, 320
89.75, 290.1, 320
77.15, 287.4, 320
90.0, 272.5, 320
76.75, 275.7, 320
67.1, 283.5, 320
88.69999999999999, 278.0, 320
71.55, 282.0, 320
73.7, 255.1, 320
75.39999999999999, 292.8, 320
75.7, 286.5, 320
86.35, 263.5, 320
89.0, 261.6, 320
70.25, 299.3, 320
82.19999999999999, 273.1, 320
74.55, 281.8, 320
67.2, 288.9, 320
76.7, 274.2, 320
60.349999999999994, 288.3, 320
76.85, 288.3, 320
74.39999999999999, 259.4, 320
74.39999999999999, 273.3, 320
71.85000000000001, 271.8, 320
71.15, 284.3, 320
83.45, 280.9, 320
82.14999999999999, 281.3, 320
91.3, 282.8, 320
91.3, 279.9, 320
79.60000000000001, 279.5, 320
83.85, 277.0, 320
75.35, 284.9, 320
81.9, 279.3, 320
74.15, 265.3, 320
78.39999999999999, 278.3, 320
58.349999999999994, 278.3, 320
92.5, 278.1, 320
88.85, 287.3, 320
74.39999999999999, 274.1, 320
78.15, 286.6, 320
67.75, 288.0, 320
74.25, 284.3, 320
69.55, 261.6, 320
82.05, 295.4, 320
79.1, 273.0, 320
78.8, 282.0, 320
75.5, 289.1, 320
78.15, 274.4, 320
90.3, 285.9, 320
78.5, 278.4, 320
69.95, 284.4, 320
79.55, 281.6, 320
69.5, 281.4, 320
65.0, 211.0, 320
79.7, 266.3, 320
64.1, 277.1, 320
86.75, 290.3, 320
73.5, 285.9, 320
86.5, 289.0, 320
67.4, 283.3, 320
75.35, 279.9, 320
75.55, 265.6, 320
88.75, 290.7, 320
68.1, 281.1, 320
71.15, 283.5, 320
79.69999999999999, 275.2, 320
84.85, 280.3, 320
87.35, 288.7, 320
69.85000000000001, 286.5, 320
92.3, 270.4, 320
73.15, 278.0, 320
74.39999999999999, 286.8, 320
71.55, 266.3, 320
69.95, 282.7, 320
81.9, 286.8, 320
92.4, 286.8, 320
77.39999999999999, 289.8, 320
88.85, 288.3, 320
76.64999999999999, 289.2, 320
73.95, 261.3, 320
84.15, 276.5, 320
90.3, 283.1, 320
81.69999999999999, 286.8, 320
78.05, 258.6, 320
86.3, 288.6, 320
79.35, 289.1, 320
82.75, 271.2, 320
74.55, 279.0, 320
70.5, 275.4, 320
84.0, 282.7, 320
85.4, 279.2, 320
88.5, 293.6, 320
84.75, 283.5, 320
87.19999999999999, 277.0, 320
77.85, 282.4, 320
87.45, 273.3, 320
80.85, 277.1, 320
73.15, 281.9, 320
88.85, 278.4, 320
81.05, 275.5, 320
80.85, 279.7, 320
79.35, 283.6, 320
87.3, 290.1, 320
70.5, 280.7, 320
88.75, 282.9, 320
81.05, 275.7, 320
69.0, 287.3, 320
78.39999999999999, 213.2, 320
66.2, 254.3, 320
76.25, 284.8, 320
73.8, 286.0, 320
122.60000000000002, 256.9, 320
72.15, 270.4, 320
71.75, 282.8, 320
66.0, 251.0, 320
80.8, 281.3, 320
74.94999999999999, 290.9, 320
67.5, 285.3, 320
73.15, 290.1, 320
78.94999999999999, 280.1, 320
87.5, 276.1, 320
81.44999999999999, 280.7, 320
86.19999999999999, 282.7, 320
83.35, 271.2, 320
69.5, 278.1, 320
74.5, 290.1, 320
76.5, 279.1, 320
83.25, 279.0, 320
77.14999999999999, 278.2, 320
72.2, 280.4, 320
80.35, 289.8, 320
76.25, 277.0, 320
95.0, 275.7, 320
88.3, 284.4, 320
78.8, 280.7, 320
83.35, 288.3, 320
63.099999999999994, 282.0, 320
69.05, 292.3, 320
62.099999999999994, 263.5, 320
65.5, 275.5, 320
75.75, 266.8, 320
86.75, 261.3, 320
71.8, 284.9, 320
73.39999999999999, 270.1, 320
65.95, 281.3, 320
84.35, 282.6, 320
75.25, 287.2, 320
84.3, 270.1, 320
82.64999999999999, 282.1, 320
86.85, 285.0, 320
67.4, 278.3, 320
69.85000000000001, 274.2, 320
73.85000000000001, 289.3, 320
81.1, 292.0, 320
83.14999999999999, 261.2, 320
81.14999999999999, 278.5, 320
64.5, 276.5, 320
81.75, 286.8, 320
77.85, 280.9, 320
81.14999999999999, 270.1, 320
72.8, 292.0, 320
69.95, 266.6, 320
74.35, 282.0, 320
80.05, 283.6, 320
77.55, 282.6, 320
88.4, 266.0, 320
93.75, 290.7, 320
75.15, 257.5, 320
76.5, 293.2, 320
79.69999999999999, 282.9, 320
85.0, 270.4, 320
82.64999999999999, 278.5, 320
69.75, 281.4, 320
66.95, 269.4, 320
88.4, 271.2, 320
71.15, 282.0, 320
81.19999999999999, 285.0, 320
74.7, 279.4, 320
72.39999999999999, 273.8, 320
62.349999999999994, 278.3, 320
85.0, 274.5, 320
70.75, 289.2, 320
74.8, 285.9, 320
83.85, 277.0, 320
83.15, 276.2, 320
88.69999999999999, 236.4, 320
79.64999999999999, 246.0, 320
74.14999999999999, 278.3, 320
77.25, 288.3, 320
80.69999999999999, 282.2, 320
77.9, 290.9, 320
72.4, 283.4, 320
62.099999999999994, 200.5, 320
74.05, 289.3, 320
76.55, 254.2, 320
77.85, 278.1, 320
76.60000000000001, 269.5, 320
72.25, 276.7, 320
69.25, 275.7, 320
81.25, 274.6, 320
79.94999999999999, 286.3, 320
90.4, 272.9, 320
83.25, 278.7, 320
69.39999999999999, 265.9, 320
73.75, 287.7, 320
84.19999999999999, 284.5, 320
75.55, 283.1, 320
70.5, 282.3, 320
69.45, 285.1, 320
77.25, 287.7, 320
79.1, 280.4, 320
90.5, 269.4, 320
76.14999999999999, 281.0, 320
83.14999999999999, 269.8, 320
76.94999999999999, 288.7, 320
74.15, 278.6, 320
69.95, 276.5, 320
75.85000000000001, 293.2, 320
87.0, 287.6, 320
69.25, 277.6, 320
78.9, 275.7, 320
81.25, 281.8, 320
60.099999999999994, 249.6, 320
80.15, 277.1, 320
81.05, 258.6, 320
80.7, 269.9, 320
64.5, 281.8, 320
79.85, 272.5, 320
82.9, 285.9, 320
75.45, 275.8, 320
82.05, 287.8, 320
76.5, 275.6, 320
75.35, 277.0, 320
78.85000000000001, 275.0, 320
74.95, 278.3, 320
75.44999999999999, 213.2, 320
70.25, 282.6, 320
81.35, 285.6, 320
61.349999999999994, 288.3, 320
83.75, 279.2, 320
83.1, 286.7, 320
76.14999999999999, 284.0, 320
96.0, 285.1, 320
73.5, 288.1, 320
73.85000000000001, 282.9, 320
75.5, 284.9, 320
85.75, 278.4, 320
122.60000000000002, 285.9, 320
75.15, 286.9, 320
70.75, 283.1, 320
88.75, 285.0, 320
76.44999999999999, 249.6, 320
58.349999999999994, 286.8, 320
75.45, 280.0, 320
75.35, 258.6, 320
64.1, 291.1, 320
66.95, 293.4, 320
81.60000000000001, 278.4, 320
90.75, 288.1, 320
85.3, 250.9, 320
89.4, 282.9, 320
74.39999999999999, 281.7, 320
89.4, 279.9, 320
80.35, 258.0, 320
71.85000000000001, 280.1, 320
70.85000000000001, 281.4, 320
81.75, 258.0, 320
69.39999999999999, 282.8, 320
68.4, 279.0, 320
77.05, 288.3, 320
77.45, 281.5, 320
82.14999999999999, 285.7, 320
86.75, 278.4, 320
74.45, 275.7, 320
72.0, 257.6, 320
77.8, 270.1, 320
94.0, 278.0, 320
82.8, 270.3, 320
69.5, 283.5, 320
61.099999999999994, 278.5, 320
74.85000000000001, 263.4, 320
74.1, 280.4, 320
77.15, 288.8, 320
75.55, 276.8, 320
73.45, 274.9, 320
76.1, 256.0, 320
75.60000000000001, 277.0, 320
75.55, 281.1, 320
78.64999999999999, 279.2, 320
77.05, 294.2, 320
81.69999999999999, 283.6, 320
73.44999999999999, 288.7, 320
74.55, 271.8, 320
69.45, 287.1, 320
67.1, 280.1, 320
78.35, 290.4, 320
77.8, 278.4, 320
76.9, 259.8, 320
73.5, 285.9, 320
79.1, 285.1, 320
70.75, 266.8, 320
88.75, 284.0, 320
90.75, 289.6, 320
74.85000000000001, 278.8, 320
87.69999999999999, 279.0, 320
78.05, 280.4, 320
71.5, 277.0, 320
75.14999999999999, 277.0, 320
80.94999999999999, 282.0, 320
78.55, 277.0, 320
85.5, 266.3, 320
91.3, 285.0, 320
82.44999999999999, 282.3, 320
83.45, 277.0, 320
72.8, 293.2, 320
73.8, 269.8, 320
83.15, 278.6, 320
73.05, 284.4, 320
68.95, 285.1, 320
85.4, 279.4, 320
75.75, 268.8, 320
71.25, 288.3, 320
77.55, 277.0, 320
70.55, 269.3, 320
81.9, 273.6, 320
80.35, 265.3, 320
122.60000000000002, 286.2, 320
83.75, 280.4, 320
77.64999999999999, 273.3, 320
70.39999999999999, 281.0, 320
81.69999999999999, 287.6, 320
82.35, 287.7, 320
64.5, 284.4, 320
82.85, 280.2, 320
76.55, 290.9, 320
74.60000000000001, 289.6, 320
80.9, 285.0, 320
76.14999999999999, 282.3, 320
92.4, 287.6, 320
69.39999999999999, 288.1, 320
86.3, 200.5, 320
62.099999999999994, 290.8, 320
82.60000000000001, 289.0, 320
74.05, 275.9, 320
79.85, 296.3, 320
78.25, 282.6, 320
82.85, 287.6, 320
80.45, 289.0, 320
83.69999999999999, 281.3, 320
82.0, 274.5, 320
76.85000000000001, 273.3, 320
81.94999999999999, 272.2, 320
77.05, 284.2, 320
64.0, 289.1, 320
75.45, 278.8, 320
81.7, 285.3, 320
89.3, 278.6, 320
78.85000000000001, 287.6, 320
87.75, 289.8, 320
66.1, 278.4, 320
76.45, 280.3, 320
74.44999999999999, 293.4, 320
74.45, 277.7, 320
81.14999999999999, 273.6, 320
88.4, 287.2, 320
86.19999999999999, 281.8, 320
77.39999999999999, 275.8, 320
81.75, 274.5, 320
76.8, 284.8, 320
70.0, 280.4, 320
82.44999999999999, 288.9, 320
66.95, 281.2, 320
78.44999999999999, 280.6, 320
89.0, 279.0, 320
74.39999999999999, 273.6, 320
88.85, 261.3, 320
69.5, 292.6, 320
72.55, 277.0, 320
73.5, 273.4, 320
86.5, 236.4, 320
81.25, 281.0, 320
78.9, 287.7, 320
86.15, 280.4, 320
83.75, 283.5, 320
70.55, 283.3, 320
83.85, 277.0, 320
59.349999999999994, 246.0, 320
69.85000000000001, 274.9, 320
74.55, 272.2, 320
79.1, 277.6, 320
78.85, 294.8, 320
89.0, 288.9, 320
74.95, 286.0, 320
86.85, 281.3, 320
80.45, 285.3, 320
91.0, 278.4, 320
82.85, 278.5, 320
73.85000000000001, 273.7, 320
123.60000000000002, 270.1, 320
83.4, 291.9, 320
85.0, 288.2, 320
89.15, 278.6, 320
69.85000000000001, 283.0, 320
84.85, 293.4, 320
78.85000000000001, 286.0, 320
82.9, 286.0, 320
76.55, 263.4, 320
71.45, 272.7, 320
82.05, 283.6, 320
79.75, 283.6, 320
56.349999999999994, 277.1, 320
64.1, 280.9, 320
78.15, 289.3, 320
74.25, 275.3, 320
68.05, 275.7, 320
73.9, 289.0, 320
88.85, 273.1, 320
73.8, 279.7, 320
86.69999999999999, 278.2, 320
78.85000000000001, 258.0, 320
78.35, 287.7, 320
75.94999999999999, 287.7, 320
86.35, 291.4, 320
76.94999999999999, 277.0, 320
79.45, 285.1, 320
88.19999999999999, 283.3, 320
69.4, 281.1, 320
79.44999999999999, 265.9, 320
83.85, 290.4, 320
70.75, 259.4, 320
78.25, 269.8, 320
71.39999999999999, 263.9, 320
70.75, 278.5, 320
70.8, 288.9, 320
69.85000000000001, 281.3, 320
86.0, 288.2, 320
84.85, 279.8, 320
74.95, 288.3, 320
77.25, 274.3, 320
76.35, 269.2, 320
77.25, 278.3, 320
82.0, 285.9, 320
80.35, 278.5, 320
75.85000000000001, 277.1, 320
85.45, 256.1, 320
86.5, 276.5, 320
78.25, 286.6, 320
88.0, 240.9, 320
79.9, 280.9, 320
84.85, 288.8, 320
67.05, 283.1, 320
77.35, 288.3, 320
76.85000000000001, 276.5, 320
76.35, 289.2, 320
79.44999999999999, 288.7, 320
83.25, 280.3, 320
78.8, 275.7, 320
76.14999999999999, 280.1, 320
69.4, 286.0, 320
73.5, 284.8, 320
78.44999999999999, 278.5, 320
88.19999999999999, 282.7, 320
90.5, 284.6, 320
75.39999999999999, 290.9, 320
78.75, 280.3, 320
79.15, 287.6, 320
78.8, 284.4, 320
79.75, 272.5, 320
85.85, 282.4, 320
76.60000000000001, 276.2, 320
77.14999999999999, 284.6, 320
87.0, 291.1, 320
76.8, 284.8, 320
78.39999999999999, 286.2, 320
74.05, 263.9, 320
88.0, 254.3, 320
83.85, 278.2, 320
72.85000000000001, 289.8, 320
64.1, 286.5, 320
95.0, 236.4, 320
74.45, 278.1, 320
79.19999999999999, 282.1, 320
78.15, 282.7, 320
79.25, 282.7, 320
78.85000000000001, 242.3, 320
72.4, 285.0, 320
71.8, 285.1, 320
69.25, 248.4, 320
77.25, 280.4, 320
78.7, 273.0, 320
82.45, 284.8, 320
78.64999999999999, 278.4, 320
86.75, 282.7, 320
75.55, 295.0, 320
91.4, 284.8, 320
82.75, 286.5, 320
86.45, 283.3, 320
75.85, 295.0, 320
82.25, 279.8, 320
69.75, 288.9, 320
59.349999999999994, 279.2, 320
87.15, 265.6, 320
70.75, 255.2, 320
88.75, 293.4, 320
62.349999999999994, 240.9, 320
83.35, 273.3, 320
86.3, 287.7, 320
77.25, 285.8, 320
70.25, 293.6, 320
79.9, 292.6, 320
81.35, 279.8, 320
75.15, 279.3, 320
74.39999999999999, 280.0, 320
67.0, 284.1, 320
88.0, 286.8, 320
84.85, 277.0, 320
70.39999999999999, 275.8, 320
68.4, 283.5, 320
85.45, 285.3, 320
84.4, 274.3, 320
84.85, 285.1, 320
80.25, 287.5, 320
85.75, 288.4, 320
84.45, 279.2, 320
71.55, 273.3, 320
66.0, 286.5, 320
61.099999999999994, 283.3, 320
66.1, 289.9, 320
86.75, 278.3, 320
76.8, 277.0, 320
76.25, 279.9, 320
74.55, 292.6, 320
93.5, 284.3, 320
81.45, 282.6, 320
85.35, 257.6, 320
74.8, 287.8, 320
75.5, 292.6, 320
83.19999999999999, 284.8, 320
71.4, 277.0, 320
80.64999999999999, 281.1, 320
71.15, 269.2, 320
81.44999999999999, 293.2, 320
81.05, 281.6, 320
81.69999999999999, 279.9, 320
71.8, 265.3, 320
83.05, 286.4, 320
78.9, 275.8, 320
82.85, 272.7, 320
75.9, 291.4, 320
121.60000000000002, 271.8, 320
76.45, 279.0, 320
80.85, 288.9, 320
65.05, 256.9, 320
76.85000000000001, 277.0, 320
76.25, 278.8, 320
74.75, 285.9, 320
84.69999999999999, 278.4, 320
70.8, 288.3, 320
68.05, 282.7, 320
88.3, 280.7, 320
81.94999999999999, 265.6, 320
77.55, 275.5, 320
88.75, 285.8, 320
71.85000000000001, 286.3, 320
70.0, 276.7, 320
72.15, 286.8, 320
84.35, 263.4, 320
81.94999999999999, 290.7, 320
76.05, 277.2, 320
72.75, 276.2, 320
97.0, 286.0, 320
86.0, 296.1, 320
73.39999999999999, 268.8, 320
78.05, 269.2, 320
88.5, 274.9, 320
92.3, 286.2, 320
80.35, 244.1, 320
82.14999999999999, 277.7, 320
60.099999999999994, 274.2, 320
79.9, 278.1, 320
88.85, 273.1, 320
93.0, 281.0, 320
69.8, 281.6, 320
67.75, 284.4, 320
62.099999999999994, 282.4, 320
72.2, 256.9, 320
130.60000000000002, 273.0, 320
75.1, 288.0, 320
69.55, 275.7, 320
74.14999999999999, 288.4, 320
67.75, 286.3, 320
78.25, 279.3, 320
79.85, 284.9, 320
83.14999999999999, 288.9, 320
76.64999999999999, 294.8, 320
82.45, 279.3, 320
87.35, 278.5, 320
88.85, 282.2, 320
75.8, 279.3, 320
65.4, 286.9, 320
70.75, 276.3, 320
69.39999999999999, 290.8, 320
75.5, 286.0, 320
76.85000000000001, 275.4, 320
85.75, 282.6, 320
79.45, 265.9, 320
77.1, 283.8, 320
79.9, 283.2, 320
87.35, 275.7, 320
75.25, 259.4, 320
82.60000000000001, 283.5, 320
98.0, 285.5, 320
76.25, 269.3, 320
69.25, 281.5, 320
77.14999999999999, 270.1, 320
80.35, 285.1, 320
74.35, 267.1, 320
68.4, 287.1, 320
79.9, 277.0, 320
82.14999999999999, 263.9, 320
66.0, 266.3, 320
86.69999999999999, 282.6, 320
91.75, 285.0, 320
86.35, 283.5, 320
82.8, 279.2, 320
88.69999999999999, 259.8, 320
70.85000000000001, 279.9, 320
72.75, 280.4, 320
72.2, 287.4, 320
83.14999999999999, 258.2, 320
88.3, 268.0, 320
76.8, 277.0, 320
80.05, 287.6, 320
88.85, 282.5, 320
78.25, 282.6, 320
77.35, 272.9, 320
74.45, 279.8, 320
77.94999999999999, 269.3, 320
74.45, 275.8, 320
79.85, 284.9, 320
81.19999999999999, 264.3, 320
74.15, 278.8, 320
71.85000000000001, 282.8, 320
77.60000000000001, 282.2, 320
79.44999999999999, 281.3, 320
74.35, 276.5, 320
87.85, 281.8, 320
59.099999999999994, 274.4, 320
65.0, 277.6, 320
69.4, 274.6, 320
79.85, 274.0, 320
86.69999999999999, 277.0, 320
73.85000000000001, 279.7, 320
81.7, 293.6, 320
130.60000000000002, 288.3, 320
77.25, 288.7, 320
83.25, 282.6, 320
74.95, 278.1, 320
88.19999999999999, 283.9, 320
75.1, 293.1, 320
78.55, 265.6, 320
88.69999999999999, 279.4, 320
77.85000000000001, 283.9, 320
77.1, 284.0, 320
80.94999999999999, 283.6, 320
84.85, 273.7, 320
92.0, 203.1, 320
83.25, 279.4, 320
83.25, 256.1, 320
71.15, 278.4, 320
77.25, 281.7, 320
74.35, 255.2, 320
76.8, 293.4, 320
73.9, 284.9, 320
82.60000000000001, 284.8, 320
79.35, 282.4, 320
80.64999999999999, 276.3, 320
78.1, 277.0, 320
78.45, 200.5, 320
81.85, 291.4, 320
80.8, 278.1, 320
84.5, 284.1, 320
78.8, 280.4, 320
88.45, 270.4, 320
82.7, 273.7, 320
69.5, 284.4, 320
81.64999999999999, 286.9, 320
81.14999999999999, 280.4, 320
68.75, 278.5, 320
80.35, 276.1, 320
69.75, 275.0, 320
76.45, 295.5, 320
64.1, 276.2, 320
76.64999999999999, 281.2, 320
73.85000000000001, 283.3, 320
86.35, 280.8, 320
81.1, 283.6, 320
78.64999999999999, 278.8, 320
69.5, 293.6, 320
72.5, 278.8, 320
92.4, 270.6, 320
88.5, 285.9, 320
65.0, 278.4, 320
78.64999999999999, 280.3, 320
73.8, 284.2, 320
91.3, 285.9, 320
123.60000000000002, 257.8, 320
74.25, 285.3, 320
87.85, 271.2, 320
83.0, 275.5, 320
87.35, 280.1, 320
84.4, 280.4, 320
77.55, 292.8, 320
69.25, 277.1, 320
88.75, 273.0, 320
83.55, 259.4, 320
66.5, 258.0, 320
74.75, 282.5, 320
79.75, 276.5, 320
83.25, 290.7, 320
71.5, 277.7, 320
73.9, 280.4, 320
70.25, 282.7, 320
73.2, 292.0, 320
83.14999999999999, 278.2, 320
78.94999999999999, 244.1, 320
75.35, 283.9, 320
83.64999999999999, 261.3, 320
82.75, 270.1, 320
83.14999999999999, 284.3, 320
71.95, 295.5, 320
89.0, 277.6, 320
80.55, 279.2, 320
76.44999999999999, 272.9, 320
77.35, 277.2, 320
71.75, 298.8, 320
74.35, 283.5, 320
74.85000000000001, 283.3, 320
73.9, 256.0, 320
67.0, 275.0, 320
77.25, 267.1, 320
72.8, 273.7, 320
126.60000000000002, 270.3, 320
84.69999999999999, 255.2, 320
77.7, 272.7, 320
83.35, 281.2, 320
68.05, 289.6, 320
72.55, 290.4, 320
78.85000000000001, 285.9, 320
81.19999999999999, 285.1, 320
70.05, 270.1, 320
87.3, 287.2, 320
67.1, 288.3, 320
78.1, 277.7, 320
79.85, 269.8, 320
98.0, 282.6, 320
73.8, 270.1, 320
77.55, 271.8, 320
68.0, 281.1, 320
72.0, 292.5, 320
72.45, 288.4, 320
69.85000000000001, 286.6, 320
64.5, 296.1, 320
81.69999999999999, 281.7, 320
81.60000000000001, 285.8, 320
79.85, 274.5, 320
78.85000000000001, 274.9, 320
64.0, 281.6, 320
79.69999999999999, 297.1, 320
75.8, 280.1, 320
73.94999999999999, 278.0, 320
74.39999999999999, 282.0, 320
73.4, 281.0, 320
84.5, 279.5, 320
59.099999999999994, 263.5, 320
70.25, 288.1, 320
91.5, 299.9, 320
71.39999999999999, 291.9, 320
75.39999999999999, 279.8, 320
58.349999999999994, 281.8, 320
79.45, 285.3, 320
67.05, 285.0, 320
70.75, 275.6, 320
78.64999999999999, 266.0, 320
70.4, 293.6, 320
82.45, 280.3, 320
71.5, 281.2, 320
98.0, 278.6, 320
66.1, 286.2, 320
80.64999999999999, 279.4, 320
82.60000000000001, 271.2, 320
68.5, 279.2, 320
70.8, 254.2, 320
80.44999999999999, 278.0, 320
76.39999999999999, 285.0, 320
64.2, 275.5, 320
63.099999999999994, 283.5, 320
78.25, 278.4, 320
79.19999999999999, 263.9, 320
82.85, 287.8, 320
77.55, 284.8, 320
75.8, 248.4, 320
83.55, 282.7, 320
81.64999999999999, 296.5, 320
62.099999999999994, 290.9, 320
64.5, 280.4, 320
86.85, 288.4, 320
72.55, 288.6, 320
75.9, 266.1, 320
72.25, 285.3, 320
87.69999999999999, 265.4, 320
77.85000000000001, 279.0, 320
58.349999999999994, 279.0, 320
81.14999999999999, 283.5, 320
87.5, 200.5, 320
89.5, 288.2, 320
75.8, 284.3, 320
74.8, 267.3, 320
85.75, 292.5, 320
73.39999999999999, 284.8, 320
67.05, 286.8, 320
55.349999999999994, 291.9, 320
85.15, 280.5, 320
81.25, 287.4, 320
77.1, 277.0, 320
69.4, 287.6, 320
94.0, 290.4, 320
81.0, 287.2, 320
81.14999999999999, 280.3, 320
85.85, 269.3, 320
76.55, 279.0, 320
91.0, 279.2, 320
81.85, 278.0, 320
82.69999999999999, 279.0, 320
82.0, 286.6, 320
79.85, 265.3, 320
76.14999999999999, 282.5, 320
86.85, 283.5, 320
88.19999999999999, 269.4, 320
81.64999999999999, 279.0, 320
72.5, 295.0, 320
71.45, 283.5, 320
128.60000000000002, 271.2, 320
88.15, 275.5, 320
80.69999999999999, 286.8, 320
76.45, 287.3, 320
87.85, 270.3, 320
62.099999999999994, 286.3, 320
78.94999999999999, 278.8, 320
78.45, 290.4, 320
93.3, 282.9, 320
81.7, 275.7, 320
79.8, 290.7, 320
78.35, 284.8, 320
78.94999999999999, 284.9, 320
70.95, 278.7, 320
80.69999999999999, 286.6, 320
80.69999999999999, 285.6, 320
71.15, 278.6, 320
57.349999999999994, 277.0, 320
71.39999999999999, 282.8, 320
74.05, 275.9, 320
84.85, 289.2, 320
80.35, 285.9, 320
70.39999999999999, 296.5, 320
79.94999999999999, 288.0, 320
82.14999999999999, 291.9, 320
57.349999999999994, 255.1, 320
86.85, 273.3, 320
80.69999999999999, 269.9, 320
74.85, 280.5, 320
92.3, 273.3, 320
76.25, 278.5, 320
72.0, 284.8, 320
72.05, 255.1, 320
74.39999999999999, 289.8, 320
77.25, 273.3, 320
64.4, 263.4, 320
83.85, 263.4, 320
87.69999999999999, 288.3, 320
78.14999999999999, 287.7, 320
71.25, 278.0, 320
85.75, 283.4, 320
69.39999999999999, 277.0, 320
79.14999999999999, 282.5, 320
79.25, 275.3, 320
75.75, 278.1, 320
72.45, 288.1, 320
76.15, 286.4, 320
89.75, 261.3, 320
87.19999999999999, 289.8, 320
80.25, 271.2, 320
79.55, 286.3, 320
85.85, 287.6, 320
73.8, 287.6, 320
85.45, 283.5, 320
78.15, 275.7, 320
79.69999999999999, 277.0, 320
76.15, 279.4, 320
64.5, 278.4, 320
85.35, 285.8, 320
74.25, 275.8, 320
78.39999999999999, 279.2, 320
73.39999999999999, 277.6, 320
78.55, 274.0, 320
75.85000000000001, 278.5, 320
74.05, 280.4, 320
79.69999999999999, 278.3, 320
72.45, 275.5, 320
81.25, 283.8, 320
76.25, 283.3, 320
73.45, 280.1, 320
78.8, 288.2, 320
68.5, 287.7, 320
89.0, 282.3, 320
70.75, 284.6, 320
82.75, 288.4, 320
74.05, 275.7, 320
81.35, 246.8, 320
86.69999999999999, 279.2, 320
69.05, 282.6, 320
81.45, 292.6, 320
82.35, 279.0, 320
68.75, 203.1, 320
71.15, 273.3, 320
92.4, 285.9, 320
83.05, 282.1, 320
85.45, 266.6, 320
71.2, 288.3, 320
76.85, 274.9, 320
77.45, 285.1, 320
74.9, 278.2, 320
85.85, 281.9, 320
76.15, 277.0, 320
76.05, 269.9, 320
70.0, 289.1, 320
75.75, 285.7, 320
73.8, 284.3, 320
77.55, 278.1, 320
88.75, 288.1, 320
74.25, 270.3, 320
87.69999999999999, 295.8, 320
80.69999999999999, 288.0, 320
72.75, 279.7, 320
71.8, 261.2, 320
81.85, 283.5, 320
73.8, 282.8, 320
84.69999999999999, 280.5, 320
85.85, 279.2, 320
74.35, 279.4, 320
88.0, 257.4, 320
67.05, 274.9, 320
69.39999999999999, 284.5, 320
78.35, 278.6, 320
83.14999999999999, 278.4, 320
80.85, 283.2, 320
75.75, 275.7, 320
69.15, 259.8, 320
83.85, 277.0, 320
124.60000000000002, 268.9, 320
80.7, 297.1, 320
87.85, 278.4, 320
69.5, 290.1, 320
85.85, 282.6, 320
78.60000000000001, 281.0, 320
87.69999999999999, 281.6, 320
56.349999999999994, 277.1, 320
81.15, 280.9, 320
75.94999999999999, 265.4, 320
90.3, 277.0, 320
71.55, 284.4, 320
72.85000000000001, 281.6, 320
74.75, 288.3, 320
84.85, 276.8, 320
74.85000000000001, 282.1, 320
75.25, 283.3, 320
83.35, 283.5, 320
78.8, 288.2, 320
65.4, 279.4, 320
86.75, 280.7, 320
69.55, 283.5, 320
74.75, 288.9, 320
68.75, 293.6, 320
81.9, 288.6, 320
77.35, 277.7, 320
70.25, 285.7, 320
74.39999999999999, 276.2, 320
81.9, 276.8, 320
96.0, 288.7, 320
69.85000000000001, 283.4, 320
83.60000000000001, 284.8, 320
86.75, 278.8, 320
82.8, 282.1, 320
75.14999999999999, 284.6, 320
68.2, 285.9, 320
84.69999999999999, 279.7, 320
76.39999999999999, 278.8, 320
79.1, 273.4, 320
87.19999999999999, 203.1, 320
91.0, 294.1, 320
77.45, 281.7, 320
80.75, 277.2, 320
72.5, 286.8, 320
78.85, 278.4, 320
63.349999999999994, 277.1, 320
80.85, 276.7, 320
74.64999999999999, 290.9, 320
55.349999999999994, 275.6, 320
86.85, 288.4, 320
84.15, 261.6, 320
73.4, 286.8, 320
69.55, 276.8, 320
87.15, 270.1, 320
78.5, 292.5, 320
75.1, 280.4, 320
84.85, 275.2, 320
81.25, 270.4, 320
63.099999999999994, 275.1, 320
98.0, 294.8, 320
81.85, 248.4, 320
88.0, 288.6, 320
74.75, 274.8, 320
87.75, 285.7, 320
74.14999999999999, 287.6, 320
81.35, 272.9, 320
97.0, 284.8, 320
74.94999999999999, 278.0, 320
93.3, 281.0, 320
57.349999999999994, 287.8, 320
122.60000000000002, 275.8, 320
76.8, 287.7, 320
74.75, 280.4, 320
82.45, 288.2, 320
59.099999999999994, 265.4, 320
76.25, 290.3, 320
81.7, 275.5, 320
79.05, 278.4, 320
81.8, 274.3, 320
88.35, 287.5, 320
79.14999999999999, 268.8, 320
73.39999999999999, 279.2, 320
80.25, 280.1, 320
82.55, 277.1, 320
73.25, 284.1, 320
75.14999999999999, 286.7, 320
78.9, 295.4, 320
73.9, 282.0, 320
87.85, 275.8, 320
88.5, 282.5, 320
88.35, 279.3, 320
79.45, 279.2, 320
80.19999999999999, 236.4, 320
96.0, 286.2, 320
85.4, 256.1, 320
71.8, 278.2, 320
67.95, 273.3, 320
82.0, 291.1, 320
82.60000000000001, 236.4, 320
77.5, 279.2, 320
89.75, 277.1, 320
70.8, 288.0, 320
71.25, 286.3, 320
77.25, 284.0, 320
75.55, 256.0, 320
80.19999999999999, 268.8, 320
85.19999999999999, 263.9, 320
80.45, 288.3, 320
85.5, 283.4, 320
80.25, 284.4, 320
74.5, 288.3, 320
72.75, 275.3, 320
78.85, 279.2, 320
88.19999999999999, 283.3, 320
124.60000000000002, 273.3, 320
73.39999999999999, 259.8, 320
62.099999999999994, 284.1, 320
74.95, 275.2, 320
84.69999999999999, 289.3, 320
83.35, 284.8, 320
75.39999999999999, 286.2, 320
88.69999999999999, 283.6, 320
81.0, 288.8, 320
83.15, 244.2, 320
78.85, 285.9, 320
72.39999999999999, 278.0, 320
83.85, 284.8, 320
69.75, 284.4, 320
129.60000000000002, 276.3, 320
83.45, 278.3, 320
82.55, 290.3, 320
87.85, 278.0, 320
83.60000000000001, 265.3, 320
70.4, 213.2, 320
81.85, 276.5, 320
74.55, 282.5, 320
69.95, 265.3, 320
71.05, 287.1, 320
74.85, 278.8, 320
85.4, 288.1, 320
84.69999999999999, 273.8, 320
82.69999999999999, 256.0, 320
88.35, 286.6, 320
67.05, 280.6, 320
83.0, 284.3, 320
79.45, 263.8, 320
79.19999999999999, 242.1, 320
83.69999999999999, 277.6, 320
71.25, 275.0, 320
70.15, 282.6, 320
77.5, 272.7, 320
75.60000000000001, 279.2, 320
77.64999999999999, 272.2, 320
83.64999999999999, 289.6, 320
75.14999999999999, 286.0, 320
71.95, 285.3, 320
74.25, 277.0, 320
80.69999999999999, 281.3, 320
80.85, 294.2, 320
79.8, 278.8, 320
76.44999999999999, 287.7, 320
74.45, 287.7, 320
84.15, 281.1, 320
74.25, 288.3, 320
65.0, 277.0, 320
66.5, 270.1, 320
74.14999999999999, 270.1, 320
82.69999999999999, 288.4, 320
85.85, 284.4, 320
83.35, 254.3, 320
78.39999999999999, 275.6, 320
80.14999999999999, 295.5, 320
92.4, 280.3, 320
79.8, 287.2, 320
78.25, 288.4, 320
82.25, 284.5, 320
70.55, 281.7, 320
87.4, 279.9, 320
82.25, 270.3, 320
71.75, 242.3, 320
76.75, 265.4, 320
71.55, 283.4, 320
84.75, 285.3, 320
95.0, 259.4, 320
78.8, 297.1, 320
88.69999999999999, 285.9, 320
66.05, 292.8, 320
71.75, 299.9, 320
82.69999999999999, 281.7, 320
76.8, 284.8, 320
79.1, 273.4, 320
87.75, 278.4, 320
76.55, 282.4, 320
77.85, 272.8, 320
78.7, 289.6, 320
78.25, 281.6, 320
83.85, 287.7, 320
88.4, 281.3, 320
93.75, 272.7, 320
81.7, 284.4, 320
76.55, 288.3, 320
75.55, 284.3, 320
82.14999999999999, 283.0, 320
74.44999999999999, 277.0, 320
77.85, 273.3, 320
69.85000000000001, 289.3, 320
66.5, 281.3, 320
66.0, 279.2, 320
83.35, 285.9, 320
81.94999999999999, 285.6, 320
76.85000000000001, 295.0, 320
80.44999999999999, 261.3, 320
74.25, 263.9, 320
72.85000000000001, 263.4, 320
79.7, 283.9, 320
87.35, 288.4, 320
75.39999999999999, 290.9, 320
84.69999999999999, 278.6, 320
77.15, 274.9, 320
67.95, 275.9, 320
77.1, 280.3, 320
89.0, 277.1, 320
64.0, 280.8, 320
83.85, 285.3, 320
82.8, 275.0, 320
83.69999999999999, 284.8, 320
82.69999999999999, 287.5, 320
77.1, 242.1, 320
88.19999999999999, 200.5, 320
71.15, 277.0, 320
70.0, 288.1, 320
85.85, 280.4, 320
70.0, 213.2, 320
85.4, 289.9, 320
79.64999999999999, 288.4, 320
74.55, 269.9, 320
74.8, 282.4, 320
76.8, 275.9, 320
82.05, 276.1, 320
76.7, 272.1, 320
82.85, 258.6, 320
85.35, 288.3, 320
87.15, 279.1, 320
77.60000000000001, 272.5, 320
67.0, 288.3, 320
92.5, 257.6, 320
60.349999999999994, 286.7, 320
69.8, 287.2, 320
88.85, 271.0, 320
73.25, 277.0, 320
74.60000000000001, 292.3, 320
76.94999999999999, 277.1, 320
77.44999999999999, 289.1, 320
67.2, 276.1, 320
71.05, 277.0, 320
79.55, 270.6, 320
81.15, 284.2, 320
90.3, 266.1, 320
89.0, 299.3, 320
77.7, 287.1, 320
74.45, 274.9, 320
77.25, 281.4, 320
82.14999999999999, 282.8, 320
74.25, 288.0, 320
77.44999999999999, 287.8, 320
78.8, 282.3, 320
87.85, 257.4, 320
81.75, 297.1, 320
79.64999999999999, 278.8, 320
79.45, 263.4, 320
67.1, 290.8, 320
72.85000000000001, 274.6, 320
75.25, 277.6, 320
77.15, 286.5, 320
60.099999999999994, 283.5, 320
77.9, 269.5, 320
78.5, 290.8, 320
88.85, 279.1, 320
83.25, 287.5, 320
71.85000000000001, 292.8, 320
82.14999999999999, 285.6, 320
67.2, 279.8, 320
61.349999999999994, 281.8, 320
82.14999999999999, 263.8, 320
86.85, 284.1, 320
71.39999999999999, 287.6, 320
93.5, 280.9, 320
84.69999999999999, 275.5, 320
70.8, 282.7, 320
77.7, 270.3, 320
82.85, 278.6, 320
76.5, 280.3, 320
80.0, 278.0, 320
81.14999999999999, 266.3, 320
70.5, 277.1, 320
78.15, 283.5, 320
60.099999999999994, 284.3, 320
76.64999999999999, 285.7, 320
86.85, 288.2, 320
69.55, 278.3, 320
82.55, 287.6, 320
83.69999999999999, 270.3, 320
67.1, 280.1, 320
83.05, 287.5, 320
76.05, 273.7, 320
70.55, 294.2, 320
62.099999999999994, 274.5, 320
66.5, 281.7, 320
80.45, 266.1, 320
77.85000000000001, 283.6, 320
69.8, 268.0, 320
92.5, 264.8, 320
71.75, 288.8, 320
128.60000000000002, 236.4, 320
71.05, 290.1, 320
77.25, 282.7, 320
82.7, 289.3, 320
78.25, 294.1, 320
60.099999999999994, 294.8, 320
79.85, 281.3, 320
66.5, 287.7, 320
58.349999999999994, 278.5, 320
78.25, 281.7, 320
83.69999999999999, 283.5, 320
70.5, 281.8, 320
91.5, 286.2, 320
74.1, 273.7, 320
71.15, 275.7, 320
89.0, 281.1, 320
83.14999999999999, 280.0, 320
87.4, 277.1, 320
66.5, 287.8, 320
78.60000000000001, 285.8, 320
69.8, 282.3, 320
91.4, 279.2, 320
55.349999999999994, 292.6, 320
73.55, 284.8, 320
79.9, 276.3, 320
67.75, 275.2, 320
83.64999999999999, 273.7, 320
68.2, 285.7, 320
77.25, 283.1, 320
80.9, 278.5, 320
86.19999999999999, 280.4, 320
74.94999999999999, 286.3, 320
73.39999999999999, 292.8, 320
77.15, 275.1, 320
80.44999999999999, 288.4, 320
73.5, 286.5, 320
69.25, 286.7, 320
69.8, 271.2, 320
75.94999999999999, 292.3, 320
76.75, 278.1, 320
84.75, 286.8, 320
122.60000000000002, 282.5, 320
72.15, 278.5, 320
74.14999999999999, 279.4, 320
69.75, 264.8, 320
71.2, 277.6, 320
77.64999999999999, 290.7, 320
69.39999999999999, 240.9, 320
83.25, 288.8, 320
77.85000000000001, 268.0, 320
85.85, 274.9, 320
74.94999999999999, 277.0, 320
83.0, 283.4, 320
78.35, 284.3, 320
69.4, 268.8, 320
69.85000000000001, 284.3, 320
84.4, 203.1, 320
79.9, 283.8, 320
78.25, 272.7, 320
74.35, 265.4, 320
80.60000000000001, 283.8, 320
72.4, 283.9, 320
78.7, 284.8, 320
66.05, 279.3, 320
87.69999999999999, 291.9, 320
67.05, 274.4, 320
85.75, 279.5, 320
86.85, 290.9, 320
73.45, 278.4, 320
69.4, 275.7, 320
73.8, 279.8, 320
82.85, 280.4, 320
69.15, 250.9, 320
69.95, 287.6, 320
77.35, 281.0, 320
71.8, 285.9, 320
75.45, 287.8, 320
76.75, 281.4, 320
74.39999999999999, 284.6, 320
78.60000000000001, 287.7, 320
71.15, 287.6, 320
81.14999999999999, 261.2, 320
72.39999999999999, 285.0, 320
82.69999999999999, 284.0, 320
81.15, 293.6, 320
78.85000000000001, 278.8, 320
61.349999999999994, 283.2, 320
77.64999999999999, 282.6, 320
71.39999999999999, 287.7, 320
80.85, 287.7, 320
78.75, 250.0, 320
80.05, 286.0, 320
82.0, 279.0, 320
74.7, 296.3, 320
79.7, 292.5, 320
76.9, 281.0, 320
79.55, 279.4, 320
76.25, 263.9, 320
75.05, 268.0, 320
81.14999999999999, 287.8, 320
74.35, 284.1, 320
94.0, 278.4, 320
75.55, 277.0, 320
73.85000000000001, 284.6, 320
75.39999999999999, 284.9, 320
84.75, 273.1, 320
76.44999999999999, 278.3, 320
74.8, 290.7, 320
125.60000000000002, 281.7, 320
73.75, 294.2, 320
80.85, 277.0, 320
83.55, 263.8, 320
79.85, 285.3, 320
87.75, 287.2, 320
91.0, 282.0, 320
70.15, 283.6, 320
87.0, 276.2, 320
68.5, 275.7, 320
74.25, 270.6, 320
88.0, 282.7, 320
81.85, 237.9, 320
75.85000000000001, 278.6, 320
75.7, 281.9, 320
89.4, 286.4, 320
83.35, 282.8, 320
85.15, 282.2, 320
70.45, 272.1, 320
77.15, 248.4, 320
71.5, 281.9, 320
81.75, 289.9, 320
65.0, 295.0, 320
80.69999999999999, 273.1, 320
82.64999999999999, 276.1, 320
69.0, 272.1, 320
85.69999999999999, 280.9, 320
74.85000000000001, 295.4, 320
90.75, 277.7, 320
81.14999999999999, 287.8, 320
77.85000000000001, 250.0, 320
80.85, 232.6, 320
72.75, 286.7, 320
85.5, 289.1, 320
80.14999999999999, 283.8, 320
88.45, 270.4, 320
83.15, 285.3, 320
78.14999999999999, 284.8, 320
86.4, 287.8, 320
71.39999999999999, 285.9, 320
76.85000000000001, 265.3, 320
71.05, 255.1, 320
83.05, 283.8, 320
81.25, 286.8, 320
75.25, 275.6, 320
76.85000000000001, 282.9, 320
71.25, 295.5, 320
64.0, 296.3, 320
74.75, 290.3, 320
86.45, 295.5, 320
70.5, 261.6, 320
74.05, 264.8, 320
88.69999999999999, 275.5, 320
68.4, 288.9, 320
70.55, 279.0, 320
81.85, 282.8, 320
68.05, 283.4, 320
127.60000000000002, 278.4, 320
73.7, 257.5, 320
77.14999999999999, 254.2, 320
78.25, 288.3, 320
84.69999999999999, 266.3, 320
78.35, 275.8, 320
73.25, 277.6, 320
82.15, 265.9, 320
80.14999999999999, 288.1, 320
77.85, 283.3, 320
83.55, 286.0, 320
98.0, 279.1, 320
80.35, 281.7, 320
69.8, 282.0, 320
86.0, 287.4, 320
76.85000000000001, 270.6, 320
87.75, 259.8, 320
79.15, 286.8, 320
82.15, 281.8, 320
65.05, 284.1, 320
75.1, 296.5, 320
73.39999999999999, 280.4, 320
82.75, 244.2, 320
71.5, 275.3, 320
79.8, 278.0, 320
74.55, 258.6, 320
81.35, 275.8, 320
76.35, 213.2, 320
72.95, 287.1, 320
80.25, 283.2, 320
73.2, 276.1, 320
81.35, 278.1, 320
71.8, 263.4, 320
86.45, 279.2, 320
79.7, 270.4, 320
70.4, 258.6, 320
77.8, 257.5, 320
74.85000000000001, 277.0, 320
70.5, 282.0, 320
81.35, 242.1, 320
83.15, 289.3, 320
84.69999999999999, 284.6, 320
90.0, 290.9, 320
85.75, 297.1, 320
73.25, 269.3, 320
77.35, 281.0, 320
68.2, 273.6, 320
75.8, 288.3, 320
78.25, 278.4, 320
72.8, 269.5, 320
72.45, 280.3, 320
70.5, 291.1, 320
66.95, 276.2, 320
71.4, 281.3, 320
85.3, 257.4, 320
62.349999999999994, 289.6, 320
81.60000000000001, 278.5, 320
81.85, 268.8, 320
77.8, 288.4, 320
81.19999999999999, 281.3, 320
84.69999999999999, 288.7, 320
76.25, 257.5, 320
84.75, 281.8, 320
67.05, 282.3, 320
87.4, 269.5, 320
80.05, 263.8, 320
76.8, 270.3, 320
82.64999999999999, 282.8, 320
73.15, 282.4, 320
88.0, 285.8, 320
74.1, 274.1, 320
77.9, 244.1, 320
77.55, 276.5, 320
68.4, 288.1, 320
64.4, 288.3, 320
84.0, 286.0, 320
72.75, 281.9, 320
81.0, 263.4, 320
80.25, 288.3, 320
76.5, 282.1, 320
78.39999999999999, 278.1, 320
79.35, 273.1, 320
76.7, 281.4, 320
84.69999999999999, 282.8, 320
70.8, 285.8, 320
96.0, 258.6, 320
83.85, 278.5, 320
63.349999999999994, 274.2, 320
88.69999999999999, 280.1, 320
75.75, 278.4, 320
72.39999999999999, 265.4, 320
81.8, 282.0, 320
73.75, 283.5, 320
84.75, 281.0, 320
65.0, 277.0, 320
80.45, 280.3, 320
79.8, 293.1, 320
69.25, 287.1, 320
77.8, 281.0, 320
83.0, 282.4, 320
124.60000000000002, 289.6, 320
74.8, 285.0, 320
77.85000000000001, 290.9, 320
77.25, 277.0, 320
74.8, 276.2, 320
80.85, 288.6, 320
71.5, 284.8, 320
82.19999999999999, 290.7, 320
82.94999999999999, 257.6, 320
69.55, 283.1, 320
88.0, 244.1, 320
87.69999999999999, 284.4, 320
69.85000000000001, 276.2, 320
75.39999999999999, 291.4, 320
78.75, 286.0, 320
78.15, 282.0, 320
76.25, 274.4, 320
72.25, 281.8, 320
76.55, 279.0, 320
78.55, 280.5, 320
78.9, 232.6, 320
59.349999999999994, 257.6, 320
82.45, 286.8, 320
65.05, 280.4, 320
70.15, 284.3, 320
129.60000000000002, 257.4, 320
83.45, 279.2, 320
73.55, 288.3, 320
67.2, 284.4, 320
76.35, 292.5, 320
80.35, 274.3, 320
80.14999999999999, 295.4, 320
66.1, 283.8, 320
88.4, 296.5, 320
86.0, 283.2, 320
88.35, 278.5, 320
83.85, 270.3, 320
75.15, 282.0, 320
77.45, 288.6, 320
84.35, 270.3, 320
72.25, 280.2, 320
74.8, 270.6, 320
80.25, 289.0, 320
126.60000000000002, 282.8, 320
76.8, 271.8, 320
70.55, 282.3, 320
87.15, 272.1, 320
88.15, 280.6, 320
82.14999999999999, 276.7, 320
87.69999999999999, 285.3, 320
71.85000000000001, 284.1, 320
78.55, 279.8, 320
76.15, 288.4, 320
75.14999999999999, 278.0, 320
75.8, 258.2, 320
84.85, 272.7, 320
74.05, 280.4, 320
80.75, 271.0, 320
84.75, 289.9, 320
78.8, 287.1, 320
89.4, 213.2, 320
83.14999999999999, 286.0, 320
70.95, 288.3, 320
83.60000000000001, 279.8, 320
77.35, 277.0, 320
76.5, 295.5, 320
89.0, 267.3, 320
74.1, 263.8, 320
84.75, 282.9, 320
63.099999999999994, 276.2, 320
129.60000000000002, 283.0, 320
70.85000000000001, 295.0, 320
66.05, 246.0, 320
80.35, 268.8, 320
82.35, 275.3, 320
74.25, 283.3, 320
56.349999999999994, 275.8, 320
82.85, 282.0, 320
77.7, 292.8, 320
80.19999999999999, 283.3, 320
80.15, 282.0, 320
90.5, 285.9, 320
62.349999999999994, 282.6, 320
77.15, 277.0, 320
81.8, 281.4, 320
65.05, 283.9, 320
79.85, 274.9, 320
57.349999999999994, 288.3, 320
75.8, 285.9, 320
80.55, 278.5, 320
92.4, 285.9, 320
85.35, 278.5, 320
67.0, 280.1, 320
123.60000000000002, 289.1, 320
74.25, 203.1, 320
77.85000000000001, 264.3, 320
72.75, 275.5, 320
76.8, 285.8, 320
69.5, 237.9, 320
81.35, 270.4, 320
69.0, 287.7, 320
85.69999999999999, 285.9, 320
69.8, 282.5, 320
75.8, 278.4, 320
75.1, 298.8, 320
64.5, 272.8, 320
56.349999999999994, 289.3, 320
81.14999999999999, 282.2, 320
74.5, 275.0, 320
87.75, 270.4, 320
62.099999999999994, 295.4, 320
83.35, 275.3, 320
71.25, 299.9, 320
83.14999999999999, 275.9, 320
87.4, 275.4, 320
69.75, 285.3, 320
74.85, 280.9, 320
86.15, 288.1, 320
83.85, 282.8, 320
74.45, 283.0, 320
76.15, 290.6, 320
83.85, 280.5, 320
82.35, 278.7, 320
75.39999999999999, 275.3, 320
84.0, 289.0, 320
83.85, 267.3, 320
83.35, 279.5, 320
79.45, 286.8, 320
79.69999999999999, 282.6, 320
60.349999999999994, 283.3, 320
80.8, 287.8, 320
82.44999999999999, 275.5, 320
86.69999999999999, 288.6, 320
83.15, 232.6, 320
84.85, 268.8, 320
77.44999999999999, 276.5, 320
70.05, 274.9, 320
79.35, 275.1, 320
71.55, 274.9, 320
80.85, 282.0, 320
130.60000000000002, 279.3, 320
79.8, 291.9, 320
73.5, 279.2, 320
64.0, 289.6, 320
69.2, 281.7, 320
74.39999999999999, 284.8, 320
85.45, 281.9, 320
88.75, 255.1, 320
87.85, 291.1, 320
66.95, 286.5, 320
68.75, 267.3, 320
88.35, 280.6, 320
67.95, 273.7, 320
73.55, 277.0, 320
56.349999999999994, 278.4, 320
84.3, 281.1, 320
80.25, 286.0, 320
79.8, 286.5, 320
80.9, 288.3, 320
77.8, 289.2, 320
86.4, 272.8, 320
79.9, 282.8, 320
88.85, 281.0, 320
72.85000000000001, 251.0, 320
83.4, 294.1, 320
77.64999999999999, 295.5, 320
72.39999999999999, 266.0, 320
85.3, 284.3, 320
90.0, 261.6, 320
72.85000000000001, 284.6, 320
69.39999999999999, 290.6, 320
83.60000000000001, 272.8, 320
86.75, 277.7, 320
78.55, 272.8, 320
81.1, 289.0, 320
80.69999999999999, 285.9, 320
79.75, 277.6, 320
73.8, 280.7, 320
75.14999999999999, 285.9, 320
81.05, 272.7, 320
80.45, 286.8, 320
69.15, 286.3, 320
82.1, 275.5, 320
81.1, 279.2, 320
83.35, 278.6, 320
71.8, 287.4, 320
88.69999999999999, 246.8, 320
71.15, 288.8, 320
86.0, 265.3, 320
76.5, 287.1, 320
76.45, 266.3, 320
86.45, 278.5, 320
68.05, 284.8, 320
70.0, 265.3, 320
75.39999999999999, 289.3, 320
76.25, 278.1, 320
82.75, 203.1, 320
86.0, 281.4, 320
62.349999999999994, 277.0, 320
72.15, 281.5, 320
72.55, 289.8, 320
79.69999999999999, 287.7, 320
70.45, 256.1, 320
88.5, 283.4, 320
75.55, 293.6, 320
82.85, 276.5, 320
85.0, 290.7, 320
78.55, 272.7, 320
87.69999999999999, 273.3, 320
73.75, 287.1, 320
77.25, 285.9, 320
81.45, 297.1, 320
78.05, 293.6, 320
80.55, 282.8, 320
56.349999999999994, 277.3, 320
88.75, 275.5, 320
88.85, 287.6, 320
70.95, 257.8, 320
80.85, 282.3, 320
76.39999999999999, 283.1, 320
74.95, 288.4, 320
73.0, 274.0, 320
75.9, 284.8, 320
89.4, 288.0, 320
72.25, 288.3, 320
71.5, 281.5, 320
79.9, 276.7, 320
81.0, 263.9, 320
73.85000000000001, 281.8, 320
78.1, 257.4, 320
86.85, 280.4, 320
67.05, 211.0, 320
81.45, 269.2, 320
79.85, 288.3, 320
74.45, 284.8, 320
87.5, 282.4, 320
73.9, 266.8, 320
69.25, 286.1, 320
82.0, 283.5, 320
68.2, 295.0, 320
71.15, 291.4, 320
70.39999999999999, 287.8, 320
77.85000000000001, 281.7, 320
72.0, 277.0, 320
84.69999999999999, 287.7, 320
78.15, 277.0, 320
72.05, 285.9, 320
76.15, 290.4, 320
83.25, 237.9, 320
88.75, 277.3, 320
81.85, 278.5, 320
77.75, 283.6, 320
80.35, 280.0, 320
73.55, 280.3, 320
86.5, 232.6, 320
75.1, 274.3, 320
85.15, 283.6, 320
76.35, 282.8, 320
78.25, 276.2, 320
93.5, 283.9, 320
74.15, 287.5, 320
78.15, 286.2, 320
70.55, 280.3, 320
64.0, 255.2, 320
84.4, 277.2, 320
84.85, 282.3, 320
71.85000000000001, 284.6, 320
81.60000000000001, 281.7, 320
85.0, 267.1, 320
76.55, 270.6, 320
88.45, 284.2, 320
86.15, 287.3, 320
92.5, 278.6, 320
76.9, 259.8, 320
79.8, 266.6, 320
78.55, 276.5, 320
74.45, 286.3, 320
86.19999999999999, 282.4, 320
59.349999999999994, 287.7, 320
95.0, 292.6, 320
86.0, 280.8, 320
78.14999999999999, 288.1, 320
74.05, 261.6, 320
63.349999999999994, 269.5, 320
60.349999999999994, 287.8, 320
73.39999999999999, 287.8, 320
64.0, 271.8, 320
70.85000000000001, 295.4, 320
78.64999999999999, 278.5, 320
90.75, 277.0, 320
73.25, 276.3, 320
77.64999999999999, 276.7, 320
75.8, 284.9, 320
89.0, 277.0, 320
79.64999999999999, 279.9, 320
80.35, 284.8, 320
65.95, 275.7, 320
85.85, 283.2, 320
82.14999999999999, 211.0, 320
72.8, 286.5, 320
82.94999999999999, 255.1, 320
94.0, 282.3, 320
70.15, 251.0, 320
86.69999999999999, 265.9, 320
78.85000000000001, 259.4, 320
80.7, 293.6, 320
83.0, 290.1, 320
85.35, 285.7, 320
88.35, 285.9, 320
76.8, 282.9, 320
76.05, 295.8, 320
75.85000000000001, 200.5, 320
77.1, 287.2, 320
86.35, 277.7, 320
67.75, 278.8, 320
75.55, 278.2, 320
70.85000000000001, 282.1, 320
70.2, 288.2, 320
70.5, 279.1, 320
79.9, 284.3, 320
77.55, 269.5, 320
84.69999999999999, 288.3, 320
79.44999999999999, 292.8, 320
81.45, 275.6, 320
73.95, 278.5, 320
74.85000000000001, 294.8, 320
79.85, 281.9, 320
86.5, 292.3, 320
83.05, 279.9, 320
70.45, 283.2, 320
69.85000000000001, 290.5, 320
69.39999999999999, 282.0, 320
63.099999999999994, 272.1, 320
78.39999999999999, 286.5, 320
98.0, 271.8, 320
71.05, 257.6, 320
91.75, 284.3, 320
70.4, 288.9, 320
70.25, 280.4, 320
64.0, 283.3, 320
77.35, 288.3, 320
82.85, 269.8, 320
74.7, 272.1, 320
88.69999999999999, 249.6, 320
74.15, 287.8, 320
71.5, 289.3, 320
75.55, 288.1, 320
78.55, 282.8, 320
83.85, 293.1, 320
54.349999999999994, 268.0, 320
75.9, 274.4, 320
72.75, 264.3, 320
80.14999999999999, 268.9, 320
77.64999999999999, 288.3, 320
82.45, 299.3, 320
69.2, 272.5, 320
69.25, 250.0, 320
82.75, 275.2, 320
86.75, 280.8, 320
76.7, 281.4, 320
93.3, 278.2, 320
83.64999999999999, 288.4, 320
78.35, 290.4, 320
76.45, 268.8, 320
67.2, 280.7, 320
76.39999999999999, 282.0, 320
74.8, 259.4, 320
78.8, 277.1, 320
74.45, 277.0, 320
81.85, 290.1, 320
80.9, 292.3, 320
71.75, 275.4, 320
77.15, 263.9, 320
78.8, 282.5, 320
56.349999999999994, 295.5, 320
80.0, 289.3, 320
75.7, 282.4, 320
77.8, 288.1, 320
78.94999999999999, 279.0, 320
76.25, 298.8, 320
76.05, 264.3, 320
77.45, 279.4, 320
80.14999999999999, 286.5, 320
89.15, 290.5, 320
65.95, 283.6, 320
78.5, 299.9, 320
87.4, 287.6, 320
85.0, 290.8, 320
69.75, 256.1, 320
77.7, 282.9, 320
85.45, 248.4, 320
81.0, 280.9, 320
55.349999999999994, 283.3, 320
79.85, 280.1, 320
84.85, 279.9, 320
79.69999999999999, 285.0, 320
73.8, 275.6, 320
83.75, 282.3, 320
72.4, 285.3, 320
66.4, 277.1, 320
79.45, 275.1, 320
85.69999999999999, 280.6, 320
75.44999999999999, 288.6, 320
76.8, 280.3, 320
66.05, 287.1, 320
72.15, 277.0, 320
74.25, 289.3, 320
70.2, 213.2, 320
81.85, 278.2, 320
90.4, 265.6, 320
81.85, 279.2, 320
85.35, 282.9, 320
85.15, 279.0, 320
72.4, 279.9, 320
75.60000000000001, 290.7, 320
76.1, 285.1, 320
83.35, 286.5, 320
72.5, 236.4, 320
74.35, 278.2, 320
96.0, 283.9, 320
73.55, 283.8, 320
61.099999999999994, 278.8, 320
85.19999999999999, 269.5, 320
65.1, 246.0, 320
69.75, 267.1, 320
79.7, 284.4, 320
73.44999999999999, 264.8, 320
82.85, 288.3, 320
89.0, 277.1, 320
82.25, 255.2, 320
87.85, 298.8, 320
74.95, 274.0, 320
79.64999999999999, 277.0, 320
71.8, 294.8, 320
74.44999999999999, 295.5, 320
83.35, 279.3, 320
77.14999999999999, 285.3, 320
76.7, 282.0, 320
71.25, 281.6, 320
67.5, 282.3, 320
72.39999999999999, 258.6, 320
128.60000000000002, 282.6, 320
77.1, 275.2, 320
79.60000000000001, 289.0, 320
81.15, 290.1, 320
92.3, 278.2, 320
69.25, 269.5, 320
79.15, 280.4, 320
78.85000000000001, 281.9, 320
71.2, 282.3, 320
80.85, 277.2, 320
69.25, 238.1, 320
73.39999999999999, 285.9, 320
85.85, 272.1, 320
79.45, 289.3, 320
69.55, 287.1, 320
88.85, 289.3, 320
83.1, 275.8, 320
80.0, 282.5, 320
65.05, 242.3, 320
78.44999999999999, 284.5, 320
80.25, 285.1, 320
66.0, 287.5, 320
71.25, 282.8, 320
75.25, 248.4, 320
77.8, 282.3, 320
86.69999999999999, 285.0, 320
79.85, 283.1, 320
73.9, 287.6, 320
85.85, 290.3, 320
66.0, 285.1, 320
74.05, 277.0, 320
64.0, 286.0, 320
80.69999999999999, 284.8, 320
74.35, 284.4, 320
79.45, 269.0, 320
77.05, 280.6, 320
78.15, 254.3, 320
86.45, 296.3, 320
88.5, 261.6, 320
79.75, 284.3, 320
79.25, 287.4, 320
65.5, 283.1, 320
83.1, 281.3, 320
74.05, 290.7, 320
73.75, 203.1, 320
76.94999999999999, 281.7, 320
78.25, 265.4, 320
71.85000000000001, 269.5, 320
74.39999999999999, 283.9, 320
77.60000000000001, 278.7, 320
79.19999999999999, 282.1, 320
88.0, 281.6, 320
69.25, 273.1, 320
74.85000000000001, 278.0, 320
76.45, 274.6, 320
83.05, 276.7, 320
73.05, 285.9, 320
73.9, 280.0, 320
79.19999999999999, 266.6, 320
61.099999999999994, 267.3, 320
75.44999999999999, 270.6, 320
78.35, 288.9, 320
80.85, 292.5, 320
78.39999999999999, 287.8, 320
80.45, 289.6, 320
69.39999999999999, 285.9, 320
71.15, 278.7, 320
88.15, 285.0, 320
65.2, 274.2, 320
76.55, 291.9, 320
70.5, 281.3, 320
74.8, 281.0, 320
81.0, 290.4, 320
70.45, 282.8, 320
89.5, 272.7, 320
67.75, 251.0, 320
77.45, 286.7, 320
81.69999999999999, 283.8, 320
75.7, 288.1, 320
68.5, 285.7, 320
89.5, 281.5, 320
78.55, 274.4, 320
86.69999999999999, 279.0, 320
66.2, 287.6, 320
79.15, 282.8, 320
83.64999999999999, 292.0, 320
74.8, 295.0, 320
70.39999999999999, 288.2, 320
69.25, 259.4, 320
80.44999999999999, 283.3, 320
75.05, 271.2, 320
77.9, 279.1, 320
62.349999999999994, 276.2, 320
80.69999999999999, 286.8, 320
88.75, 274.2, 320
77.85000000000001, 265.6, 320
89.5, 273.4, 320
76.94999999999999, 288.1, 320
71.15, 269.5, 320
78.8, 280.0, 320
78.39999999999999, 288.3, 320
88.4, 281.1, 320
90.5, 293.2, 320
76.14999999999999, 277.3, 320
85.85, 265.6, 320
71.75, 279.2, 320
80.15, 280.3, 320
82.9, 284.8, 320
65.05, 284.3, 320
87.15, 282.5, 320
76.55, 238.1, 320
78.8, 278.1, 320
130.60000000000002, 278.0, 320
86.69999999999999, 284.8, 320
77.94999999999999, 277.0, 320
64.1, 288.6, 320
77.15, 287.8, 320
69.55, 281.6, 320
75.55, 286.8, 320
75.15, 285.9, 320
79.55, 269.5, 320
72.15, 269.9, 320
91.5, 288.7, 320
75.39999999999999, 269.9, 320
68.4, 213.2, 320
87.69999999999999, 285.0, 320
82.85, 289.6, 320
73.85000000000001, 277.7, 320
82.45, 290.9, 320
81.25, 281.1, 320
78.39999999999999, 284.8, 320
74.25, 278.4, 320
82.0, 279.2, 320
84.85, 272.1, 320
80.85, 246.0, 320
75.45, 281.3, 320
77.55, 281.3, 320
63.349999999999994, 295.0, 320
82.45, 273.4, 320
82.44999999999999, 257.6, 320
86.75, 257.8, 320
76.25, 288.2, 320
95.0, 278.5, 320
93.5, 278.6, 320
88.45, 283.2, 320
85.0, 282.6, 320
76.35, 286.8, 320
83.85, 272.7, 320
81.45, 281.5, 320
73.8, 288.4, 320
72.05, 299.3, 320
74.35, 276.7, 320
78.14999999999999, 288.9, 320
80.25, 281.2, 320
76.85, 277.7, 320
86.45, 270.6, 320
78.94999999999999, 272.5, 320
69.45, 279.1, 320
83.64999999999999, 284.9, 320
125.60000000000002, 274.5, 320
82.14999999999999, 276.2, 320
85.35, 280.3, 320
74.45, 280.5, 320
66.0, 283.3, 320
80.85, 271.0, 320
76.25, 272.9, 320
127.60000000000002, 283.8, 320
83.1, 288.4, 320
88.75, 277.0, 320
83.69999999999999, 277.1, 320
84.19999999999999, 278.4, 320
84.69999999999999, 272.7, 320
78.85000000000001, 273.4, 320
73.39999999999999, 284.1, 320
69.25, 282.5, 320
66.4, 289.8, 320
76.9, 279.5, 320
80.1, 279.5, 320
74.75, 265.6, 320
85.0, 281.1, 320
84.3, 269.9, 320
75.25, 294.8, 320
64.1, 286.8, 320
81.9, 281.9, 320
73.8, 213.2, 320
77.14999999999999, 283.3, 320
81.94999999999999, 278.8, 320
78.75, 288.6, 320
73.94999999999999, 285.8, 320
85.3, 279.1, 320
66.0, 284.3, 320
60.349999999999994, 280.1, 320
76.25, 274.5, 320
73.75, 286.7, 320
80.55, 272.2, 320
85.75, 250.0, 320
76.5, 238.1, 320
86.4, 284.8, 320
72.75, 291.4, 320
86.75, 277.3, 320
90.4, 284.6, 320
129.60000000000002, 286.8, 320
78.25, 272.1, 320
73.85000000000001, 277.1, 320
78.25, 271.0, 320
76.75, 285.8, 320
83.60000000000001, 282.7, 320
70.25, 278.0, 320
85.75, 288.8, 320
78.5, 279.2, 320
69.2, 278.2, 320
126.60000000000002, 279.3, 320
75.15, 287.7, 320
70.0, 279.2, 320
75.8, 288.0, 320
86.69999999999999, 276.2, 320
91.75, 298.8, 320
74.55, 280.1, 320
85.0, 299.3, 320
63.099999999999994, 292.5, 320
73.55, 290.3, 320
86.15, 280.6, 320
61.349999999999994, 274.4, 320
81.75, 278.6, 320
75.14999999999999, 283.6, 320
81.94999999999999, 266.1, 320
83.0, 277.0, 320
82.8, 277.2, 320
74.64999999999999, 279.9, 320
79.35, 274.5, 320
76.8, 275.3, 320
70.2, 286.0, 320
80.75, 290.9, 320
83.0, 271.8, 320
72.15, 278.3, 320
79.05, 274.5, 320
81.14999999999999, 284.4, 320
84.15, 282.0, 320
69.8, 287.1, 320
95.0, 278.3, 320
74.95, 290.5, 320
79.69999999999999, 293.4, 320
82.64999999999999, 280.7, 320
83.85, 281.4, 320
82.85, 250.0, 320
71.55, 275.8, 320
92.0, 274.9, 320
75.35, 267.1, 320
72.25, 269.2, 320
85.69999999999999, 290.9, 320
73.75, 283.6, 320
73.85000000000001, 278.4, 320
85.75, 279.3, 320
86.45, 268.8, 320
76.64999999999999, 279.9, 320
86.5, 282.6, 320
73.45, 257.5, 320
76.39999999999999, 259.8, 320
75.05, 281.8, 320
81.60000000000001, 279.8, 320
78.14999999999999, 246.0, 320
75.14999999999999, 274.4, 320
70.55, 288.8, 320
73.5, 281.3, 320
88.0, 285.0, 320
70.0, 287.8, 320
69.05, 273.3, 320
71.0, 257.5, 320
83.25, 280.3, 320
81.45, 282.4, 320
71.8, 286.4, 320
75.14999999999999, 277.0, 320
86.85, 281.8, 320
71.85000000000001, 280.3, 320
72.15, 282.5, 320
85.15, 294.2, 320
75.55, 241.2, 320
78.55, 266.0, 320
79.94999999999999, 263.4, 320
77.25, 232.6, 320
71.5, 279.9, 320
74.05, 284.8, 320
70.0, 283.9, 320
88.19999999999999, 272.9, 320
87.4, 286.8, 320
72.25, 275.5, 320
77.55, 290.3, 320
83.0, 298.8, 320
82.15, 287.1, 320
70.85000000000001, 286.5, 320
82.85, 240.9, 320
83.64999999999999, 268.0, 320
76.8, 271.8, 320
68.4, 283.5, 320
87.15, 282.0, 320
80.85, 278.3, 320
76.25, 273.3, 320
65.2, 291.4, 320
82.45, 285.3, 320
84.35, 286.2, 320
78.85000000000001, 290.3, 320
66.2, 296.5, 320
81.19999999999999, 280.4, 320
70.95, 284.4, 320
64.5, 283.6, 320
72.5, 292.6, 320
96.0, 282.8, 320
77.44999999999999, 276.1, 320
72.5, 276.2, 320
81.69999999999999, 286.8, 320
88.75, 283.4, 320
75.25, 280.4, 320
69.25, 289.1, 320
83.4, 275.6, 320
74.35, 287.8, 320
76.39999999999999, 278.8, 320
80.75, 269.9, 320
73.25, 263.5, 320
74.14999999999999, 283.9, 320
75.75, 288.1, 320
76.35, 283.5, 320
83.45, 284.4, 320
122.60000000000002, 296.1, 320
91.0, 274.9, 320
93.75, 281.3, 320
87.0, 283.1, 320
88.75, 240.9, 320
78.94999999999999, 284.3, 320
72.75, 288.9, 320
83.0, 258.6, 320
77.15, 286.3, 320
84.35, 289.6, 320
78.94999999999999, 281.5, 320
88.85, 283.6, 320
64.4, 280.3, 320
77.44999999999999, 273.8, 320
82.7, 293.6, 320
76.05, 268.8, 320
81.14999999999999, 278.0, 320
60.099999999999994, 287.6, 320
90.4, 280.4, 320
83.45, 279.3, 320
72.55, 286.8, 320
68.2, 268.8, 320
88.69999999999999, 270.6, 320
82.69999999999999, 279.2, 320
72.75, 282.6, 320
77.5, 293.4, 320
65.2, 290.3, 320
80.8, 292.8, 320
72.55, 283.1, 320
79.45, 284.9, 320
76.25, 286.6, 320
67.5, 298.8, 320
79.85, 283.4, 320
70.55, 284.3, 320
77.55, 282.8, 320
73.8, 279.8, 320
82.35, 273.1, 320
126.60000000000002, 283.5, 320
74.55, 282.1, 320
81.45, 286.7, 320
71.8, 276.1, 320
83.0, 294.1, 320
79.14999999999999, 277.2, 320
75.85, 285.9, 320
67.05, 298.8, 320
83.85, 270.3, 320
79.55, 275.8, 320
86.69999999999999, 281.6, 320
78.25, 281.4, 320
71.55, 263.5, 320
83.85, 277.1, 320
80.60000000000001, 292.8, 320
83.1, 279.0, 320
75.85000000000001, 275.6, 320
90.0, 284.6, 320
79.35, 283.2, 320
77.14999999999999, 277.0, 320
76.60000000000001, 264.3, 320
80.69999999999999, 270.6, 320
73.8, 285.0, 320
74.60000000000001, 283.3, 320
74.35, 288.8, 320
81.05, 295.4, 320
89.0, 269.5, 320
86.3, 280.8, 320
66.2, 270.6, 320
83.64999999999999, 284.8, 320
73.55, 288.2, 320
90.4, 286.3, 320
69.25, 278.4, 320
87.85, 288.9, 320
79.05, 251.0, 320
79.85, 203.1, 320
67.95, 277.0, 320
89.15, 278.1, 320
86.75, 283.9, 320
75.55, 275.6, 320
70.85000000000001, 281.4, 320
79.35, 255.1, 320
89.5, 277.7, 320
75.64999999999999, 290.3, 320
71.85000000000001, 279.2, 320
71.55, 282.6, 320
124.60000000000002, 276.5, 320
81.45, 284.6, 320
75.35, 289.3, 320
71.25, 287.7, 320
73.39999999999999, 276.2, 320
76.7, 265.6, 320
76.25, 275.9, 320
70.75, 265.4, 320
79.69999999999999, 281.6, 320
74.25, 270.4, 320
79.35, 287.8, 320
73.15, 277.1, 320
75.75, 278.2, 320
68.0, 280.3, 320
79.19999999999999, 280.9, 320
78.8, 281.0, 320
73.39999999999999, 249.6, 320
77.75, 288.3, 320
75.85, 286.8, 320
80.45, 296.3, 320
87.19999999999999, 285.6, 320
77.55, 282.3, 320
69.2, 254.2, 320
78.25, 289.0, 320
82.0, 270.6, 320
88.3, 275.2, 320
74.5, 282.3, 320
72.75, 288.1, 320
78.85000000000001, 284.4, 320
84.75, 284.4, 320
84.75, 287.7, 320
68.2, 281.8, 320
88.3, 274.4, 320
82.1, 291.4, 320
78.05, 268.8, 320
76.25, 283.6, 320
84.3, 284.8, 320
79.15, 274.4, 320
88.35, 274.2, 320
79.75, 269.4, 320
83.15, 283.9, 320
80.69999999999999, 279.8, 320
87.19999999999999, 258.2, 320
73.8, 286.5, 320
78.25, 278.4, 320
74.55, 274.8, 320
72.25, 292.3, 320
75.45, 281.7, 320
74.60000000000001, 255.2, 320
75.8, 261.6, 320
67.5, 242.3, 320
74.7, 240.9, 320
83.85, 268.8, 320
83.85, 283.1, 320
71.5, 287.2, 320
82.14999999999999, 282.0, 320
77.14999999999999, 299.9, 320
79.14999999999999, 289.3, 320
85.85, 285.0, 320
84.45, 299.9, 320
69.75, 290.1, 320
74.35, 284.8, 320
74.45, 281.7, 320
55.349999999999994, 295.0, 320
75.39999999999999, 284.4, 320
89.0, 280.9, 320
63.349999999999994, 288.3, 320
87.69999999999999, 277.0, 320
65.0, 275.7, 320
69.0, 287.7, 320
82.14999999999999, 276.2, 320
71.8, 281.7, 320
88.85, 281.3, 320
77.14999999999999, 277.0, 320
75.25, 282.0, 320
59.349999999999994, 283.5, 320
82.0, 284.8, 320
77.8, 290.3, 320
72.2, 275.8, 320
82.15, 285.7, 320
93.3, 275.8, 320
79.7, 281.0, 320
70.85000000000001, 274.2, 320
61.349999999999994, 288.1, 320
75.94999999999999, 281.3, 320
83.75, 282.3, 320
81.14999999999999, 276.8, 320
84.75, 295.4, 320
71.39999999999999, 244.2, 320
71.15, 273.3, 320
80.85, 277.0, 320
75.1, 265.4, 320
81.1, 285.9, 320
86.85, 280.4, 320
81.35, 280.1, 320
87.0, 265.3, 320
91.5, 283.8, 320
73.4, 279.0, 320
83.64999999999999, 282.3, 320
70.55, 287.1, 320
80.69999999999999, 289.3, 320
83.75, 277.2, 320
96.0, 266.0, 320
85.85, 275.4, 320
70.85000000000001, 281.8, 320
66.2, 290.7, 320
71.75, 274.2, 320
74.8, 265.9, 320
76.8, 290.6, 320
90.4, 272.2, 320
83.35, 286.5, 320
82.85, 261.6, 320
64.4, 271.0, 320
93.75, 244.1, 320
79.25, 268.0, 320
88.19999999999999, 274.2, 320
90.5, 256.9, 320
61.349999999999994, 286.2, 320
80.85, 280.2, 320
81.45, 286.2, 320
84.85, 280.9, 320
89.15, 283.5, 320
74.15, 275.1, 320
75.75, 279.2, 320
80.45, 265.3, 320
85.35, 281.4, 320
81.8, 281.1, 320
77.9, 288.9, 320
74.45, 268.0, 320
87.85, 269.3, 320
77.44999999999999, 283.9, 320
74.45, 280.2, 320
77.55, 265.4, 320
87.69999999999999, 288.3, 320
85.75, 238.1, 320
70.85000000000001, 289.3, 320
70.2, 275.7, 320
79.64999999999999, 266.8, 320
86.35, 241.2, 320
69.39999999999999, 280.6, 320
88.85, 290.7, 320
78.15, 277.0, 320
71.4, 278.0, 320
83.19999999999999, 272.5, 320
73.45, 282.7, 320
78.14999999999999, 290.7, 320
72.25, 280.3, 320
83.35, 280.6, 320
83.14999999999999, 242.3, 320
63.349999999999994, 275.0, 320
88.35, 291.9, 320
74.25, 282.7, 320
70.4, 284.3, 320
82.35, 274.0, 320
82.0, 256.0, 320
70.39999999999999, 240.9, 320
86.5, 279.3, 320
78.15, 275.7, 320
80.14999999999999, 294.8, 320
77.8, 268.9, 320
72.39999999999999, 288.3, 320
87.15, 281.1, 320
84.0, 241.2, 320
81.35, 277.0, 320
75.15, 281.8, 320
83.60000000000001, 289.1, 320
64.0, 248.4, 320
82.45, 242.3, 320
75.5, 282.8, 320
76.9, 283.1, 320
71.8, 236.4, 320
75.55, 272.2, 320
74.60000000000001, 279.2, 320
78.55, 293.6, 320
75.85, 266.6, 320
66.95, 280.7, 320
75.25, 273.7, 320
60.099999999999994, 265.6, 320
73.39999999999999, 294.8, 320
75.8, 270.6, 320
79.14999999999999, 286.8, 320
81.60000000000001, 288.1, 320
73.8, 281.0, 320
76.45, 280.5, 320
70.5, 288.9, 320
61.349999999999994, 284.2, 320
86.19999999999999, 277.1, 320
80.0, 289.8, 320
73.94999999999999, 267.3, 320
80.85, 288.2, 320
74.05, 279.0, 320
90.0, 263.5, 320
84.0, 287.6, 320
74.25, 272.8, 320
76.55, 298.8, 320
83.85, 281.3, 320
75.85, 294.2, 320
84.75, 284.9, 320
93.0, 261.2, 320
76.45, 280.3, 320
77.14999999999999, 284.9, 320
68.75, 278.6, 320
76.45, 274.4, 320
86.75, 286.8, 320
75.45, 279.4, 320
74.7, 292.5, 320
76.55, 287.4, 320
77.9, 287.7, 320
75.1, 267.1, 320
79.14999999999999, 271.0, 320
79.85, 276.1, 320
86.0, 281.4, 320
83.25, 281.1, 320
80.0, 280.0, 320
80.44999999999999, 265.3, 320
80.75, 286.5, 320
76.25, 288.1, 320
82.75, 279.2, 320
76.85, 284.4, 320
76.39999999999999, 263.5, 320
79.05, 288.3, 320
87.19999999999999, 281.3, 320
70.5, 278.6, 320
83.69999999999999, 275.2, 320
71.4, 276.5, 320
84.5, 280.9, 320
84.0, 299.9, 320
82.15, 272.8, 320
69.25, 283.2, 320
82.0, 281.8, 320
78.1, 278.5, 320
86.85, 286.0, 320
86.75, 290.6, 320
86.69999999999999, 287.6, 320
78.25, 280.1, 320
74.55, 263.9, 320
84.15, 279.2, 320
77.8, 278.5, 320
81.25, 258.2, 320
78.25, 276.2, 320
74.25, 275.6, 320
70.05, 280.9, 320
78.25, 287.8, 320
82.85, 256.1, 320
80.05, 274.8, 320
69.25, 266.6, 320
73.39999999999999, 284.3, 320
66.2, 286.7, 320
73.95, 285.9, 320
74.14999999999999, 251.0, 320
71.8, 278.0, 320
88.19999999999999, 271.2, 320
69.85000000000001, 242.3, 320
79.25, 264.8, 320
69.39999999999999, 287.1, 320
69.55, 268.8, 320
59.349999999999994, 275.5, 320
75.85000000000001, 286.1, 320
80.85, 276.1, 320
75.8, 283.0, 320
67.1, 272.7, 320
74.05, 290.1, 320
80.55, 273.3, 320
75.05, 278.4, 320
67.1, 289.2, 320
82.69999999999999, 275.8, 320
77.85, 289.8, 320
82.0, 274.6, 320
76.75, 281.4, 320
75.45, 270.3, 320
86.15, 281.3, 320
70.15, 278.5, 320
56.349999999999994, 286.2, 320
82.85, 277.0, 320
79.8, 244.1, 320
79.25, 275.7, 320
86.69999999999999, 282.8, 320
130.60000000000002, 287.1, 320
84.0, 286.3, 320
64.2, 289.3, 320
74.55, 270.4, 320
70.85000000000001, 279.0, 320
72.25, 282.6, 320
83.85, 266.3, 320
78.25, 284.1, 320
74.25, 282.0, 320
80.7, 284.2, 320
75.1, 274.9, 320
75.9, 287.8, 320
65.1, 289.3, 320
77.39999999999999, 273.3, 320
78.85000000000001, 236.4, 320
82.44999999999999, 282.3, 320
73.95, 284.6, 320
81.14999999999999, 288.1, 320
63.349999999999994, 280.1, 320
74.8, 238.1, 320
89.0, 283.5, 320
66.95, 251.0, 320
89.0, 258.2, 320
76.14999999999999, 265.9, 320
70.75, 263.9, 320
76.55, 270.6, 320
79.69999999999999, 274.8, 320
74.05, 274.9, 320
74.64999999999999, 270.1, 320
67.0, 283.3, 320
78.55, 275.6, 320
79.75, 273.7, 320
86.0, 277.0, 320
73.75, 269.5, 320
78.7, 278.2, 320
73.75, 282.5, 320
93.5, 289.1, 320
85.85, 287.1, 320
69.75, 242.3, 320
71.75, 278.3, 320
77.9, 283.2, 320
75.35, 280.4, 320
65.4, 285.1, 320
86.75, 261.2, 320
126.60000000000002, 273.3, 320
69.75, 278.3, 320
77.45, 265.3, 320
86.75, 274.6, 320
82.1, 284.6, 320
81.44999999999999, 278.4, 320
74.64999999999999, 295.5, 320
72.95, 200.5, 320
67.2, 290.7, 320
80.69999999999999, 275.4, 320
87.85, 292.5, 320
85.5, 295.0, 320
70.55, 276.3, 320
78.25, 246.0, 320
74.85000000000001, 279.0, 320
74.39999999999999, 279.9, 320
73.5, 277.0, 320
79.85, 276.1, 320
70.5, 285.9, 320
81.75, 281.7, 320
64.4, 280.4, 320
81.35, 278.3, 320
68.75, 292.6, 320
74.85000000000001, 289.1, 320
77.7, 295.0, 320
82.75, 283.5, 320
71.4, 278.1, 320
123.60000000000002, 232.6, 320
74.64999999999999, 282.8, 320
88.45, 280.7, 320
79.44999999999999, 269.8, 320
81.25, 277.0, 320
90.4, 286.5, 320
71.75, 284.9, 320
69.2, 265.3, 320
74.75, 290.5, 320
79.94999999999999, 285.3, 320
84.0, 232.6, 320
84.35, 282.8, 320
74.35, 292.5, 320
82.60000000000001, 290.6, 320
76.7, 286.8, 320
66.05, 293.4, 320
73.25, 277.1, 320
126.60000000000002, 284.5, 320
75.85000000000001, 281.3, 320
78.15, 290.3, 320
69.39999999999999, 276.7, 320
82.35, 263.4, 320
74.7, 278.5, 320
69.39999999999999, 284.8, 320
80.15, 292.6, 320
72.15, 281.9, 320
81.14999999999999, 289.6, 320
83.19999999999999, 288.2, 320
80.85, 287.1, 320
70.75, 266.1, 320
78.85, 269.2, 320
82.0, 282.6, 320
76.64999999999999, 285.9, 320
75.35, 278.0, 320
88.35, 279.4, 320
129.60000000000002, 283.5, 320
70.39999999999999, 280.4, 320
74.8, 274.2, 320
80.44999999999999, 287.1, 320
81.94999999999999, 293.4, 320
83.25, 269.9, 320
89.0, 284.6, 320
123.60000000000002, 290.7, 320
78.55, 279.1, 320
69.39999999999999, 263.4, 320
90.0, 246.8, 320
85.0, 284.0, 320
78.25, 272.7, 320
126.60000000000002, 282.7, 320
76.55, 270.6, 320
75.85, 285.6, 320
87.75, 285.9, 320
85.45, 295.4, 320
91.3, 274.0, 320
67.75, 273.3, 320
82.35, 275.6, 320
69.25, 289.2, 320
79.1, 278.3, 320
76.55, 277.2, 320
55.349999999999994, 274.9, 320
65.5, 251.0, 320
76.15, 288.1, 320
72.39999999999999, 273.6, 320
68.4, 285.1, 320
87.75, 287.7, 320
90.5, 277.0, 320
89.0, 281.0, 320
79.19999999999999, 288.3, 320
71.05, 287.6, 320
81.35, 284.0, 320
74.85000000000001, 279.2, 320
73.0, 278.2, 320
123.60000000000002, 281.5, 320
57.349999999999994, 280.1, 320
85.75, 275.7, 320
81.75, 259.4, 320
80.05, 281.1, 320
79.75, 288.3, 320
75.39999999999999, 278.5, 320
65.2, 263.9, 320
74.15, 277.0, 320
80.69999999999999, 286.0, 320
79.94999999999999, 284.1, 320
81.0, 280.4, 320
97.0, 284.8, 320
68.1, 284.6, 320
80.35, 263.5, 320
81.55, 274.2, 320
74.25, 286.3, 320
67.75, 288.9, 320
74.39999999999999, 275.8, 320
87.3, 285.1, 320
83.05, 284.8, 320
88.69999999999999, 290.3, 320
86.69999999999999, 286.3, 320
88.75, 284.6, 320
93.3, 278.5, 320
68.95, 278.1, 320
74.95, 287.1, 320
80.1, 289.8, 320
86.45, 273.3, 320
81.60000000000001, 265.9, 320
87.75, 273.8, 320
83.35, 272.7, 320
73.75, 261.6, 320
84.45, 283.2, 320
77.15, 263.5, 320
84.0, 278.8, 320
83.55, 240.9, 320
65.2, 285.9, 320
75.45, 280.3, 320
69.75, 265.3, 320
78.05, 276.8, 320
76.7, 289.8, 320
76.55, 281.3, 320
70.75, 277.0, 320
72.25, 281.9, 320
93.75, 284.9, 320
86.0, 249.6, 320
71.55, 288.8, 320
76.14999999999999, 282.6, 320
72.15, 288.3, 320
76.25, 280.5, 320
76.55, 278.6, 320
70.4, 285.9, 320
74.60000000000001, 258.2, 320
64.4, 283.0, 320
67.75, 277.1, 320
55.349999999999994, 264.8, 320
73.94999999999999, 278.4, 320
86.75, 279.0, 320
86.85, 281.0, 320
88.85, 286.8, 320
77.25, 282.4, 320
85.5, 284.5, 320
71.85000000000001, 274.0, 320
70.95, 285.1, 320
85.0, 284.4, 320
97.0, 273.4, 320
78.14999999999999, 287.7, 320
75.25, 261.6, 320
81.44999999999999, 290.4, 320
63.099999999999994, 298.8, 320
74.14999999999999, 284.9, 320
84.85, 288.3, 320
