77.55, 284.8, 280
75.60000000000001, 273.1, 280
84.7, 275.3, 280
87.15, 273.5, 280
167.0, 258.9, 280
81.05, 277.7, 280
84.0, 254.8, 280
81.8, 278.8, 280
81.55, 280.1, 280
86.85000000000001, 278.5, 280
80.05, 277.2, 280
85.45, 280.0, 280
80.85, 227.6, 280
89.65, 271.7, 280
69.2, 279.8, 280
85.85, 275.2, 280
79.35, 271.5, 280
76.2, 260.4, 280
84.15, 274.9, 280
84.35, 272.0, 280
82.15, 277.1, 280
73.2, 277.6, 280
130.0, 270.7, 280
89.5, 281.5, 280
79.25, 275.6, 280
92.65, 275.4, 280
87.3, 278.5, 280
80.3, 287.6, 280
85.19999999999999, 285.4, 280
149.0, 256.6, 280
82.0, 273.1, 280
96.64999999999999, 258.9, 280
85.65, 267.2, 280
75.45, 275.3, 280
89.3, 270.8, 280
102.0, 283.1, 280
82.25, 277.3, 280
87.15, 274.4, 280
96.75000000000001, 272.2, 280
87.1, 279.8, 280
81.0, 283.9, 280
86.35000000000001, 278.0, 280
83.25, 278.6, 280
92.2, 281.2, 280
74.45, 275.0, 280
84.5, 279.4, 280
89.5, 285.9, 280
89.3, 272.0, 280
70.45, 276.3, 280
98.3, 276.7, 280
84.75, 290.0, 280
164.0, 283.3, 280
84.1, 273.8, 280
83.75, 276.4, 280
89.7, 276.3, 280
107.7, 273.1, 280
88.75, 277.9, 280
66.7, 206.0, 280
91.5, 278.8, 280
79.25, 286.1, 280
73.45, 270.9, 280
86.7, 283.1, 280
90.3, 282.3, 280
120.0, 265.1, 280
87.65, 273.4, 280
90.5, 277.3, 280
88.35000000000001, 278.6, 280
91.35000000000001, 279.6, 280
97.3, 270.5, 280
88.5, 271.7, 280
91.85000000000001, 285.9, 280
92.85000000000001, 264.9, 280
72.4, 281.0, 280
88.39999999999999, 274.8, 280
80.8, 279.3, 280
84.75, 275.3, 280
81.2, 277.0, 280
87.85000000000001, 279.6, 280
74.85, 290.4, 280
128.60000000000002, 276.8, 280
94.3, 273.8, 280
77.14999999999999, 269.5, 280
100.7, 277.3, 280
84.75, 280.8, 280
78.2, 278.2, 280
80.75, 292.1, 280
102.7, 280.9, 280
78.2, 281.3, 280
90.65, 232.9, 280
92.3, 277.8, 280
123.60000000000002, 280.7, 280
83.8, 279.8, 280
84.75, 264.9, 280
88.75, 272.2, 280
93.75000000000001, 271.5, 280
81.14999999999999, 251.1, 280
88.35000000000001, 290.5, 280
83.45, 285.6, 280
83.05, 276.7, 280
70.25, 279.9, 280
87.35, 303.0, 360
92.75000000000001, 306.5, 360
67.05000000000001, 299.1, 360
73.05, 303.8, 360
73.8, 308.6, 360
67.4, 301.3, 360
68.05, 309.6, 360
69.5, 310.9, 360
73.65, 278.4, 360
70.55, 304.1, 360
60.900000000000006, 257.1, 360
81.14999999999999, 305.6, 360
54.150000000000006, 292.1, 360
61.45, 293.2, 360
78.14999999999999, 303.8, 360
78.4, 289.6, 360
59.45, 313.1, 360
77.3, 297.5, 360
75.55, 297.4, 360
94.0, 304.1, 360
83.3, 299.4, 360
81.75, 295.5, 360
73.9, 300.0, 360
62.599999999999994, 306.6, 360
58.8, 305.0, 360
70.45, 297.5, 360
62.599999999999994, 280.2, 360
77.5, 299.4, 360
70.55, 292.7, 360
66.45, 308.8, 360
67.5, 310.4, 360
64.75, 302.8, 360
76.7, 291.5, 360
63.45, 289.6, 360
68.85000000000001, 292.6, 360
71.3, 299.3, 360
73.9, 298.3, 360
61.75, 301.4, 360
73.75, 297.5, 360
72.60000000000001, 289.3, 360
70.8, 292.7, 360
59.099999999999994, 294.5, 360
69.45, 303.4, 360
75.75, 297.6, 360
64.75, 296.2, 360
70.75, 309.7, 360
75.75, 302.3, 360
70.75, 294.7, 360
73.5, 301.9, 360
83.75, 314.8, 360
62.75, 311.5, 360
82.75, 296.6, 360
74.4, 292.1, 360
70.3, 314.8, 360
75.8, 304.3, 360
70.35000000000001, 306.7, 360
98.0, 287.8, 360
71.60000000000001, 300.1, 360
65.3, 301.6, 360
73.5, 293.0, 360
81.14999999999999, 306.6, 360
73.5, 309.3, 360
80.1, 302.8, 360
69.7, 298.2, 360
72.55, 313.8, 360
61.75, 303.8, 360
65.5, 300.1, 360
67.5, 304.0, 360
64.75, 293.0, 360
68.6, 304.6, 360
76.64999999999999, 255.4, 360
66.2, 306.1, 360
56.8, 297.3, 360
59.8, 276.5, 360
76.7, 297.0, 360
71.35000000000001, 290.0, 360
105.0, 298.8, 360
70.05, 304.1, 360
62.099999999999994, 297.5, 360
58.150000000000006, 303.9, 360
67.05, 302.9, 360
82.75, 296.0, 360
67.35000000000001, 270.0, 360
82.0, 298.2, 360
81.4, 315.3, 360
82.75, 293.0, 360
64.3, 255.4, 360
78.35000000000001, 299.2, 360
73.5, 305.5, 360
72.5, 292.0, 360
62.8, 294.9, 360
76.5, 302.6, 360
76.64999999999999, 299.3, 360
77.55, 306.7, 360
66.5, 298.9, 360
82.14999999999999, 306.2, 360
83.75, 293.0, 360
63.35000000000001, 293.6, 360
77.4, 300.8, 360
70.35000000000001, 299.3, 360
77.9, 307.8, 360
70.5, 261.3, 360
78.75, 294.6, 360
59.55, 306.8, 360
68.6, 289.1, 360
60.2, 299.3, 360
72.05, 270.0, 360
65.05, 298.7, 360
64.05000000000001, 302.5, 360
70.8, 312.2, 360
70.5, 303.3, 360
71.55, 314.0, 360
81.7, 286.3, 360
66.75, 303.8, 360
66.65, 307.2, 360
77.75, 311.8, 360
66.5, 294.7, 360
59.150000000000006, 251.6, 360
65.05000000000001, 292.4, 360
61.599999999999994, 306.5, 360
65.2, 292.3, 360
114.0, 300.0, 360
61.599999999999994, 305.3, 360
62.8, 295.1, 360
67.65, 305.0, 360
64.35000000000001, 307.9, 360
68.3, 298.4, 360
64.4, 294.0, 360
62.05000000000001, 314.5, 360
80.14999999999999, 306.7, 360
64.75, 308.3, 360
67.3, 299.4, 360
73.9, 307.3, 360
79.7, 309.9, 360
77.7, 307.1, 360
67.05000000000001, 303.8, 360
64.75, 308.3, 360
58.75, 302.5, 360
67.65, 305.2, 360
75.5, 303.8, 360
70.3, 284.4, 360
69.5, 259.9, 360
60.150000000000006, 288.5, 360
63.55, 301.0, 360
64.60000000000001, 309.9, 360
70.55, 305.1, 360
66.3, 299.1, 360
76.3, 312.6, 360
72.85000000000001, 305.0, 360
89.0, 308.3, 360
74.75, 306.7, 360
74.7, 306.5, 360
56.150000000000006, 298.2, 360
81.14999999999999, 294.0, 360
78.75, 294.5, 360
70.35000000000001, 306.1, 360
75.3, 298.1, 360
60.599999999999994, 290.2, 360
66.15, 303.6, 360
66.9, 315.5, 360
69.9, 303.3, 360
93.0, 302.3, 360
74.75, 303.4, 360
62.75, 288.5, 360
72.9, 256.9, 360
69.5, 310.4, 360
73.35000000000001, 291.1, 360
76.7, 306.1, 360
81.75, 307.2, 360
62.05000000000001, 259.9, 360
70.7, 298.8, 360
70.3, 309.6, 360
63.8, 299.4, 360
78.8, 309.8, 360
78.75, 300.7, 360
76.75, 301.2, 360
80.3, 299.4, 360
61.599999999999994, 306.6, 360
96.0, 296.0, 360
68.60000000000001, 297.3, 360
80.64999999999999, 303.2, 360
71.75, 280.6, 360
74.35000000000001, 297.0, 360
76.85000000000001, 300.7, 360
80.14999999999999, 303.4, 360
63.599999999999994, 273.3, 360
67.75, 302.4, 360
67.6, 298.7, 360
72.4, 303.4, 360
67.5, 302.1, 360
62.05000000000001, 304.3, 360
67.5, 292.3, 360
58.8, 297.8, 360
62.05000000000001, 276.4, 360
62.599999999999994, 294.7, 360
62.8, 261.3, 360
75.1, 308.0, 360
58.8, 299.8, 360
59.05000000000001, 298.8, 360
65.8, 301.9, 360
65.9, 295.1, 360
75.4, 294.2, 360
80.4, 305.0, 360
79.4, 297.4, 360
73.60000000000001, 291.5, 360
80.3, 303.4, 360
64.5, 298.2, 360
75.7, 282.9, 360
65.75, 313.1, 360
86.0, 302.6, 360
60.45, 298.0, 360
67.4, 302.0, 360
67.2, 306.7, 360
74.1, 299.1, 360
107.0, 306.6, 360
76.8, 289.4, 360
70.4, 292.8, 360
59.599999999999994, 291.1, 360
75.35000000000001, 303.7, 360
74.55, 302.2, 360
73.3, 295.1, 360
80.14999999999999, 297.4, 360
64.85000000000001, 309.4, 360
82.14999999999999, 276.8, 360
66.45, 287.9, 360
75.35000000000001, 292.7, 360
81.55, 286.1, 360
74.45, 292.7, 360
64.4, 302.8, 360
70.5, 302.3, 360
78.75, 297.1, 360
77.7, 296.2, 360
81.1, 294.9, 360
65.60000000000001, 306.1, 360
73.85000000000001, 299.0, 360
77.75, 313.2, 360
70.5, 308.6, 360
62.75, 314.0, 360
82.75, 299.3, 360
77.8, 298.3, 360
60.45, 292.4, 360
64.35000000000001, 265.8, 360
65.1, 293.2, 360
58.75, 291.1, 360
65.35000000000001, 305.8, 360
63.099999999999994, 306.7, 360
72.05, 305.6, 360
81.9, 269.0, 360
66.60000000000001, 307.3, 360
58.900000000000006, 222.1, 360
91.0, 313.2, 360
87.8, 307.3, 360
78.14999999999999, 261.3, 360
71.35000000000001, 300.1, 360
70.4, 303.9, 360
77.75, 292.8, 360
77.85000000000001, 296.0, 360
81.64999999999999, 299.6, 360
80.75, 302.3, 360
78.45, 297.5, 360
70.5, 302.8, 360
81.55, 300.7, 360
71.85000000000001, 296.0, 360
80.75, 298.8, 360
56.55, 304.0, 360
66.75, 313.1, 360
78.1, 300.1, 360
68.2, 300.7, 360
81.8, 301.2, 360
75.5, 300.7, 360
61.900000000000006, 301.1, 360
62.599999999999994, 302.2, 360
67.45, 298.3, 360
76.5, 306.6, 360
80.75, 283.8, 360
66.45, 301.1, 360
81.7, 301.0, 360
75.14999999999999, 261.1, 360
66.35000000000001, 301.8, 360
81.75, 301.0, 360
72.5, 313.2, 360
77.75, 304.3, 360
75.5, 307.9, 360
67.3, 268.6, 360
72.5, 275.0, 360
59.900000000000006, 291.7, 360
62.45, 304.7, 360
81.1, 296.2, 360
77.7, 312.1, 360
64.75, 302.6, 360
69.5, 282.4, 360
76.9, 307.2, 360
79.64999999999999, 308.3, 360
69.5, 297.7, 360
74.14999999999999, 294.9, 360
72.35000000000001, 306.8, 360
83.75, 282.9, 360
74.85000000000001, 302.6, 360
80.14999999999999, 300.6, 360
68.2, 305.5, 360
64.2, 288.5, 360
58.85000000000001, 303.8, 360
72.45, 255.4, 360
71.35000000000001, 305.2, 360
77.75, 311.5, 360
80.0, 304.0, 360
60.85000000000001, 288.5, 360
58.900000000000006, 301.5, 360
80.4, 293.5, 360
59.85000000000001, 312.1, 360
82.64999999999999, 302.3, 360
86.0, 306.1, 360
77.85000000000001, 294.9, 360
55.55, 307.9, 360
66.5, 291.5, 360
75.35000000000001, 301.0, 360
79.4, 307.4, 360
66.6, 305.2, 360
66.45, 307.3, 360
75.55, 302.9, 360
73.5, 289.3, 360
81.3, 303.0, 360
77.45, 299.5, 360
80.75, 294.7, 360
83.75, 294.7, 360
66.4, 288.0, 360
68.45, 294.9, 360
74.4, 295.3, 360
65.1, 302.5, 360
75.35000000000001, 300.1, 360
75.35000000000001, 300.7, 360
80.14999999999999, 297.5, 360
75.55, 298.4, 360
62.05000000000001, 294.9, 360
64.4, 303.8, 360
106.0, 307.4, 360
58.75, 296.0, 360
70.75, 263.2, 360
70.7, 299.6, 360
110.0, 302.6, 360
77.35000000000001, 295.7, 360
73.9, 301.3, 360
64.4, 251.6, 360
75.64999999999999, 303.4, 360
71.5, 295.2, 360
62.45, 305.0, 360
68.6, 307.9, 360
71.60000000000001, 309.7, 360
69.35000000000001, 298.0, 360
82.3, 318.9, 360
69.75, 293.8, 360
76.14999999999999, 306.6, 360
80.9, 294.6, 360
77.85000000000001, 292.7, 360
64.4, 297.4, 360
79.55, 232.2, 360
70.3, 314.5, 360
77.35000000000001, 298.2, 360
77.75, 301.4, 360
73.65, 304.9, 360
72.35000000000001, 304.7, 360
67.65, 307.3, 360
64.3, 306.3, 360
67.05, 301.1, 360
80.8, 284.4, 360
68.45, 298.5, 360
69.4, 296.0, 360
70.7, 299.0, 360
66.05000000000001, 303.8, 360
63.35000000000001, 305.5, 360
78.45, 280.2, 360
74.85000000000001, 284.6, 360
79.8, 304.1, 360
69.65, 291.9, 360
73.9, 300.4, 360
67.05000000000001, 299.1, 360
55.8, 303.9, 360
71.35000000000001, 288.5, 360
80.8, 292.4, 360
71.65, 295.5, 360
70.8, 295.8, 360
60.55, 301.7, 360
64.5, 303.8, 360
59.150000000000006, 297.4, 360
55.55, 304.3, 360
72.3, 296.0, 360
74.5, 308.6, 360
69.5, 297.1, 360
81.7, 297.5, 360
66.75, 299.1, 360
62.150000000000006, 297.0, 360
77.4, 297.5, 360
76.8, 293.4, 360
74.75, 283.3, 360
75.75, 299.5, 360
75.35000000000001, 302.3, 360
80.9, 297.4, 360
67.75, 295.7, 360
59.05000000000001, 293.3, 360
77.3, 306.7, 360
71.85000000000001, 298.2, 360
83.14999999999999, 301.2, 360
81.0, 301.3, 360
77.55, 284.6, 360
73.55, 297.3, 360
72.7, 303.0, 360
64.5, 299.3, 360
76.4, 301.1, 360
77.8, 304.9, 360
78.9, 287.9, 360
68.45, 296.1, 360
60.35000000000001, 288.5, 360
74.75, 300.4, 360
72.5, 314.5, 360
82.4, 293.0, 360
74.14999999999999, 307.3, 360
76.5, 307.3, 360
65.05000000000001, 294.5, 360
62.75, 296.1, 360
69.35000000000001, 301.5, 360
85.0, 308.8, 360
65.65, 308.3, 360
73.75, 294.9, 360
74.35000000000001, 261.3, 360
109.0, 294.5, 360
78.64999999999999, 305.2, 360
56.55, 276.5, 360
78.5, 307.3, 360
69.85000000000001, 299.6, 360
77.7, 303.4, 360
71.35000000000001, 297.4, 360
78.8, 275.0, 360
59.150000000000006, 294.2, 360
69.5, 296.1, 360
81.75, 285.6, 360
76.55, 297.4, 360
63.2, 307.9, 360
67.3, 301.3, 360
69.35000000000001, 303.8, 360
73.75, 294.8, 360
73.75, 274.1, 360
65.75, 311.6, 360
58.75, 276.4, 360
61.75, 298.4, 360
61.099999999999994, 301.3, 360
62.35000000000001, 304.5, 360
63.2, 275.0, 360
69.5, 310.4, 360
74.5, 301.7, 360
71.3, 284.3, 360
75.8, 310.9, 360
75.4, 304.6, 360
75.35000000000001, 292.6, 360
82.55, 299.2, 360
74.4, 312.6, 360
75.14999999999999, 295.1, 360
69.7, 297.5, 360
67.4, 293.8, 360
70.7, 306.8, 360
69.35000000000001, 303.4, 360
66.35000000000001, 307.1, 360
66.6, 308.3, 360
74.9, 306.6, 360
76.14999999999999, 293.6, 360
70.3, 300.0, 360
80.4, 294.9, 360
76.14999999999999, 310.1, 360
54.55, 293.1, 360
57.150000000000006, 259.9, 360
67.60000000000001, 294.4, 360
79.3, 287.8, 360
67.75, 289.4, 360
63.45, 302.6, 360
69.4, 305.0, 360
70.35000000000001, 304.8, 360
67.75, 307.2, 360
59.599999999999994, 303.4, 360
64.6, 303.3, 360
61.55, 303.8, 360
66.05, 297.8, 360
73.7, 295.2, 360
82.55, 302.3, 360
82.8, 297.4, 360
78.7, 278.8, 360
61.55, 298.2, 360
71.60000000000001, 300.6, 360
69.35000000000001, 318.9, 360
64.75, 222.1, 360
69.45, 307.9, 360
66.1, 276.5, 360
64.45, 298.0, 360
69.05, 280.6, 360
66.3, 296.0, 360
76.3, 284.4, 360
80.64999999999999, 306.8, 360
66.3, 306.8, 360
65.35000000000001, 309.9, 360
65.85000000000001, 298.9, 360
59.75, 309.4, 360
79.4, 304.9, 360
62.35000000000001, 308.6, 360
82.14999999999999, 297.8, 360
78.14999999999999, 301.8, 360
79.14999999999999, 304.0, 360
56.8, 295.5, 360
82.3, 297.3, 360
78.4, 300.1, 360
67.5, 293.0, 360
83.55, 302.6, 360
66.5, 314.0, 360
69.35000000000001, 299.4, 360
67.9, 290.2, 360
71.4, 304.0, 360
77.7, 312.6, 360
75.75, 302.9, 360
70.5, 299.2, 360
76.5, 311.5, 360
71.7, 300.8, 360
64.1, 292.4, 360
58.55, 306.7, 360
67.5, 307.4, 360
79.7, 297.3, 360
63.2, 298.2, 360
65.45, 297.0, 360
71.75, 299.9, 360
82.3, 293.0, 360
73.85000000000001, 305.8, 360
67.65, 289.1, 360
80.3, 304.8, 360
70.05, 296.0, 360
66.75, 303.5, 360
68.45, 299.0, 360
74.14999999999999, 278.8, 360
72.75, 303.3, 360
83.55, 282.5, 360
81.64999999999999, 304.9, 360
71.35000000000001, 307.6, 360
68.05000000000001, 308.9, 360
65.1, 297.0, 360
77.5, 309.7, 360
65.9, 282.8, 360
59.75, 296.0, 360
65.35000000000001, 306.8, 360
75.45, 291.1, 360
69.45, 304.0, 360
77.64999999999999, 305.1, 360
81.64999999999999, 307.9, 360
71.60000000000001, 300.3, 360
69.3, 298.2, 360
72.75, 304.9, 360
65.45, 298.5, 360
66.35000000000001, 312.4, 360
56.150000000000006, 306.7, 360
81.14999999999999, 301.3, 360
66.5, 284.9, 360
75.5, 290.2, 360
68.65, 304.0, 360
72.5, 302.2, 360
78.14999999999999, 297.6, 360
76.35000000000001, 304.8, 360
65.4, 300.3, 360
75.35000000000001, 284.4, 360
66.85000000000001, 260.2, 360
59.2, 308.8, 360
64.75, 306.2, 360
60.2, 297.1, 360
76.75, 312.6, 360
78.7, 298.9, 360
75.7, 297.7, 360
70.5, 304.7, 360
117.0, 308.9, 360
71.3, 305.5, 360
72.8, 299.7, 360
77.14999999999999, 308.6, 360
81.75, 303.6, 360
71.5, 302.2, 360
64.3, 300.3, 360
70.65, 303.9, 360
70.35000000000001, 300.3, 360
82.4, 299.3, 360
63.2, 289.3, 360
81.75, 292.4, 360
62.8, 308.6, 360
84.3, 305.4, 360
72.75, 276.8, 360
79.14999999999999, 300.0, 360
64.2, 313.1, 360
68.3, 296.7, 360
82.7, 302.0, 360
73.5, 315.1, 360
60.35000000000001, 316.1, 360
75.55, 303.4, 360
73.45, 298.2, 360
66.5, 300.1, 360
74.4, 297.3, 360
81.4, 308.0, 360
81.3, 297.3, 360
71.75, 303.4, 360
58.8, 307.0, 360
64.0, 301.4, 360
79.1, 251.6, 360
74.75, 301.3, 360
60.35000000000001, 285.8, 360
82.7, 298.1, 360
80.55, 303.3, 360
68.65, 299.2, 360
73.85000000000001, 294.8, 360
72.45, 295.7, 360
78.75, 303.8, 360
74.75, 292.7, 360
77.7, 301.4, 360
75.85000000000001, 296.0, 360
69.3, 297.4, 360
76.4, 291.7, 360
110.0, 306.6, 360
61.599999999999994, 301.0, 360
71.7, 299.8, 360
81.9, 302.5, 360
75.3, 300.3, 360
86.8, 307.2, 360
74.75, 306.7, 360
66.5, 300.3, 360
67.5, 305.5, 360
71.9, 297.5, 360
70.5, 286.3, 360
80.1, 307.8, 360
67.6, 298.4, 360
73.85000000000001, 298.9, 360
64.9, 300.8, 360
55.150000000000006, 301.7, 360
72.3, 282.9, 360
70.75, 307.2, 360
62.900000000000006, 299.6, 360
60.05000000000001, 306.1, 360
76.1, 299.3, 360
67.6, 299.7, 360
59.75, 294.2, 360
59.85000000000001, 292.4, 360
85.0, 273.2, 360
69.75, 296.2, 360
78.35000000000001, 299.3, 360
69.75, 303.0, 360
75.64999999999999, 298.7, 360
73.75, 294.4, 360
76.7, 303.0, 360
60.35000000000001, 293.8, 360
65.60000000000001, 277.6, 360
76.9, 222.1, 360
79.14999999999999, 298.3, 360
76.35000000000001, 302.8, 360
81.9, 293.2, 360
83.4, 296.2, 360
76.35000000000001, 310.9, 360
63.55, 298.2, 360
73.5, 298.1, 360
65.9, 299.1, 360
79.7, 280.6, 360
67.1, 296.1, 360
76.7, 263.2, 360
73.5, 291.7, 360
78.7, 301.0, 360
78.14999999999999, 297.4, 360
68.5, 269.0, 360
69.35000000000001, 298.0, 360
75.75, 307.3, 360
77.9, 287.9, 360
77.1, 303.1, 360
80.7, 287.8, 360
75.3, 301.6, 360
62.35000000000001, 257.1, 360
58.900000000000006, 300.9, 360
64.6, 277.0, 360
65.45, 308.2, 360
62.150000000000006, 309.3, 360
77.3, 300.8, 360
76.85000000000001, 288.0, 360
70.35000000000001, 301.5, 360
59.55, 302.5, 360
77.4, 303.3, 360
79.75, 295.1, 360
67.0, 312.6, 360
78.8, 222.1, 360
64.75, 313.1, 360
76.14999999999999, 309.7, 360
78.55, 292.4, 360
76.3, 297.3, 360
77.75, 307.3, 360
67.5, 298.2, 360
65.0, 291.1, 360
66.35000000000001, 293.2, 360
116.0, 306.6, 360
83.75, 298.0, 360
66.3, 292.3, 360
68.05, 296.0, 360
69.5, 308.8, 360
66.05, 303.8, 360
64.6, 290.8, 360
60.599999999999994, 290.2, 360
58.75, 303.8, 360
80.64999999999999, 305.8, 360
78.1, 290.8, 360
69.5, 303.3, 360
61.150000000000006, 299.3, 360
80.14999999999999, 301.9, 360
73.8, 219.5, 360
66.6, 222.1, 360
81.55, 289.4, 360
60.75, 292.3, 360
64.05000000000001, 306.6, 360
70.75, 297.3, 360
61.099999999999994, 303.8, 360
81.4, 294.1, 360
61.8, 306.7, 360
62.2, 292.3, 360
61.900000000000006, 261.1, 360
63.8, 297.1, 360
83.9, 293.1, 360
73.75, 301.8, 360
62.099999999999994, 307.3, 360
60.099999999999994, 301.1, 360
81.3, 301.9, 360
82.75, 297.4, 360
65.1, 288.4, 360
80.75, 306.7, 360
74.55, 298.7, 360
81.3, 297.5, 360
79.8, 222.1, 360
71.35000000000001, 300.5, 360
73.7, 298.2, 360
83.8, 305.6, 360
62.599999999999994, 306.4, 360
65.5, 296.2, 360
75.85000000000001, 270.0, 360
70.5, 301.6, 360
76.7, 294.7, 360
62.05000000000001, 288.5, 360
61.150000000000006, 288.3, 360
71.85000000000001, 306.6, 360
70.5, 303.4, 360
63.900000000000006, 277.2, 360
70.85000000000001, 307.2, 360
66.75, 277.0, 360
72.35000000000001, 312.4, 360
67.3, 308.3, 360
67.45, 288.0, 360
75.75, 307.6, 360
78.75, 306.6, 360
77.8, 295.8, 360
74.55, 305.5, 360
69.5, 306.2, 360
73.65, 315.3, 360
55.55, 311.6, 360
69.5, 288.4, 360
69.3, 293.9, 360
75.75, 292.7, 360
82.8, 305.0, 360
76.75, 301.1, 360
71.7, 260.2, 360
62.0, 303.3, 360
58.8, 265.8, 360
78.1, 294.1, 360
78.75, 310.9, 360
70.65, 307.3, 360
69.5, 219.5, 360
118.0, 302.2, 360
63.05000000000001, 296.2, 360
69.8, 303.8, 360
83.75, 300.0, 360
82.7, 306.1, 360
80.0, 303.6, 360
75.64999999999999, 296.0, 360
66.5, 274.2, 360
74.9, 297.1, 360
75.3, 300.3, 360
72.7, 302.0, 360
69.5, 305.0, 360
65.75, 299.3, 360
68.15, 296.1, 360
75.4, 312.2, 360
75.64999999999999, 284.9, 360
73.9, 294.2, 360
59.05000000000001, 306.7, 360
83.64999999999999, 301.8, 360
58.900000000000006, 284.3, 360
69.45, 313.2, 360
60.900000000000006, 301.8, 360
66.9, 297.6, 360
72.60000000000001, 313.2, 360
64.0, 311.8, 360
69.35000000000001, 304.0, 360
75.14999999999999, 293.5, 360
61.75, 261.3, 360
74.5, 297.4, 360
80.9, 305.8, 360
60.900000000000006, 311.8, 360
76.85000000000001, 298.9, 360
77.4, 303.4, 360
60.599999999999994, 306.2, 360
77.14999999999999, 294.9, 360
59.150000000000006, 304.3, 360
70.9, 291.9, 360
70.7, 301.0, 360
64.6, 301.1, 360
58.900000000000006, 294.7, 360
63.05000000000001, 307.4, 360
63.2, 297.4, 360
59.55, 296.2, 360
76.9, 294.6, 360
77.7, 299.6, 360
79.4, 310.1, 360
61.35000000000001, 293.2, 360
75.35000000000001, 263.1, 360
71.5, 305.1, 360
66.65, 303.8, 360
75.4, 298.5, 360
65.0, 303.4, 360
78.9, 282.4, 360
81.75, 294.9, 360
75.45, 306.1, 360
72.65, 297.3, 360
77.35000000000001, 300.6, 360
64.9, 299.4, 360
80.64999999999999, 301.2, 360
82.7, 305.0, 360
56.8, 306.3, 360
69.9, 232.2, 360
72.85000000000001, 297.6, 360
63.45, 300.7, 360
76.4, 300.4, 360
79.64999999999999, 306.4, 360
75.4, 306.1, 360
70.5, 301.0, 360
62.8, 300.6, 360
75.75, 308.3, 360
72.4, 294.1, 360
69.35000000000001, 276.6, 360
64.05000000000001, 297.2, 360
78.8, 296.0, 360
77.85000000000001, 294.5, 360
81.3, 298.9, 360
58.75, 307.9, 360
69.05, 299.1, 360
75.7, 300.7, 360
77.55, 277.0, 360
76.14999999999999, 293.2, 360
60.599999999999994, 297.6, 360
69.85000000000001, 307.3, 360
69.75, 317.8, 360
65.65, 307.3, 360
62.8, 304.1, 360
69.5, 301.1, 360
69.5, 284.3, 360
91.0, 300.7, 360
77.75, 306.1, 360
81.4, 307.2, 360
76.1, 307.7, 360
66.1, 305.2, 360
68.35000000000001, 296.1, 360
59.599999999999994, 301.0, 360
83.0, 297.1, 360
73.75, 302.5, 360
77.3, 304.9, 360
87.0, 302.0, 360
73.3, 274.2, 360
65.1, 304.9, 360
74.9, 292.4, 360
60.8, 230.0, 360
61.85000000000001, 291.5, 360
73.75, 311.8, 360
65.60000000000001, 276.4, 360
69.65, 300.7, 360
68.45, 292.0, 360
60.150000000000006, 314.0, 360
76.9, 298.3, 360
84.8, 294.8, 360
74.1, 308.6, 360
69.65, 297.6, 360
66.5, 306.8, 360
67.15, 285.6, 360
73.75, 273.2, 360
74.8, 308.3, 360
76.1, 302.5, 360
84.3, 302.1, 360
81.64999999999999, 299.9, 360
75.9, 282.9, 360
118.0, 270.0, 360
70.4, 308.3, 360
61.8, 294.7, 360
67.5, 292.3, 360
73.8, 269.0, 360
72.35000000000001, 301.9, 360
78.9, 283.8, 360
93.0, 298.0, 360
65.35000000000001, 301.1, 360
71.5, 318.9, 360
83.4, 307.2, 360
64.15, 301.7, 360
63.150000000000006, 308.8, 360
61.05000000000001, 265.8, 360
68.45, 306.8, 360
67.75, 305.1, 360
59.599999999999994, 304.1, 360
76.9, 297.0, 360
63.45, 301.9, 360
79.3, 301.5, 360
64.4, 305.1, 360
72.75, 307.3, 360
73.5, 290.2, 360
60.85000000000001, 303.3, 360
64.9, 307.3, 360
62.45, 305.1, 360
83.64999999999999, 280.6, 360
67.05, 299.4, 360
68.2, 305.0, 360
70.4, 300.1, 360
65.5, 303.6, 360
79.75, 299.4, 360
78.45, 303.8, 360
71.85000000000001, 296.1, 360
77.35000000000001, 300.6, 360
64.5, 298.8, 360
60.45, 255.4, 360
115.0, 277.6, 360
75.7, 296.6, 360
74.35000000000001, 306.6, 360
77.75, 296.2, 360
72.85000000000001, 287.8, 360
74.35000000000001, 287.8, 360
68.1, 297.3, 360
79.64999999999999, 285.1, 360
65.0, 308.8, 360
66.60000000000001, 308.6, 360
60.900000000000006, 295.2, 360
64.4, 301.8, 360
76.9, 294.9, 360
80.64999999999999, 300.9, 360
61.75, 299.1, 360
70.85000000000001, 307.3, 360
72.8, 318.9, 360
69.60000000000001, 300.2, 360
67.6, 297.6, 360
57.8, 288.8, 360
72.5, 302.4, 360
83.75, 293.2, 360
67.3, 297.1, 360
63.599999999999994, 293.8, 360
77.75, 300.6, 360
62.75, 308.0, 360
72.35000000000001, 303.6, 360
75.64999999999999, 261.3, 360
78.35000000000001, 305.8, 360
90.0, 256.9, 360
67.0, 302.3, 360
80.55, 296.1, 360
62.45, 303.4, 360
59.75, 301.1, 360
72.75, 301.1, 360
83.3, 297.8, 360
66.9, 297.5, 360
79.75, 297.4, 360
75.7, 293.9, 360
71.35000000000001, 311.5, 360
71.35000000000001, 298.3, 360
83.64999999999999, 295.8, 360
71.60000000000001, 296.0, 360
78.64999999999999, 294.1, 360
74.05, 295.7, 360
70.7, 308.6, 360
78.35000000000001, 302.5, 360
78.14999999999999, 308.3, 360
65.75, 298.1, 360
70.75, 299.4, 360
78.75, 294.1, 360
70.7, 299.3, 360
61.599999999999994, 295.2, 360
62.099999999999994, 307.3, 360
68.5, 299.2, 360
74.4, 314.5, 360
77.3, 297.4, 360
76.85000000000001, 307.4, 360
79.7, 283.3, 360
82.7, 297.5, 360
59.150000000000006, 297.1, 360
79.8, 295.2, 360
75.9, 291.1, 360
71.9, 304.7, 360
83.9, 297.3, 360
64.9, 299.3, 360
65.05, 309.7, 360
76.75, 311.0, 360
88.0, 284.3, 360
64.05000000000001, 293.0, 360
77.75, 302.5, 360
76.75, 304.3, 360
69.3, 306.8, 360
76.7, 303.9, 360
74.35000000000001, 314.4, 360
85.8, 296.0, 360
67.65, 301.1, 360
88.0, 306.8, 360
75.35000000000001, 296.7, 360
72.60000000000001, 297.4, 360
75.85000000000001, 299.4, 360
75.75, 300.9, 360
82.1, 299.4, 360
74.5, 307.7, 360
80.64999999999999, 303.2, 360
66.9, 297.1, 360
82.75, 294.3, 360
82.75, 294.8, 360
68.5, 304.3, 360
82.1, 312.4, 360
66.15, 284.6, 360
73.75, 291.2, 360
77.9, 307.1, 360
71.9, 310.4, 360
66.65, 300.1, 360
74.45, 297.5, 360
81.14999999999999, 312.4, 360
66.75, 307.2, 360
61.8, 299.3, 360
63.75, 287.9, 360
59.55, 291.5, 360
64.3, 314.8, 360
63.05000000000001, 294.8, 360
78.4, 294.9, 360
71.65, 287.8, 360
67.65, 298.2, 360
81.75, 300.8, 360
71.35000000000001, 288.9, 360
81.55, 300.6, 360
78.5, 306.1, 360
75.55, 297.8, 360
74.55, 290.2, 360
74.64999999999999, 306.5, 360
65.3, 295.7, 360
76.85000000000001, 298.9, 360
67.3, 306.6, 360
80.9, 301.1, 360
70.85000000000001, 296.0, 360
70.55, 306.1, 360
62.599999999999994, 307.7, 360
76.7, 306.6, 360
78.3, 300.3, 360
67.3, 293.9, 360
85.8, 297.0, 360
74.55, 302.9, 360
77.35000000000001, 293.2, 360
75.85000000000001, 303.9, 360
79.55, 308.3, 360
59.599999999999994, 291.5, 360
61.05000000000001, 309.7, 360
78.14999999999999, 230.0, 360
77.75, 299.9, 360
60.45, 305.3, 360
54.8, 298.5, 360
72.45, 298.2, 360
79.3, 305.1, 360
74.85000000000001, 307.0, 360
80.7, 308.6, 360
62.8, 282.9, 360
59.45, 291.1, 360
65.3, 305.3, 360
70.60000000000001, 299.4, 360
70.4, 301.6, 360
56.55, 288.9, 360
67.15, 301.8, 360
60.150000000000006, 308.1, 360
56.55, 276.4, 360
60.85000000000001, 299.3, 360
77.75, 309.9, 360
82.0, 309.9, 360
83.75, 313.2, 360
70.65, 295.7, 360
72.85000000000001, 298.5, 360
75.75, 304.3, 360
69.75, 219.5, 360
67.05, 300.4, 360
77.85000000000001, 297.0, 360
72.5, 291.5, 360
63.75, 296.0, 360
72.35000000000001, 294.6, 360
82.3, 286.1, 360
83.4, 307.3, 360
116.0, 299.1, 360
76.45, 293.9, 360
60.05000000000001, 287.0, 360
73.75, 302.6, 360
79.9, 301.0, 360
75.8, 295.2, 360
74.8, 307.9, 360
72.85000000000001, 293.0, 360
74.3, 294.9, 360
61.599999999999994, 294.6, 360
81.75, 303.4, 360
62.55, 307.3, 360
65.5, 292.3, 360
72.9, 306.7, 360
74.55, 298.2, 360
67.05, 301.5, 360
70.35000000000001, 297.5, 360
72.9, 300.0, 360
68.45, 299.5, 360
57.8, 300.3, 360
65.65, 307.2, 360
79.75, 294.9, 360
78.7, 292.6, 360
82.1, 299.1, 360
74.35000000000001, 301.8, 360
78.4, 314.0, 360
64.75, 309.5, 360
70.75, 296.0, 360
67.75, 296.1, 360
80.3, 293.9, 360
60.75, 298.0, 360
82.4, 302.9, 360
62.099999999999994, 269.9, 360
54.150000000000006, 301.7, 360
76.75, 298.2, 360
69.75, 303.0, 360
60.900000000000006, 265.8, 360
75.5, 293.5, 360
76.8, 309.7, 360
65.5, 294.3, 360
67.45, 294.2, 360
79.75, 303.1, 360
73.3, 300.7, 360
80.0, 285.1, 360
74.5, 298.2, 360
78.3, 273.3, 360
74.4, 304.7, 360
80.8, 315.3, 360
73.75, 301.4, 360
61.900000000000006, 294.7, 360
69.5, 295.7, 360
117.0, 289.3, 360
84.8, 296.2, 360
73.85000000000001, 302.3, 360
70.9, 300.7, 360
82.8, 311.0, 360
107.0, 300.3, 360
59.05000000000001, 308.6, 360
82.9, 295.1, 360
112.0, 300.0, 360
71.60000000000001, 306.1, 360
74.1, 295.1, 360
70.55, 304.8, 360
61.05000000000001, 301.7, 360
60.599999999999994, 297.4, 360
57.8, 307.3, 360
69.05, 296.0, 360
57.8, 301.0, 360
78.55, 297.7, 360
76.75, 257.1, 360
73.5, 278.4, 360
83.4, 308.6, 360
65.6, 295.1, 360
62.900000000000006, 282.5, 360
74.35000000000001, 288.3, 360
71.65, 297.0, 360
66.05, 293.0, 360
76.35000000000001, 293.4, 360
65.6, 313.8, 360
82.3, 307.2, 360
82.4, 263.2, 360
71.65, 284.3, 360
72.5, 282.5, 360
79.3, 308.0, 360
65.3, 296.6, 360
79.64999999999999, 298.2, 360
72.5, 287.8, 360
53.8, 297.8, 360
69.75, 307.3, 360
76.9, 307.3, 360
73.60000000000001, 315.3, 360
80.55, 304.1, 360
75.7, 311.3, 360
69.65, 299.1, 360
67.3, 296.6, 360
81.4, 265.8, 360
77.75, 292.7, 360
60.150000000000006, 301.5, 360
68.2, 302.0, 360
70.5, 298.2, 360
59.900000000000006, 269.9, 360
66.3, 293.8, 360
54.55, 270.0, 360
61.75, 299.6, 360
83.14999999999999, 288.2, 360
78.7, 302.4, 360
65.15, 310.9, 360
92.0, 294.8, 360
61.599999999999994, 283.3, 360
76.3, 284.6, 360
68.9, 295.7, 360
63.150000000000006, 304.9, 360
81.75, 293.8, 360
72.60000000000001, 314.5, 360
76.1, 307.3, 360
71.55, 294.1, 360
79.14999999999999, 306.1, 360
82.3, 300.9, 360
67.05, 305.8, 360
60.75, 296.0, 360
64.1, 306.7, 360
65.3, 289.1, 360
72.35000000000001, 296.0, 360
62.8, 316.1, 360
83.3, 301.8, 360
63.45, 301.0, 360
72.45, 299.4, 360
73.5, 302.2, 360
72.55, 273.3, 360
78.75, 251.6, 360
60.150000000000006, 305.7, 360
77.85000000000001, 303.8, 360
66.75, 300.4, 360
73.5, 302.6, 360
78.8, 296.0, 360
79.8, 302.3, 360
81.64999999999999, 303.0, 360
68.6, 289.6, 360
112.0, 263.1, 360
70.05, 315.1, 360
65.5, 308.3, 360
73.9, 301.6, 360
76.55, 297.0, 360
83.75, 287.8, 360
70.7, 302.3, 360
68.45, 315.3, 360
64.6, 297.5, 360
55.150000000000006, 306.5, 360
58.75, 305.5, 360
76.85000000000001, 306.1, 360
57.150000000000006, 289.4, 360
70.9, 287.9, 360
67.35000000000001, 310.9, 360
81.4, 307.6, 360
68.5, 287.8, 360
78.75, 294.6, 360
70.5, 302.3, 360
62.0, 312.1, 360
64.85000000000001, 282.8, 360
69.3, 301.1, 360
71.9, 307.8, 360
64.9, 296.2, 360
64.05000000000001, 299.4, 360
58.900000000000006, 307.1, 360
77.75, 310.1, 360
69.60000000000001, 307.1, 360
72.5, 305.3, 360
68.6, 297.4, 360
70.75, 303.0, 360
62.150000000000006, 298.3, 360
68.45, 299.1, 360
72.9, 289.3, 360
70.3, 302.8, 360
62.150000000000006, 314.5, 360
75.35000000000001, 307.1, 360
70.85000000000001, 294.9, 360
72.35000000000001, 294.9, 360
76.14999999999999, 307.3, 360
73.85000000000001, 296.6, 360
65.5, 315.5, 360
73.85000000000001, 299.6, 360
81.14999999999999, 294.2, 360
76.85000000000001, 282.5, 360
86.8, 299.1, 360
75.9, 303.2, 360
68.60000000000001, 265.0, 360
56.55, 303.9, 360
67.05, 312.4, 360
78.85000000000001, 306.5, 360
66.45, 311.0, 360
78.7, 307.8, 360
77.55, 275.9, 360
66.9, 300.5, 360
78.75, 285.6, 360
72.55, 293.1, 360
76.64999999999999, 292.4, 360
63.45, 300.3, 360
62.55, 296.6, 360
76.75, 298.3, 360
74.75, 293.2, 360
71.7, 297.5, 360
78.55, 284.3, 360
80.4, 292.7, 360
62.05000000000001, 293.5, 360
65.3, 299.3, 360
68.5, 304.3, 360
75.8, 292.7, 360
72.55, 304.8, 360
72.7, 301.3, 360
70.55, 297.4, 360
75.75, 255.4, 360
64.2, 284.4, 360
63.45, 303.1, 360
74.7, 270.0, 360
72.35000000000001, 300.8, 360
74.5, 303.7, 360
66.75, 309.6, 360
70.85000000000001, 300.7, 360
55.8, 309.6, 360
79.3, 273.2, 360
60.599999999999994, 308.9, 360
56.8, 301.2, 360
70.3, 297.3, 360
66.2, 304.3, 360
79.3, 314.0, 360
59.900000000000006, 288.2, 360
83.3, 302.0, 360
82.14999999999999, 299.8, 360
60.900000000000006, 312.4, 360
82.55, 310.1, 360
72.9, 302.4, 360
77.1, 288.0, 360
60.75, 312.1, 360
74.5, 274.2, 360
72.3, 296.1, 360
85.8, 300.7, 360
68.9, 297.5, 360
74.5, 299.7, 360
69.60000000000001, 275.9, 360
84.8, 298.3, 360
75.9, 300.3, 360
77.75, 296.0, 360
61.900000000000006, 307.4, 360
63.0, 292.7, 360
77.75, 296.1, 360
81.64999999999999, 304.9, 360
60.45, 289.1, 360
87.0, 285.0, 360
77.14999999999999, 296.6, 360
66.05000000000001, 305.0, 360
113.0, 307.0, 360
69.5, 303.8, 360
84.3, 273.2, 360
69.7, 294.5, 360
72.45, 296.6, 360
73.85000000000001, 292.4, 360
66.05000000000001, 304.1, 360
78.35000000000001, 299.1, 360
76.7, 301.0, 360
65.85000000000001, 305.7, 360
75.5, 307.6, 360
75.1, 284.4, 360
64.15, 297.4, 360
63.55, 303.6, 360
67.9, 302.6, 360
68.05, 265.0, 360
70.35000000000001, 285.8, 360
67.5, 299.3, 360
77.64999999999999, 296.2, 360
77.45, 287.0, 360
72.7, 301.4, 360
81.14999999999999, 301.1, 360
67.3, 296.6, 360
69.05, 282.8, 360
65.5, 295.5, 360
67.45, 296.0, 360
60.2, 306.7, 360
76.7, 299.1, 360
55.8, 307.7, 360
62.599999999999994, 315.5, 360
73.55, 297.5, 360
66.5, 304.1, 360
75.3, 297.5, 360
59.8, 294.9, 360
67.05, 299.3, 360
81.75, 307.3, 360
69.5, 288.9, 360
72.9, 301.8, 360
65.45, 300.7, 360
72.85000000000001, 297.1, 360
78.75, 284.6, 360
76.75, 298.9, 360
67.5, 307.3, 360
71.3, 297.2, 360
69.85000000000001, 296.2, 360
70.5, 232.2, 360
77.64999999999999, 301.6, 360
65.5, 307.6, 360
75.55, 300.3, 360
75.75, 302.8, 360
71.5, 277.2, 360
81.14999999999999, 270.0, 360
75.45, 303.3, 360
77.14999999999999, 306.5, 360
71.75, 314.5, 360
71.7, 294.9, 360
74.75, 280.6, 360
81.64999999999999, 256.9, 360
72.85000000000001, 301.9, 360
77.45, 299.4, 360
64.05000000000001, 297.4, 360
61.8, 301.1, 360
61.150000000000006, 298.0, 360
65.05, 276.8, 360
72.5, 298.1, 360
75.14999999999999, 309.9, 360
80.3, 303.5, 360
79.9, 293.5, 360
69.0, 300.3, 360
72.85000000000001, 301.8, 360
64.5, 290.8, 360
76.85000000000001, 301.4, 360
60.900000000000006, 303.4, 360
77.55, 297.0, 360
64.6, 287.8, 360
69.85000000000001, 308.8, 360
76.75, 299.4, 360
71.8, 303.7, 360
69.55, 298.7, 360
82.14999999999999, 304.9, 360
69.5, 303.2, 360
78.45, 267.4, 360
59.099999999999994, 304.1, 360
61.900000000000006, 299.8, 360
68.4, 230.0, 360
78.14999999999999, 268.6, 360
76.9, 306.2, 360
85.8, 309.7, 360
71.7, 297.8, 360
62.8, 306.8, 360
78.5, 260.2, 360
79.9, 288.8, 360
83.3, 299.6, 360
70.9, 294.6, 360
69.75, 296.0, 360
81.4, 310.1, 360
77.3, 311.5, 360
60.099999999999994, 289.6, 360
77.75, 273.2, 360
74.05, 219.5, 360
75.7, 307.0, 360
63.75, 302.9, 360
76.64999999999999, 311.8, 360
77.75, 294.6, 360
65.4, 287.0, 360
73.5, 303.3, 360
56.8, 299.0, 360
68.05000000000001, 305.3, 360
81.4, 292.7, 360
69.5, 302.5, 360
64.3, 260.2, 360
76.5, 299.7, 360
66.65, 300.9, 360
76.7, 305.9, 360
77.75, 301.7, 360
60.2, 298.9, 360
72.5, 306.8, 360
71.8, 302.6, 360
74.14999999999999, 297.1, 360
71.05, 298.0, 360
69.60000000000001, 306.1, 360
69.5, 313.2, 360
70.4, 306.8, 360
60.599999999999994, 309.3, 360
77.8, 305.8, 360
70.7, 299.4, 360
83.3, 293.5, 360
77.3, 304.6, 360
67.5, 297.4, 360
66.5, 304.8, 360
61.900000000000006, 282.4, 360
79.3, 313.8, 360
76.5, 310.9, 360
109.0, 298.1, 360
73.8, 292.4, 360
79.14999999999999, 306.2, 360
82.55, 296.0, 360
74.45, 300.3, 360
73.65, 306.6, 360
79.9, 308.2, 360
64.6, 307.9, 360
70.4, 305.2, 360
72.75, 296.1, 360
82.3, 293.0, 360
70.8, 306.1, 360
78.75, 300.3, 360
72.3, 269.9, 360
67.45, 299.4, 360
67.5, 301.6, 360
70.75, 306.6, 360
69.3, 302.1, 360
71.85000000000001, 274.1, 360
73.35000000000001, 297.0, 360
73.35000000000001, 263.2, 360
77.3, 305.6, 360
78.35000000000001, 301.3, 360
56.150000000000006, 298.2, 360
65.45, 299.4, 360
68.35000000000001, 299.3, 360
83.3, 291.7, 360
67.1, 294.2, 360
82.8, 305.6, 360
60.05000000000001, 295.5, 360
73.4, 303.2, 360
64.05000000000001, 301.8, 360
72.35000000000001, 306.6, 360
69.7, 301.8, 360
72.3, 306.1, 360
56.150000000000006, 305.5, 360
73.05, 302.3, 360
68.45, 296.0, 360
78.35000000000001, 303.8, 360
71.5, 303.8, 360
53.8, 287.8, 360
77.9, 265.0, 360
61.05000000000001, 295.2, 360
70.85000000000001, 297.5, 360
62.55, 304.1, 360
67.05000000000001, 298.5, 360
71.85000000000001, 299.8, 360
61.05000000000001, 297.0, 360
77.9, 296.0, 360
56.8, 301.5, 360
60.099999999999994, 300.3, 360
64.2, 312.6, 360
60.35000000000001, 303.0, 360
78.75, 301.6, 360
68.05000000000001, 293.3, 360
84.3, 299.7, 360
66.5, 309.7, 360
67.6, 293.4, 360
78.5, 288.0, 360
68.45, 295.2, 360
62.85000000000001, 292.3, 360
64.8, 297.0, 360
64.9, 306.6, 360
56.8, 302.5, 360
55.8, 301.1, 360
67.3, 284.3, 360
118.0, 307.9, 360
59.150000000000006, 300.1, 360
80.3, 302.3, 360
79.3, 298.0, 360
56.8, 295.5, 360
73.3, 307.9, 360
73.75, 301.8, 360
64.5, 294.9, 360
78.4, 309.4, 360
66.9, 302.2, 360
78.45, 303.8, 360
76.1, 300.1, 360
75.3, 298.3, 360
74.05, 297.7, 360
70.4, 257.1, 360
78.75, 280.2, 360
70.3, 291.8, 360
64.3, 282.8, 360
79.75, 303.0, 360
76.75, 296.0, 360
83.64999999999999, 298.9, 360
64.6, 303.4, 360
64.85000000000001, 273.3, 360
64.0, 296.1, 360
76.9, 301.5, 360
70.45, 292.7, 360
64.9, 297.6, 360
66.15, 302.6, 360
80.3, 304.7, 360
79.9, 303.2, 360
70.5, 308.3, 360
74.9, 314.5, 360
82.9, 300.3, 360
66.2, 307.7, 360
82.1, 294.9, 360
62.35000000000001, 298.8, 360
72.55, 294.4, 360
75.4, 298.9, 360
64.4, 314.4, 360
65.5, 306.7, 360
76.3, 288.2, 360
59.150000000000006, 280.3, 360
83.14999999999999, 285.3, 360
68.1, 306.3, 360
59.35000000000001, 298.0, 360
67.75, 296.1, 360
81.75, 303.8, 360
77.7, 301.8, 360
69.65, 306.8, 360
59.150000000000006, 296.0, 360
71.45, 305.0, 360
93.0, 305.2, 360
64.65, 294.9, 360
66.05000000000001, 309.9, 360
76.9, 292.7, 360
62.0, 289.4, 360
55.150000000000006, 294.5, 360
74.55, 302.5, 360
61.55, 297.4, 360
69.5, 294.8, 360
56.8, 303.8, 360
60.599999999999994, 300.4, 360
75.64999999999999, 299.4, 360
81.14999999999999, 297.5, 360
64.85000000000001, 310.9, 360
65.05000000000001, 299.3, 360
78.75, 296.1, 360
63.45, 308.3, 360
74.75, 305.3, 360
67.45, 307.3, 360
75.85000000000001, 307.3, 360
76.75, 290.2, 360
67.75, 301.1, 360
78.75, 296.0, 360
81.3, 301.0, 360
65.45, 309.9, 360
69.85000000000001, 304.9, 360
81.14999999999999, 304.9, 360
71.9, 296.1, 360
60.599999999999994, 300.1, 360
71.05, 301.6, 360
80.3, 219.5, 360
68.65, 315.5, 360
78.9, 306.1, 360
68.9, 301.4, 360
78.35000000000001, 297.8, 360
72.45, 306.7, 360
64.75, 298.4, 360
84.3, 296.7, 360
75.35000000000001, 300.9, 360
80.75, 302.3, 360
62.75, 308.8, 360
65.60000000000001, 296.1, 360
63.45, 314.5, 360
64.3, 282.8, 360
80.55, 305.3, 360
82.64999999999999, 297.3, 360
62.75, 303.3, 360
63.599999999999994, 304.5, 360
79.75, 304.9, 360
64.0, 282.9, 360
66.65, 307.3, 360
68.5, 298.2, 360
66.05, 300.0, 360
88.8, 300.7, 360
57.8, 302.2, 360
75.7, 305.3, 360
80.3, 298.2, 360
68.65, 315.3, 360
77.85000000000001, 306.8, 360
78.1, 297.1, 360
76.85000000000001, 309.9, 360
73.4, 298.3, 360
67.1, 300.4, 360
68.3, 289.4, 360
73.3, 312.4, 360
60.45, 302.2, 360
67.6, 306.2, 360
75.45, 302.2, 360
70.7, 302.5, 360
66.5, 298.2, 360
69.85000000000001, 307.3, 360
77.55, 306.8, 360
71.75, 293.5, 360
76.9, 301.1, 360
73.5, 295.3, 360
82.14999999999999, 305.5, 360
83.55, 302.9, 360
82.3, 283.3, 360
67.75, 285.0, 360
66.5, 300.8, 360
83.75, 307.1, 360
68.45, 307.3, 360
78.9, 285.6, 360
85.8, 276.5, 360
75.45, 302.1, 360
71.35000000000001, 295.2, 360
81.75, 306.4, 360
58.75, 309.8, 360
74.14999999999999, 299.3, 360
73.4, 295.7, 360
76.75, 269.9, 360
71.85000000000001, 230.0, 360
65.05000000000001, 302.6, 360
74.75, 306.7, 360
118.0, 293.0, 360
62.2, 299.7, 360
82.9, 314.0, 360
78.85000000000001, 298.5, 360
69.35000000000001, 298.7, 360
65.4, 297.2, 360
81.9, 308.8, 360
74.75, 303.1, 360
68.85000000000001, 300.9, 360
65.3, 261.3, 360
62.8, 314.5, 360
72.75, 296.0, 360
64.3, 285.1, 360
67.5, 307.3, 360
66.05, 261.3, 360
118.0, 304.9, 360
78.14999999999999, 301.2, 360
69.5, 292.7, 360
62.0, 299.0, 360
62.2, 285.1, 360
77.55, 292.3, 360
72.5, 296.1, 360
67.2, 299.3, 360
59.75, 300.9, 360
59.05000000000001, 297.5, 360
63.099999999999994, 301.4, 360
65.65, 298.2, 360
76.85000000000001, 302.5, 360
80.14999999999999, 293.6, 360
59.900000000000006, 275.1, 360
72.35000000000001, 297.1, 360
62.099999999999994, 299.4, 360
81.1, 311.0, 360
58.8, 299.7, 360
62.099999999999994, 302.8, 360
59.05000000000001, 307.7, 360
59.85000000000001, 298.3, 360
69.55, 295.8, 360
67.75, 286.3, 360
72.75, 307.9, 360
65.60000000000001, 307.1, 360
87.8, 275.1, 360
54.150000000000006, 298.2, 360
75.14999999999999, 302.2, 360
65.5, 305.0, 360
73.75, 301.2, 360
59.75, 300.4, 360
62.900000000000006, 298.2, 360
66.4, 301.1, 360
70.45, 302.9, 360
78.45, 299.4, 360
69.9, 299.9, 360
64.5, 276.6, 360
119.0, 299.1, 360
59.05000000000001, 297.5, 360
78.75, 303.6, 360
74.7, 284.9, 360
75.14999999999999, 302.3, 360
76.75, 282.4, 360
79.14999999999999, 303.4, 360
73.35000000000001, 301.0, 360
62.599999999999994, 305.0, 360
76.3, 304.5, 360
54.8, 307.7, 360
75.5, 288.9, 360
60.2, 304.1, 360
71.05, 296.1, 360
76.8, 295.2, 360
68.2, 303.4, 360
71.3, 304.6, 360
69.5, 309.5, 360
69.8, 294.6, 360
61.099999999999994, 307.3, 360
115.0, 307.1, 360
74.14999999999999, 312.6, 360
71.35000000000001, 297.7, 360
66.45, 309.7, 360
66.1, 303.4, 360
66.3, 302.2, 360
81.0, 306.1, 360
74.5, 284.3, 360
75.7, 308.8, 360
67.05000000000001, 290.2, 360
64.45, 296.1, 360
69.7, 291.1, 360
71.9, 293.1, 360
77.9, 295.1, 360
69.8, 298.2, 360
73.3, 307.2, 360
62.150000000000006, 289.3, 360
73.8, 296.6, 360
78.85000000000001, 292.4, 360
59.85000000000001, 300.9, 360
62.05000000000001, 294.5, 360
76.7, 309.8, 360
75.3, 302.0, 360
64.6, 307.3, 360
70.5, 299.5, 360
76.35000000000001, 280.3, 360
78.35000000000001, 303.7, 360
75.45, 314.0, 360
71.7, 267.4, 360
82.4, 296.1, 360
82.75, 311.0, 360
71.35000000000001, 295.8, 360
69.35000000000001, 303.8, 360
58.75, 301.9, 360
70.5, 305.3, 360
80.3, 309.9, 360
75.3, 298.2, 360
58.75, 301.7, 360
71.5, 311.6, 360
62.45, 300.6, 360
68.5, 298.8, 360
62.35000000000001, 301.0, 360
78.35000000000001, 307.9, 360
65.5, 297.8, 360
77.75, 282.9, 360
79.14999999999999, 296.0, 360
63.599999999999994, 305.0, 360
69.0, 302.3, 360
63.05000000000001, 309.9, 360
77.5, 302.3, 360
82.8, 288.5, 360
61.599999999999994, 261.1, 360
77.45, 302.9, 360
74.7, 294.2, 360
72.35000000000001, 291.9, 360
75.64999999999999, 307.3, 360
67.5, 294.7, 360
77.64999999999999, 312.2, 360
66.4, 308.9, 360
79.75, 282.9, 360
60.05000000000001, 299.5, 360
81.9, 297.0, 360
62.75, 291.7, 360
74.7, 308.8, 360
72.7, 299.1, 360
61.150000000000006, 294.8, 360
63.85000000000001, 280.3, 360
67.60000000000001, 307.3, 360
74.9, 300.1, 360
72.75, 285.0, 360
74.4, 297.6, 360
73.4, 299.3, 360
59.150000000000006, 297.2, 360
76.45, 298.9, 360
64.5, 304.9, 360
62.900000000000006, 296.1, 360
66.2, 277.0, 360
60.45, 303.1, 360
66.9, 299.1, 360
59.900000000000006, 301.6, 360
61.05000000000001, 309.9, 360
65.5, 300.4, 360
76.8, 291.8, 360
68.60000000000001, 293.3, 360
64.4, 288.2, 360
64.05000000000001, 301.9, 360
71.85000000000001, 307.3, 360
67.5, 289.4, 360
71.75, 317.8, 360
62.35000000000001, 299.2, 360
74.5, 295.2, 360
65.65, 303.3, 360
64.1, 295.2, 360
65.60000000000001, 307.1, 360
65.3, 298.3, 360
67.9, 296.0, 360
68.05, 304.6, 360
73.85000000000001, 307.6, 360
80.55, 307.3, 360
65.5, 306.7, 360
67.85000000000001, 305.0, 360
67.45, 294.6, 360
76.85000000000001, 289.3, 360
66.05, 303.5, 360
77.9, 256.9, 360
69.55, 309.7, 360
73.85000000000001, 290.8, 360
87.8, 304.1, 360
65.4, 276.4, 360
72.35000000000001, 299.4, 360
60.35000000000001, 297.5, 360
64.60000000000001, 306.4, 360
76.7, 301.6, 360
83.3, 301.4, 360
71.5, 296.2, 360
63.75, 309.7, 360
68.85000000000001, 300.4, 360
59.35000000000001, 307.6, 360
83.1, 282.4, 360
61.150000000000006, 298.0, 360
74.35000000000001, 293.0, 360
70.75, 308.8, 360
76.35000000000001, 295.2, 360
73.60000000000001, 305.2, 360
78.45, 306.1, 360
56.150000000000006, 314.5, 360
83.14999999999999, 304.9, 360
78.4, 301.6, 360
74.1, 293.9, 360
70.5, 293.4, 360
72.7, 292.7, 360
64.5, 308.6, 360
75.5, 299.3, 360
66.3, 298.4, 360
68.5, 300.1, 360
70.9, 299.1, 360
65.05, 296.6, 360
81.4, 305.8, 360
67.1, 302.9, 360
75.75, 291.1, 360
67.4, 308.8, 360
62.35000000000001, 305.5, 360
63.85000000000001, 309.5, 360
62.2, 287.9, 360
62.85000000000001, 303.3, 360
71.75, 294.3, 360
75.1, 301.8, 360
72.35000000000001, 305.2, 360
78.45, 293.0, 360
74.55, 299.2, 360
65.1, 306.7, 360
64.6, 294.2, 360
79.9, 313.1, 360
68.2, 284.4, 360
63.8, 307.3, 360
69.8, 302.1, 360
77.5, 302.8, 360
66.8, 261.1, 360
77.4, 302.5, 360
71.60000000000001, 302.3, 360
77.5, 291.7, 360
66.9, 299.1, 360
54.8, 301.3, 360
61.150000000000006, 294.8, 360
72.85000000000001, 294.2, 360
61.150000000000006, 307.3, 360
77.85000000000001, 306.8, 360
66.0, 309.3, 360
70.5, 308.3, 360
66.3, 307.9, 360
76.4, 294.6, 360
78.3, 290.2, 360
61.8, 302.5, 360
69.7, 303.8, 360
66.65, 294.6, 360
62.75, 297.3, 360
71.60000000000001, 292.3, 360
64.2, 296.0, 360
67.05000000000001, 306.8, 360
77.75, 306.3, 360
62.150000000000006, 305.4, 360
67.35000000000001, 304.7, 360
60.45, 300.0, 360
63.599999999999994, 299.0, 360
71.5, 303.9, 360
88.0, 308.8, 360
70.5, 315.1, 360
64.1, 297.2, 360
81.3, 270.0, 360
75.45, 308.8, 360
77.4, 306.8, 360
73.05, 301.4, 360
57.150000000000006, 284.3, 360
70.35000000000001, 307.7, 360
70.3, 290.8, 360
70.3, 306.7, 360
77.55, 292.7, 360
62.150000000000006, 294.7, 360
60.900000000000006, 304.9, 360
72.5, 300.9, 360
77.9, 309.3, 360
65.45, 306.7, 360
64.0, 302.5, 360
61.150000000000006, 302.5, 360
67.35000000000001, 288.4, 360
76.75, 306.6, 360
75.55, 294.7, 360
68.85000000000001, 302.0, 360
67.9, 297.4, 360
65.3, 280.3, 360
80.7, 300.1, 360
75.85000000000001, 294.1, 360
85.8, 294.8, 360
66.3, 313.2, 360
67.05, 287.8, 360
78.45, 294.5, 360
71.75, 300.6, 360
76.9, 314.5, 360
71.75, 303.4, 360
69.5, 302.3, 360
79.14999999999999, 309.7, 360
66.5, 302.4, 360
74.14999999999999, 305.0, 360
73.7, 294.7, 360
69.05, 307.8, 360
82.1, 303.5, 360
66.05000000000001, 301.3, 360
77.75, 302.6, 360
77.9, 301.7, 360
77.4, 294.6, 360
72.85000000000001, 293.9, 360
66.15, 302.6, 360
82.9, 296.1, 360
109.0, 303.3, 360
71.55, 301.1, 360
70.5, 301.8, 360
73.4, 306.8, 360
68.5, 232.2, 360
61.8, 297.1, 360
65.15, 302.2, 360
69.7, 299.1, 360
64.9, 289.1, 360
76.3, 307.3, 360
71.75, 311.8, 360
82.8, 286.3, 360
80.9, 299.3, 360
74.35000000000001, 256.9, 360
117.0, 261.1, 360
73.5, 296.0, 360
75.55, 308.2, 360
71.8, 305.9, 360
78.85000000000001, 280.6, 360
83.75, 298.2, 360
74.4, 292.6, 360
100.0, 300.9, 360
58.8, 300.6, 360
64.9, 304.1, 360
78.5, 300.7, 360
60.0, 311.8, 360
78.7, 300.0, 360
70.60000000000001, 303.3, 360
69.5, 300.6, 360
67.05, 309.3, 360
67.85000000000001, 315.5, 360
56.8, 303.6, 360
60.2, 305.5, 360
80.1, 295.8, 360
70.9, 308.0, 360
82.9, 230.0, 360
70.75, 298.4, 360
76.85000000000001, 296.0, 360
71.5, 307.1, 360
75.8, 315.5, 360
64.8, 287.0, 360
65.0, 298.8, 360
72.5, 301.8, 360
62.05000000000001, 295.2, 360
73.35000000000001, 267.4, 360
89.0, 300.7, 360
76.14999999999999, 291.7, 360
88.0, 300.7, 360
72.9, 311.6, 360
59.85000000000001, 307.6, 360
75.3, 298.9, 360
57.8, 284.3, 360
58.55, 294.8, 360
58.85000000000001, 307.3, 360
60.900000000000006, 302.0, 360
54.55, 312.6, 360
78.5, 292.3, 360
71.7, 261.1, 360
80.64999999999999, 301.0, 360
60.35000000000001, 300.3, 360
54.8, 297.1, 360
65.15, 256.9, 360
71.7, 309.9, 360
109.0, 296.0, 360
70.45, 306.1, 360
64.3, 299.6, 360
70.60000000000001, 276.4, 360
71.9, 304.7, 360
65.8, 297.4, 360
62.599999999999994, 293.4, 360
66.3, 303.6, 360
65.8, 308.3, 360
80.9, 311.0, 360
73.7, 298.9, 360
76.75, 298.1, 360
61.150000000000006, 297.0, 360
72.5, 307.9, 360
82.14999999999999, 294.8, 360
70.65, 302.5, 360
81.3, 301.3, 360
83.75, 297.2, 360
63.0, 299.6, 360
67.05000000000001, 304.7, 360
66.75, 306.3, 360
77.7, 306.1, 360
75.4, 304.1, 360
74.9, 298.3, 360
61.0, 307.4, 360
59.8, 300.1, 360
79.75, 299.9, 360
64.3, 304.0, 360
76.5, 300.2, 360
71.9, 299.0, 360
61.2, 303.8, 360
96.0, 296.0, 360
63.85000000000001, 313.2, 360
73.60000000000001, 297.7, 360
61.2, 300.3, 360
79.75, 297.5, 360
65.05, 311.5, 360
65.6, 307.3, 360
76.9, 303.1, 360
55.150000000000006, 301.3, 360
83.7, 304.9, 360
65.0, 297.3, 360
75.14999999999999, 307.1, 360
67.2, 309.4, 360
72.5, 305.8, 360
57.55, 315.1, 360
83.1, 298.9, 360
68.15, 251.6, 360
64.3, 297.0, 360
66.1, 291.7, 360
58.75, 301.1, 360
69.5, 302.3, 360
58.8, 303.1, 360
78.14999999999999, 256.9, 360
82.3, 303.8, 360
63.45, 297.0, 360
112.0, 305.6, 360
78.35000000000001, 312.4, 360
75.8, 300.9, 360
68.6, 297.1, 360
74.9, 293.2, 360
76.1, 291.5, 360
61.150000000000006, 310.4, 360
76.7, 296.0, 360
93.0, 297.4, 360
80.9, 314.0, 360
66.05000000000001, 286.3, 360
81.7, 309.7, 360
70.35000000000001, 302.5, 360
67.0, 293.2, 360
71.75, 302.3, 360
76.75, 300.4, 360
69.60000000000001, 257.1, 360
83.75, 293.5, 360
83.3, 298.9, 360
69.0, 294.7, 360
63.45, 300.6, 360
60.45, 290.8, 360
61.05000000000001, 311.5, 360
68.5, 303.8, 360
78.35000000000001, 307.9, 360
70.5, 269.9, 360
60.05000000000001, 306.3, 360
73.4, 307.2, 360
65.45, 302.3, 360
72.60000000000001, 298.9, 360
57.8, 304.3, 360
87.8, 308.1, 360
73.5, 304.1, 360
59.05000000000001, 301.7, 360
78.75, 308.9, 360
76.3, 294.0, 360
72.35000000000001, 299.4, 360
71.7, 305.7, 360
64.45, 294.9, 360
70.75, 307.1, 360
65.2, 307.6, 360
75.8, 302.3, 360
71.55, 292.6, 360
73.35000000000001, 292.1, 360
75.5, 300.7, 360
65.15, 275.9, 360
59.099999999999994, 287.8, 360
78.85000000000001, 296.7, 360
74.64999999999999, 300.0, 360
65.5, 222.1, 360
72.7, 297.0, 360
71.35000000000001, 305.8, 360
65.75, 305.6, 360
61.8, 297.5, 360
81.1, 303.8, 360
60.05000000000001, 308.3, 360
78.14999999999999, 313.1, 360
79.3, 306.5, 360
70.60000000000001, 291.9, 360
78.3, 291.8, 360
118.0, 278.4, 360
77.75, 293.2, 360
64.6, 302.3, 360
77.5, 307.1, 360
74.1, 297.4, 360
58.8, 302.5, 360
81.55, 293.0, 360
66.6, 307.3, 360
72.05, 296.7, 360
78.8, 304.8, 360
83.75, 308.1, 360
63.8, 303.4, 360
74.5, 292.3, 360
60.05000000000001, 302.5, 360
72.85000000000001, 308.6, 360
72.85000000000001, 295.5, 360
68.45, 255.4, 360
64.5, 313.2, 360
114.0, 303.8, 360
82.3, 289.1, 360
62.8, 305.3, 360
76.75, 301.1, 360
70.9, 292.3, 360
64.3, 222.1, 360
65.4, 295.2, 360
65.9, 291.8, 360
67.4, 305.3, 360
78.9, 263.2, 360
72.75, 307.7, 360
69.5, 299.6, 360
77.9, 302.3, 360
66.6, 302.3, 360
67.0, 298.2, 360
59.45, 297.5, 360
76.75, 299.9, 360
66.15, 256.9, 360
75.75, 297.1, 360
76.14999999999999, 251.6, 360
75.5, 294.0, 360
77.55, 303.8, 360
68.0, 307.9, 360
75.1, 302.8, 360
75.75, 306.5, 360
72.4, 296.1, 360
80.9, 311.0, 360
70.35000000000001, 305.7, 360
69.65, 292.7, 360
79.14999999999999, 301.0, 360
74.7, 300.5, 360
80.3, 300.3, 360
80.55, 293.1, 360
70.35000000000001, 310.1, 360
63.05000000000001, 301.0, 360
62.099999999999994, 307.3, 360
79.4, 304.9, 360
58.85000000000001, 230.0, 360
83.9, 301.2, 360
73.85000000000001, 314.0, 360
72.5, 308.3, 360
75.4, 311.0, 360
75.55, 300.3, 360
78.7, 299.6, 360
71.7, 297.5, 360
76.85000000000001, 295.1, 360
60.2, 269.0, 360
65.1, 297.5, 360
67.05000000000001, 302.3, 360
64.9, 304.8, 360
69.55, 292.4, 360
72.5, 298.4, 360
68.65, 289.1, 360
63.05000000000001, 298.9, 360
63.599999999999994, 260.2, 360
79.75, 256.9, 360
74.3, 291.2, 360
65.3, 309.3, 360
74.3, 305.1, 360
91.0, 288.8, 360
76.7, 300.6, 360
81.4, 313.8, 360
60.2, 295.8, 360
78.75, 296.0, 360
60.150000000000006, 257.1, 360
62.05000000000001, 297.4, 360
72.75, 291.9, 360
60.8, 306.1, 360
74.14999999999999, 306.6, 360
77.7, 307.9, 360
65.8, 288.3, 360
74.9, 303.7, 360
76.64999999999999, 273.3, 360
80.4, 294.9, 360
83.1, 296.0, 360
63.8, 298.0, 360
63.150000000000006, 297.3, 360
72.35000000000001, 299.0, 360
74.7, 302.6, 360
69.5, 275.0, 360
80.9, 295.1, 360
63.150000000000006, 287.8, 360
71.4, 305.2, 360
66.05000000000001, 306.8, 360
73.45, 306.1, 360
74.1, 300.1, 360
68.45, 306.1, 360
67.15, 302.9, 360
77.7, 317.8, 360
83.75, 302.3, 360
63.150000000000006, 292.1, 360
71.35000000000001, 307.3, 360
81.14999999999999, 297.0, 360
66.35000000000001, 294.6, 360
82.64999999999999, 302.8, 360
80.75, 311.6, 360
58.55, 305.2, 360
61.8, 301.0, 360
76.14999999999999, 301.1, 360
78.8, 305.7, 360
71.75, 219.5, 360
79.14999999999999, 297.3, 360
61.45, 301.2, 360
83.1, 307.3, 360
76.85000000000001, 305.0, 360
64.3, 298.2, 360
80.3, 314.0, 360
82.64999999999999, 311.0, 360
76.14999999999999, 307.3, 360
74.5, 308.0, 360
79.75, 298.2, 360
59.55, 297.5, 360
76.5, 301.7, 360
58.8, 309.7, 360
82.3, 307.4, 360
78.1, 289.3, 360
65.0, 251.6, 360
67.6, 294.7, 360
59.55, 314.0, 360
63.35000000000001, 301.6, 360
79.55, 305.0, 360
61.599999999999994, 296.2, 360
85.8, 306.8, 360
70.5, 301.3, 360
64.6, 297.0, 360
80.75, 312.2, 360
108.0, 297.5, 360
74.75, 307.9, 360
79.75, 302.6, 360
71.05, 311.8, 360
72.85000000000001, 307.3, 360
75.85000000000001, 305.2, 360
73.5, 309.3, 360
72.35000000000001, 302.1, 360
80.75, 302.6, 360
111.0, 305.0, 360
61.75, 304.0, 360
73.85000000000001, 297.4, 360
81.7, 309.8, 360
69.60000000000001, 306.8, 360
67.5, 291.9, 360
83.9, 312.6, 360
68.05000000000001, 294.8, 360
75.8, 305.0, 360
75.85000000000001, 302.8, 360
55.8, 292.3, 360
80.3, 302.0, 360
82.9, 294.2, 360
75.7, 301.6, 360
69.3, 297.5, 360
75.8, 309.3, 360
69.85000000000001, 285.6, 360
65.75, 294.7, 360
65.60000000000001, 298.2, 360
77.55, 301.8, 360
70.7, 294.8, 360
69.75, 304.3, 360
68.5, 305.3, 360
66.3, 301.3, 360
64.60000000000001, 285.8, 360
83.75, 303.4, 360
74.3, 303.4, 360
80.3, 292.6, 360
78.55, 297.5, 360
78.3, 297.1, 360
78.7, 299.7, 360
82.3, 298.3, 360
66.65, 299.9, 360
74.4, 305.7, 360
74.35000000000001, 300.3, 360
68.65, 307.3, 360
73.8, 295.5, 360
82.55, 304.7, 360
80.75, 299.4, 360
64.6, 278.8, 360
78.55, 277.0, 360
78.75, 306.2, 360
77.35000000000001, 292.3, 360
73.7, 305.7, 360
73.60000000000001, 270.0, 360
61.8, 305.6, 360
77.75, 299.1, 360
74.64999999999999, 299.7, 360
109.0, 292.6, 360
82.14999999999999, 304.8, 360
61.75, 294.9, 360
79.4, 295.8, 360
73.05, 300.3, 360
67.5, 301.3, 360
55.150000000000006, 288.3, 360
73.75, 303.8, 360
73.45, 308.9, 360
61.599999999999994, 300.0, 360
77.1, 304.5, 360
80.9, 306.8, 360
62.900000000000006, 302.1, 360
80.14999999999999, 284.6, 360
75.45, 311.0, 360
55.150000000000006, 277.2, 360
81.4, 298.8, 360
62.900000000000006, 294.5, 360
64.3, 307.9, 360
62.85000000000001, 294.5, 360
79.4, 282.9, 360
67.5, 296.7, 360
64.45, 278.8, 360
77.75, 297.8, 360
100.0, 308.9, 360
76.8, 289.3, 360
82.75, 309.3, 360
65.3, 301.7, 360
78.55, 291.5, 360
65.85000000000001, 301.9, 360
54.8, 280.6, 360
65.35000000000001, 293.8, 360
70.3, 300.4, 360
73.85000000000001, 294.2, 360
67.1, 304.9, 360
63.45, 302.2, 360
92.0, 315.3, 360
81.75, 307.9, 360
68.05000000000001, 309.6, 360
67.75, 293.0, 360
62.75, 295.5, 360
71.75, 289.6, 360
80.75, 312.6, 360
70.5, 293.2, 360
82.75, 300.7, 360
71.3, 276.6, 360
62.05000000000001, 298.8, 360
71.75, 294.7, 360
72.60000000000001, 303.7, 360
70.7, 291.9, 360
81.4, 296.7, 360
76.55, 299.3, 360
98.0, 276.6, 360
77.85000000000001, 301.1, 360
62.05000000000001, 295.7, 360
65.1, 304.3, 360
78.9, 307.3, 360
64.4, 302.8, 360
78.35000000000001, 299.1, 360
74.14999999999999, 296.2, 360
67.85000000000001, 299.8, 360
71.60000000000001, 289.3, 360
66.60000000000001, 310.4, 360
65.5, 306.1, 360
63.8, 288.2, 360
66.75, 232.2, 360
67.05, 302.5, 360
77.9, 293.2, 360
72.3, 295.5, 360
75.55, 301.4, 360
71.7, 304.0, 360
79.64999999999999, 294.4, 360
69.5, 302.9, 360
58.75, 301.8, 360
83.75, 305.0, 360
73.9, 297.5, 360
77.4, 293.5, 360
73.9, 297.8, 360
73.35000000000001, 301.0, 360
77.35000000000001, 276.6, 360
78.3, 292.3, 360
63.099999999999994, 293.6, 360
68.6, 299.4, 360
75.5, 293.4, 360
73.9, 296.0, 360
83.75, 298.0, 360
67.60000000000001, 257.1, 360
78.85000000000001, 290.0, 360
65.35000000000001, 277.6, 360
73.55, 296.1, 360
75.9, 312.4, 360
70.55, 302.1, 360
65.3, 303.5, 360
71.4, 298.0, 360
60.0, 305.8, 360
59.05000000000001, 314.5, 360
76.35000000000001, 298.4, 360
78.75, 302.2, 360
62.05000000000001, 301.6, 360
65.45, 256.9, 360
62.75, 287.8, 360
73.60000000000001, 305.1, 360
67.6, 305.8, 360
71.9, 302.2, 360
65.9, 294.9, 360
77.5, 302.3, 360
75.7, 302.2, 360
63.150000000000006, 307.3, 360
83.1, 295.8, 360
70.75, 273.3, 360
60.45, 309.4, 360
81.14999999999999, 287.8, 360
59.599999999999994, 294.2, 360
59.099999999999994, 307.3, 360
83.75, 310.4, 360
58.75, 309.7, 360
60.8, 308.3, 360
64.0, 297.4, 360
64.5, 298.0, 360
83.75, 309.6, 360
70.9, 309.3, 360
58.85000000000001, 292.4, 360
80.7, 305.0, 360
74.7, 307.3, 360
73.3, 268.6, 360
61.150000000000006, 301.4, 360
65.75, 303.3, 360
74.75, 276.6, 360
67.05, 297.4, 360
68.5, 282.8, 360
79.4, 300.3, 360
70.65, 283.3, 360
71.65, 300.9, 360
67.05, 298.9, 360
63.85000000000001, 302.1, 360
82.75, 251.6, 360
63.900000000000006, 297.1, 360
65.15, 302.9, 360
54.8, 259.9, 360
64.4, 294.4, 360
72.55, 280.6, 360
80.7, 261.1, 360
75.35000000000001, 308.3, 360
72.85000000000001, 302.2, 360
76.9, 304.3, 360
81.75, 310.4, 360
69.3, 288.9, 360
88.8, 312.1, 360
78.3, 263.1, 360
68.4, 293.3, 360
77.85000000000001, 302.3, 360
70.7, 298.2, 360
70.75, 303.9, 360
75.85000000000001, 294.6, 360
65.15, 297.7, 360
64.05000000000001, 260.2, 360
81.55, 310.1, 360
75.3, 301.1, 360
79.4, 314.5, 360
83.75, 307.1, 360
66.65, 299.3, 360
82.14999999999999, 295.7, 360
75.75, 299.4, 360
67.75, 297.4, 360
79.4, 302.0, 360
78.35000000000001, 291.9, 360
64.75, 314.0, 360
83.8, 295.1, 360
70.5, 306.7, 360
76.35000000000001, 310.4, 360
68.3, 297.2, 360
92.0, 305.7, 360
116.0, 300.9, 360
71.7, 305.2, 360
79.64999999999999, 304.9, 360
82.75, 297.4, 360
61.55, 300.7, 360
82.14999999999999, 289.1, 360
71.3, 292.8, 360
68.45, 311.5, 360
76.5, 294.1, 360
80.3, 295.8, 360
62.599999999999994, 294.6, 360
70.5, 292.1, 360
70.5, 296.1, 360
64.2, 299.4, 360
62.75, 301.2, 360
73.5, 302.8, 360
78.75, 257.1, 360
74.75, 277.2, 360
68.35000000000001, 305.3, 360
68.3, 290.8, 360
81.55, 297.8, 360
81.9, 311.3, 360
84.8, 296.0, 360
82.4, 302.6, 360
71.65, 296.0, 360
70.5, 295.2, 360
78.75, 299.3, 360
73.75, 289.1, 360
70.85000000000001, 308.3, 360
75.7, 282.8, 360
77.85000000000001, 305.0, 360
70.3, 296.1, 360
78.7, 311.6, 360
82.0, 255.4, 360
67.5, 300.3, 360
67.15, 311.6, 360
76.7, 308.2, 360
115.0, 298.8, 360
77.14999999999999, 315.1, 360
73.05, 299.6, 360
77.55, 305.1, 360
64.5, 274.1, 360
64.85000000000001, 304.0, 360
83.75, 302.5, 360
69.5, 303.4, 360
70.35000000000001, 289.1, 360
68.1, 308.8, 360
69.75, 300.8, 360
62.45, 309.7, 360
83.55, 257.1, 360
117.0, 308.9, 360
71.75, 263.1, 360
78.5, 295.2, 360
64.45, 308.0, 360
62.55, 295.7, 360
75.45, 303.9, 360
75.8, 301.8, 360
74.75, 311.5, 360
67.5, 293.6, 360
70.35000000000001, 285.8, 360
65.65, 303.8, 360
71.4, 299.1, 360
71.85000000000001, 317.8, 360
78.14999999999999, 299.1, 360
81.75, 305.3, 360
63.2, 284.4, 360
70.5, 306.7, 360
67.1, 309.1, 360
73.60000000000001, 297.4, 360
60.05000000000001, 301.5, 360
71.85000000000001, 304.0, 360
80.75, 303.8, 360
73.5, 282.4, 360
65.15, 310.4, 360
65.2, 296.1, 360
67.5, 296.0, 360
72.8, 314.4, 360
64.5, 305.8, 360
75.85000000000001, 269.0, 360
70.45, 303.8, 360
71.75, 305.8, 360
76.9, 296.0, 360
76.7, 297.5, 360
76.4, 295.2, 360
62.599999999999994, 307.0, 360
78.75, 310.4, 360
83.75, 302.4, 360
54.8, 313.8, 360
55.150000000000006, 299.4, 360
79.9, 306.1, 360
72.5, 284.4, 360
69.85000000000001, 305.5, 360
79.55, 299.3, 360
64.1, 297.1, 360
67.45, 299.3, 360
61.099999999999994, 282.4, 360
77.35000000000001, 311.0, 360
83.1, 297.4, 360
78.35000000000001, 304.9, 360
66.2, 299.4, 360
60.8, 294.6, 360
78.85000000000001, 307.2, 360
61.85000000000001, 301.8, 360
68.5, 260.2, 360
70.75, 293.4, 360
73.3, 297.0, 360
76.8, 301.3, 360
73.5, 289.1, 360
80.1, 285.8, 360
64.65, 277.0, 360
73.7, 301.9, 360
72.5, 303.7, 360
73.5, 277.0, 360
54.150000000000006, 291.1, 360
72.85000000000001, 282.4, 360
75.14999999999999, 299.9, 360
77.9, 305.9, 360
104.0, 301.9, 360
75.4, 299.3, 360
64.65, 301.8, 360
59.599999999999994, 302.2, 360
77.5, 301.9, 360
75.7, 298.3, 360
57.150000000000006, 294.7, 360
65.2, 293.1, 360
74.9, 275.9, 360
78.35000000000001, 307.2, 360
73.5, 275.9, 360
64.1, 293.8, 360
74.75, 297.4, 360
62.599999999999994, 299.4, 360
59.05000000000001, 298.1, 360
75.85000000000001, 297.5, 360
64.15, 307.7, 360
72.9, 288.3, 360
84.3, 305.8, 360
77.7, 296.1, 360
73.45, 298.1, 360
75.35000000000001, 300.1, 360
77.35000000000001, 295.5, 360
77.3, 255.4, 360
75.9, 307.7, 360
81.9, 294.0, 360
78.35000000000001, 289.3, 360
58.8, 302.5, 360
60.099999999999994, 298.2, 360
83.3, 312.6, 360
74.4, 301.9, 360
77.1, 302.4, 360
69.5, 282.9, 360
66.75, 288.5, 360
78.85000000000001, 301.0, 360
61.8, 301.0, 360
59.599999999999994, 299.3, 360
76.55, 288.5, 360
77.55, 296.6, 360
80.64999999999999, 305.0, 360
80.4, 305.6, 360
72.7, 273.3, 360
63.45, 307.4, 360
62.2, 310.9, 360
79.7, 303.0, 360
80.75, 302.3, 360
77.85000000000001, 293.9, 360
66.75, 293.5, 360
72.5, 306.8, 360
80.4, 302.4, 360
69.75, 295.1, 360
75.75, 308.0, 360
68.15, 265.0, 360
65.9, 301.5, 360
68.6, 301.5, 360
60.75, 302.9, 360
65.45, 314.0, 360
66.45, 304.0, 360
73.5, 306.6, 360
72.9, 302.5, 360
72.65, 311.0, 360
71.9, 302.1, 360
65.75, 294.1, 360
67.45, 296.6, 360
69.75, 302.3, 360
66.9, 306.6, 360
69.5, 313.8, 360
62.8, 297.4, 360
64.2, 291.7, 360
70.5, 294.8, 360
76.35000000000001, 309.7, 360
72.35000000000001, 306.8, 360
76.3, 297.0, 360
63.0, 302.5, 360
69.7, 289.3, 360
77.35000000000001, 301.8, 360
67.9, 295.2, 360
68.3, 287.9, 360
60.45, 263.2, 360
65.3, 289.6, 360
65.9, 269.9, 360
74.05, 288.2, 360
78.55, 257.1, 360
64.6, 306.1, 360
66.5, 315.3, 360
81.7, 298.2, 360
74.14999999999999, 293.9, 360
75.75, 300.6, 360
77.14999999999999, 274.1, 360
77.14999999999999, 299.2, 360
78.5, 309.9, 360
65.9, 310.4, 360
83.14999999999999, 297.2, 360
67.5, 295.5, 360
55.150000000000006, 300.8, 360
76.9, 292.1, 360
72.35000000000001, 297.1, 360
70.45, 303.0, 360
70.8, 293.5, 360
78.1, 297.1, 360
78.7, 306.8, 360
62.8, 294.6, 360
76.75, 306.6, 360
60.599999999999994, 222.1, 360
70.60000000000001, 306.1, 360
73.4, 309.9, 360
65.05000000000001, 298.3, 360
73.35000000000001, 311.3, 360
65.65, 303.8, 360
73.45, 309.8, 360
63.85000000000001, 305.6, 360
66.9, 290.8, 360
71.3, 300.0, 360
67.5, 293.6, 360
55.8, 297.5, 360
74.55, 282.8, 360
61.8, 306.5, 360
71.5, 230.0, 360
60.05000000000001, 275.9, 360
67.5, 301.4, 360
63.150000000000006, 303.3, 360
75.85000000000001, 299.1, 360
71.3, 299.1, 360
79.7, 282.4, 360
76.7, 282.4, 360
76.85000000000001, 302.8, 360
72.35000000000001, 277.0, 360
80.1, 303.3, 360
75.75, 316.1, 360
66.2, 274.2, 360
60.05000000000001, 289.6, 360
67.35000000000001, 313.8, 360
67.5, 292.8, 360
65.85000000000001, 303.9, 360
77.35000000000001, 307.8, 360
61.099999999999994, 284.4, 360
82.14999999999999, 318.3, 360
64.05000000000001, 301.6, 360
62.05000000000001, 304.9, 360
78.1, 309.6, 360
73.5, 297.2, 360
68.35000000000001, 303.4, 360
72.55, 300.9, 360
61.150000000000006, 307.9, 360
67.5, 304.5, 360
59.8, 300.9, 360
71.35000000000001, 297.4, 360
83.9, 296.6, 360
70.7, 297.8, 360
80.4, 300.7, 360
75.85000000000001, 307.7, 360
80.9, 307.3, 360
64.4, 305.2, 360
66.5, 307.3, 360
74.85000000000001, 313.2, 360
77.3, 274.1, 360
79.75, 307.1, 360
65.9, 302.8, 360
59.599999999999994, 304.1, 360
60.85000000000001, 302.6, 360
65.45, 310.9, 360
67.65, 287.8, 360
77.4, 287.0, 360
109.0, 314.5, 360
65.85000000000001, 293.0, 360
81.3, 291.9, 360
70.85000000000001, 305.6, 360
73.8, 301.3, 360
67.35000000000001, 294.8, 360
79.14999999999999, 298.4, 360
94.0, 297.5, 360
74.7, 278.4, 360
61.900000000000006, 300.4, 360
83.3, 275.0, 360
76.35000000000001, 296.0, 360
76.85000000000001, 295.8, 360
70.65, 310.9, 360
83.4, 269.9, 360
73.3, 300.0, 360
80.4, 298.3, 360
65.75, 301.9, 360
83.14999999999999, 286.1, 360
67.65, 285.3, 360
82.1, 301.2, 360
68.6, 261.1, 360
69.85000000000001, 306.1, 360
73.35000000000001, 299.3, 360
63.35000000000001, 306.6, 360
56.150000000000006, 300.3, 360
80.8, 294.6, 360
69.35000000000001, 305.2, 360
76.64999999999999, 302.5, 360
71.55, 298.1, 360
76.3, 293.0, 360
67.05, 303.4, 360
61.8, 288.4, 360
64.6, 303.2, 360
57.150000000000006, 263.2, 360
75.45, 295.2, 360
76.75, 300.9, 360
62.900000000000006, 309.7, 360
74.85000000000001, 306.8, 360
64.3, 291.7, 360
79.55, 307.2, 360
79.75, 292.3, 360
77.3, 304.1, 360
78.35000000000001, 302.3, 360
76.3, 300.1, 360
64.3, 282.5, 360
77.9, 291.1, 360
53.8, 303.6, 360
60.75, 288.9, 360
71.3, 298.2, 360
74.05, 297.2, 360
61.05000000000001, 301.0, 360
74.7, 301.9, 360
67.4, 302.4, 360
58.150000000000006, 311.5, 360
69.3, 309.5, 360
66.5, 307.6, 360
79.64999999999999, 287.0, 360
81.75, 294.8, 360
69.5, 308.0, 360
66.5, 297.1, 360
72.9, 306.1, 360
76.4, 297.1, 360
73.5, 287.8, 360
64.9, 290.2, 360
66.5, 299.0, 360
69.05, 302.0, 360
58.75, 299.4, 360
78.75, 276.8, 360
70.4, 301.2, 360
60.05000000000001, 298.7, 360
75.9, 292.8, 360
77.55, 285.1, 360
67.2, 302.0, 360
78.9, 300.4, 360
69.3, 301.5, 360
57.150000000000006, 299.1, 360
71.3, 302.3, 360
69.5, 283.8, 360
71.45, 308.6, 360
61.599999999999994, 222.1, 360
77.3, 295.5, 360
72.7, 295.7, 360
78.35000000000001, 292.6, 360
59.45, 280.6, 360
72.75, 310.4, 360
64.05000000000001, 303.8, 360
64.45, 294.7, 360
76.55, 306.7, 360
56.55, 297.5, 360
72.5, 302.1, 360
60.0, 297.3, 360
67.2, 293.9, 360
61.8, 310.1, 360
118.0, 267.4, 360
56.150000000000006, 294.2, 360
88.8, 314.8, 360
78.4, 291.7, 360
59.75, 304.3, 360
82.7, 299.4, 360
82.55, 300.0, 360
63.150000000000006, 307.7, 360
59.150000000000006, 298.2, 360
71.35000000000001, 293.5, 360
68.15, 312.4, 360
76.75, 311.3, 360
61.05000000000001, 306.2, 360
72.5, 297.0, 360
67.85000000000001, 293.9, 360
64.05000000000001, 297.8, 360
81.4, 295.1, 360
64.75, 297.6, 360
65.65, 287.0, 360
74.14999999999999, 300.9, 360
76.55, 304.8, 360
65.05, 309.7, 360
71.35000000000001, 297.4, 360
79.75, 295.2, 360
78.75, 282.9, 360
77.7, 296.0, 360
116.0, 315.1, 360
60.150000000000006, 274.2, 360
64.5, 282.9, 360
69.5, 292.3, 360
67.75, 304.6, 360
72.45, 306.8, 360
59.8, 292.4, 360
77.7, 307.6, 360
62.45, 304.3, 360
75.14999999999999, 292.3, 360
76.9, 304.6, 360
71.3, 301.6, 360
62.35000000000001, 307.3, 360
65.3, 293.3, 360
66.6, 297.8, 360
65.75, 302.4, 360
61.150000000000006, 308.8, 360
69.3, 298.4, 360
65.2, 315.1, 360
76.14999999999999, 306.8, 360
76.1, 309.3, 360
61.150000000000006, 293.9, 360
73.65, 314.5, 360
81.75, 309.3, 360
66.35000000000001, 301.1, 360
82.4, 307.4, 360
63.150000000000006, 301.6, 360
61.05000000000001, 307.3, 360
75.75, 297.0, 360
64.35000000000001, 303.5, 360
70.5, 293.4, 360
66.35000000000001, 308.0, 360
80.4, 265.8, 360
61.599999999999994, 309.4, 360
62.05000000000001, 297.8, 360
61.75, 296.1, 360
83.75, 299.7, 360
80.64999999999999, 297.1, 360
103.0, 284.6, 360
60.2, 302.1, 360
58.8, 299.1, 360
77.75, 308.0, 360
65.2, 298.2, 360
86.8, 294.3, 360
64.0, 301.8, 360
72.3, 303.3, 360
79.9, 306.4, 360
67.8, 318.9, 360
65.1, 303.6, 360
59.150000000000006, 305.0, 360
66.3, 300.9, 360
61.0, 308.0, 360
64.3, 300.8, 360
73.85000000000001, 307.9, 360
70.60000000000001, 295.7, 360
78.5, 296.0, 360
71.7, 301.0, 360
71.7, 302.3, 360
62.05000000000001, 230.0, 360
67.3, 286.1, 360
70.5, 285.6, 360
68.5, 294.9, 360
72.7, 289.1, 360
69.7, 292.7, 360
61.2, 301.4, 360
70.35000000000001, 299.2, 360
74.75, 270.0, 360
74.9, 288.5, 360
80.14999999999999, 296.6, 360
77.14999999999999, 265.0, 360
78.3, 292.4, 360
71.05, 295.5, 360
76.45, 304.8, 360
76.1, 305.8, 360
67.05, 293.1, 360
70.05, 291.1, 360
81.75, 274.1, 360
53.8, 301.1, 360
71.3, 318.9, 360
76.5, 306.8, 360
75.75, 304.7, 360
62.05000000000001, 265.0, 360
71.35000000000001, 304.9, 360
69.5, 312.2, 360
78.8, 298.3, 360
76.55, 290.8, 360
70.9, 301.2, 360
59.2, 291.2, 360
64.5, 293.1, 360
70.7, 294.8, 360
78.75, 283.3, 360
78.3, 297.0, 360
69.65, 305.0, 360
73.05, 301.8, 360
81.1, 312.1, 360
67.3, 297.4, 360
65.45, 310.4, 360
75.8, 299.1, 360
73.35000000000001, 294.9, 360
61.900000000000006, 269.9, 360
83.9, 310.4, 360
66.9, 303.5, 360
78.9, 294.6, 360
71.45, 303.8, 360
64.9, 285.3, 360
73.9, 292.0, 360
64.8, 301.3, 360
80.14999999999999, 293.6, 360
64.6, 300.3, 360
72.3, 301.2, 360
73.5, 300.8, 360
60.099999999999994, 287.9, 360
63.45, 301.0, 360
71.35000000000001, 289.6, 360
83.7, 306.8, 360
74.5, 302.1, 360
60.599999999999994, 300.0, 360
72.7, 299.1, 360
61.8, 301.8, 360
78.85000000000001, 295.3, 360
58.900000000000006, 301.7, 360
111.0, 302.6, 360
75.35000000000001, 299.1, 360
72.5, 303.0, 360
80.75, 306.1, 360
71.3, 306.7, 360
67.5, 292.6, 360
76.55, 292.7, 360
63.599999999999994, 275.9, 360
77.85000000000001, 301.3, 360
77.55, 307.7, 360
86.8, 301.0, 360
80.75, 294.5, 360
59.85000000000001, 298.8, 360
74.9, 309.7, 360
65.1, 296.0, 360
65.5, 298.2, 360
54.8, 301.8, 360
59.75, 301.5, 360
64.6, 296.1, 360
67.6, 305.2, 360
78.14999999999999, 299.4, 360
67.5, 306.7, 360
67.15, 294.8, 360
62.099999999999994, 304.9, 360
59.599999999999994, 293.2, 360
72.3, 294.6, 360
80.75, 299.7, 360
64.45, 300.1, 360
73.8, 290.2, 360
77.9, 301.1, 360
64.2, 303.8, 360
61.05000000000001, 288.5, 360
67.6, 259.9, 360
78.14999999999999, 309.7, 360
70.7, 294.4, 360
78.55, 301.1, 360
66.15, 280.6, 360
77.9, 303.8, 360
87.8, 302.6, 360
64.85000000000001, 301.7, 360
60.099999999999994, 306.2, 360
62.8, 302.1, 360
60.099999999999994, 304.9, 360
73.75, 303.8, 360
72.35000000000001, 306.1, 360
67.65, 297.3, 360
81.75, 292.3, 360
59.45, 263.1, 360
61.099999999999994, 304.9, 360
71.60000000000001, 265.0, 360
74.8, 303.4, 360
75.14999999999999, 306.8, 360
60.8, 295.1, 360
75.35000000000001, 261.3, 360
62.0, 297.3, 360
61.8, 302.5, 360
78.64999999999999, 310.4, 360
60.45, 308.9, 360
66.5, 295.7, 360
75.5, 307.9, 360
67.9, 296.1, 360
80.9, 314.0, 360
72.4, 301.1, 360
71.3, 297.5, 360
79.1, 299.4, 360
62.8, 294.8, 360
68.05000000000001, 298.0, 360
78.35000000000001, 276.5, 360
68.05, 298.9, 360
76.5, 300.1, 360
98.0, 298.9, 360
65.35000000000001, 300.2, 360
69.3, 302.8, 360
66.05, 296.0, 360
78.14999999999999, 311.6, 360
88.0, 302.5, 360
75.75, 290.2, 360
69.5, 293.4, 360
81.8, 306.4, 360
80.75, 309.9, 360
72.05, 270.0, 360
63.05000000000001, 232.2, 360
75.75, 304.3, 360
68.5, 301.6, 360
70.5, 301.7, 360
64.8, 301.1, 360
65.45, 280.6, 360
66.15, 302.8, 360
74.45, 219.5, 360
75.9, 300.1, 360
71.4, 300.7, 360
64.4, 299.4, 360
88.8, 309.9, 360
78.64999999999999, 298.8, 360
81.14999999999999, 302.5, 360
67.6, 298.8, 360
60.75, 303.0, 360
70.7, 275.0, 360
77.7, 300.4, 360
62.0, 310.4, 360
58.8, 306.1, 360
64.85000000000001, 301.2, 360
72.5, 251.6, 360
65.9, 305.9, 360
81.4, 309.6, 360
70.5, 302.5, 360
81.3, 301.0, 360
78.7, 282.4, 360
68.1, 309.7, 360
62.75, 285.3, 360
76.7, 304.3, 360
77.55, 301.3, 360
119.0, 303.0, 360
60.55, 304.3, 360
79.75, 301.8, 360
64.05000000000001, 265.8, 360
62.900000000000006, 298.3, 360
81.0, 303.8, 360
60.8, 317.8, 360
70.4, 285.1, 360
76.35000000000001, 295.5, 360
70.5, 307.1, 360
60.599999999999994, 296.1, 360
69.05, 293.2, 360
65.9, 303.4, 360
69.85000000000001, 265.8, 360
72.8, 292.3, 360
67.60000000000001, 311.6, 360
68.35000000000001, 298.0, 360
68.65, 295.7, 360
76.75, 299.3, 360
71.7, 306.8, 360
71.7, 306.8, 360
80.4, 293.4, 360
82.1, 298.2, 360
65.6, 295.5, 360
77.55, 315.3, 360
64.1, 298.9, 360
64.5, 219.5, 360
83.7, 308.3, 360
76.4, 303.6, 360
63.099999999999994, 297.7, 360
87.0, 276.4, 360
71.3, 293.0, 360
83.55, 303.4, 360
61.599999999999994, 263.2, 360
72.8, 302.8, 360
61.75, 294.0, 360
72.7, 296.6, 360
75.8, 292.6, 360
70.5, 301.1, 360
68.4, 306.2, 360
74.7, 293.0, 360
73.5, 308.6, 360
75.9, 307.2, 360
74.9, 303.7, 360
69.75, 294.6, 360
74.45, 296.0, 360
71.7, 311.0, 360
65.75, 301.3, 360
67.6, 294.7, 360
83.7, 293.8, 360
56.8, 296.7, 360
58.85000000000001, 296.7, 360
71.4, 297.2, 360
70.85000000000001, 303.3, 360
71.85000000000001, 308.8, 360
59.45, 296.6, 360
81.3, 277.0, 360
78.9, 278.4, 360
64.5, 277.0, 360
73.75, 297.2, 360
64.3, 302.3, 360
107.0, 300.4, 360
73.85000000000001, 307.3, 360
70.65, 308.0, 360
76.1, 278.4, 360
78.75, 307.3, 360
76.35000000000001, 294.3, 360
74.05, 304.5, 360
58.150000000000006, 297.5, 360
71.35000000000001, 297.4, 360
72.4, 273.3, 360
59.150000000000006, 265.8, 360
70.65, 293.2, 360
75.14999999999999, 301.8, 360
67.5, 301.7, 360
61.8, 298.8, 360
72.65, 305.0, 360
68.05000000000001, 301.7, 360
64.3, 309.9, 360
83.3, 314.5, 360
65.9, 305.0, 360
64.8, 307.7, 360
61.75, 285.3, 360
63.150000000000006, 295.5, 360
109.0, 301.2, 360
68.5, 301.8, 360
68.05000000000001, 290.2, 360
61.85000000000001, 308.3, 360
66.1, 293.2, 360
88.0, 297.5, 360
75.75, 300.7, 360
80.75, 280.3, 360
63.599999999999994, 308.1, 360
81.75, 298.1, 360
72.35000000000001, 296.7, 360
74.64999999999999, 316.1, 360
79.4, 307.0, 360
77.8, 293.9, 360
64.3, 297.6, 360
59.900000000000006, 304.8, 360
59.35000000000001, 300.7, 360
67.35000000000001, 306.6, 360
74.9, 291.1, 360
82.3, 301.6, 360
67.6, 303.1, 360
64.45, 304.6, 360
73.5, 293.0, 360
72.75, 302.1, 360
69.35000000000001, 294.6, 360
75.75, 277.6, 360
74.4, 302.5, 360
71.85000000000001, 300.8, 360
65.45, 310.9, 360
71.05, 315.1, 360
73.55, 297.5, 360
62.150000000000006, 300.7, 360
60.05000000000001, 300.3, 360
69.85000000000001, 298.8, 360
77.75, 263.1, 360
71.75, 299.3, 360
77.75, 301.4, 360
74.8, 296.0, 360
75.14999999999999, 303.4, 360
76.3, 307.7, 360
66.85000000000001, 298.9, 360
62.05000000000001, 284.3, 360
79.4, 305.8, 360
67.75, 311.3, 360
105.0, 274.1, 360
59.35000000000001, 292.6, 360
68.5, 303.4, 360
64.05000000000001, 296.0, 360
74.5, 309.3, 360
75.14999999999999, 297.0, 360
72.5, 314.8, 360
67.0, 297.1, 360
59.8, 298.3, 360
76.7, 295.2, 360
75.35000000000001, 282.4, 360
73.35000000000001, 300.1, 360
77.3, 306.5, 360
55.150000000000006, 307.7, 360
78.8, 311.5, 360
82.3, 277.6, 360
86.0, 309.7, 360
78.75, 311.0, 360
75.3, 293.8, 360
79.4, 300.4, 360
67.05, 298.2, 360
65.75, 314.8, 360
64.4, 307.6, 360
64.65, 304.0, 360
118.0, 296.2, 360
66.75, 297.8, 360
61.150000000000006, 304.6, 360
67.3, 292.3, 360
75.75, 232.2, 360
70.35000000000001, 292.8, 360
71.60000000000001, 293.4, 360
78.35000000000001, 305.9, 360
67.65, 293.1, 360
63.099999999999994, 298.2, 360
70.3, 292.7, 360
73.85000000000001, 303.8, 360
74.05, 292.3, 360
74.55, 300.0, 360
71.55, 311.5, 360
81.75, 306.7, 360
72.7, 303.5, 360
60.05000000000001, 291.9, 360
70.3, 301.8, 360
105.0, 311.8, 360
76.8, 275.1, 360
65.6, 312.4, 360
66.05000000000001, 301.9, 360
82.75, 314.5, 360
66.6, 287.9, 360
64.0, 301.3, 360
77.3, 259.9, 360
76.64999999999999, 269.0, 360
90.0, 302.1, 360
64.3, 297.4, 360
76.7, 276.5, 360
75.3, 287.0, 360
76.3, 299.1, 360
69.4, 304.9, 360
72.60000000000001, 315.3, 360
68.45, 297.8, 360
72.8, 293.4, 360
64.05000000000001, 303.9, 360
78.75, 307.3, 360
76.4, 304.9, 360
77.3, 294.2, 360
63.099999999999994, 314.4, 360
79.9, 301.4, 360
71.35000000000001, 293.9, 360
78.75, 300.1, 360
70.85000000000001, 306.1, 360
73.9, 293.4, 360
81.9, 306.7, 360
68.35000000000001, 299.3, 360
82.0, 255.4, 360
59.150000000000006, 306.8, 360
59.75, 287.0, 360
59.45, 300.0, 360
77.4, 301.9, 360
61.45, 309.9, 360
70.7, 294.6, 360
61.05000000000001, 285.0, 360
75.14999999999999, 299.6, 360
63.35000000000001, 306.7, 360
64.6, 308.8, 360
69.35000000000001, 297.3, 360
67.60000000000001, 318.9, 360
75.3, 314.8, 360
75.9, 293.9, 360
75.35000000000001, 306.1, 360
76.9, 302.2, 360
78.9, 304.9, 360
58.55, 309.7, 360
76.85000000000001, 292.4, 360
77.85000000000001, 299.6, 360
78.55, 301.9, 360
76.7, 301.4, 360
69.3, 304.9, 360
61.0, 303.1, 360
79.4, 232.2, 360
77.7, 297.7, 360
66.65, 285.1, 360
83.75, 304.3, 360
77.75, 222.1, 360
61.35000000000001, 308.3, 360
62.75, 299.3, 360
72.8, 305.8, 360
78.4, 289.6, 360
55.8, 261.3, 360
95.0, 288.0, 360
78.14999999999999, 306.2, 360
92.0, 302.9, 360
71.9, 276.5, 360
72.75, 299.3, 360
65.05, 269.9, 360
73.5, 308.3, 360
56.55, 306.4, 360
76.1, 299.3, 360
62.05000000000001, 308.3, 360
74.4, 292.0, 360
73.9, 304.0, 360
60.150000000000006, 285.6, 360
70.3, 312.4, 360
75.1, 283.3, 360
86.8, 314.8, 360
64.05000000000001, 305.5, 360
72.7, 300.6, 360
72.60000000000001, 285.0, 360
80.1, 309.9, 360
79.75, 307.6, 360
65.60000000000001, 292.7, 360
74.45, 296.0, 360
70.5, 303.8, 360
64.05000000000001, 305.1, 360
72.85000000000001, 297.2, 360
68.0, 306.7, 360
82.1, 296.7, 360
62.45, 274.1, 360
60.099999999999994, 303.8, 360
77.75, 293.9, 360
74.9, 302.1, 360
75.64999999999999, 311.5, 360
81.4, 304.5, 360
66.65, 307.3, 360
73.55, 302.2, 360
67.0, 282.8, 360
75.35000000000001, 308.8, 360
80.3, 297.3, 360
80.75, 300.7, 360
72.35000000000001, 275.1, 360
73.4, 294.6, 360
77.14999999999999, 294.6, 360
74.14999999999999, 306.7, 360
71.05, 298.4, 360
81.3, 301.6, 360
72.7, 311.3, 360
66.35000000000001, 307.9, 360
62.599999999999994, 306.1, 360
68.45, 294.9, 360
71.5, 303.0, 360
75.7, 222.1, 360
59.900000000000006, 284.4, 360
66.1, 311.8, 360
79.8, 309.6, 360
66.3, 296.2, 360
74.8, 303.9, 360
77.14999999999999, 297.5, 360
70.35000000000001, 280.3, 360
58.8, 298.3, 360
79.75, 300.3, 360
71.8, 292.7, 360
62.75, 303.8, 360
75.5, 298.2, 360
74.45, 301.9, 360
82.64999999999999, 307.3, 360
73.85000000000001, 294.4, 360
77.7, 314.8, 360
73.8, 312.6, 360
56.55, 295.7, 360
71.05, 297.2, 360
65.6, 298.9, 360
69.0, 296.1, 360
84.0, 304.9, 360
66.5, 314.0, 360
75.3, 301.3, 360
72.4, 305.0, 360
73.7, 290.0, 360
56.8, 303.8, 360
64.0, 297.7, 360
76.4, 305.6, 360
74.75, 297.3, 360
67.5, 318.9, 360
74.75, 267.4, 360
75.35000000000001, 285.1, 360
75.35000000000001, 306.6, 360
60.0, 298.9, 360
59.8, 288.5, 360
81.4, 300.1, 360
108.0, 309.9, 360
64.5, 297.8, 360
67.05000000000001, 303.6, 360
67.3, 295.8, 360
74.4, 297.3, 360
72.9, 303.5, 360
78.75, 299.6, 360
73.4, 302.0, 360
73.45, 301.9, 360
76.9, 303.8, 360
72.9, 287.9, 360
80.4, 294.7, 360
75.14999999999999, 290.0, 360
73.7, 298.2, 360
72.3, 309.7, 360
74.9, 303.9, 360
79.64999999999999, 313.8, 360
74.85000000000001, 263.1, 360
77.4, 305.8, 360
81.14999999999999, 304.1, 360
67.15, 307.3, 360
76.45, 305.2, 360
69.5, 311.6, 360
71.3, 293.5, 360
75.35000000000001, 304.6, 360
67.05, 313.1, 360
72.9, 297.4, 360
83.9, 303.8, 360
61.75, 300.0, 360
63.05000000000001, 310.4, 360
58.75, 315.5, 360
63.0, 302.3, 360
74.75, 293.5, 360
71.5, 297.4, 360
64.6, 298.9, 360
60.05000000000001, 294.6, 360
68.5, 299.9, 360
71.5, 303.9, 360
79.75, 305.0, 360
63.05000000000001, 301.1, 360
56.150000000000006, 296.1, 360
81.1, 292.7, 360
73.45, 301.2, 360
80.4, 295.1, 360
71.35000000000001, 302.2, 360
82.14999999999999, 304.6, 360
61.05000000000001, 300.3, 360
80.75, 298.2, 360
76.14999999999999, 276.4, 360
81.4, 305.0, 360
68.45, 303.3, 360
58.85000000000001, 308.3, 360
74.35000000000001, 302.1, 360
83.64999999999999, 294.7, 360
65.15, 304.8, 360
74.5, 295.8, 360
67.5, 291.7, 360
81.9, 293.5, 360
64.9, 304.0, 360
71.5, 309.6, 360
73.3, 309.1, 360
63.150000000000006, 292.3, 360
74.4, 308.9, 360
68.4, 300.8, 360
55.55, 297.5, 360
82.14999999999999, 299.7, 360
63.55, 294.2, 360
71.60000000000001, 284.4, 360
81.75, 301.8, 360
80.3, 297.5, 360
67.9, 284.4, 360
75.4, 306.1, 360
66.9, 302.6, 360
65.85000000000001, 304.9, 360
77.55, 298.4, 360
77.8, 297.4, 360
69.5, 296.0, 360
76.3, 294.3, 360
66.5, 295.8, 360
69.3, 295.1, 360
70.05, 301.1, 360
77.75, 273.2, 360
72.5, 304.5, 360
81.3, 298.1, 360
54.55, 287.0, 360
83.55, 302.3, 360
63.150000000000006, 309.9, 360
84.3, 311.5, 360
72.5, 307.2, 360
75.75, 295.2, 360
64.6, 303.4, 360
77.64999999999999, 297.5, 360
67.45, 292.3, 360
63.35000000000001, 303.4, 360
72.5, 302.3, 360
65.05000000000001, 312.6, 360
81.7, 285.0, 360
67.65, 298.1, 360
76.75, 299.5, 360
77.3, 280.6, 360
78.85000000000001, 303.4, 360
74.14999999999999, 309.4, 360
83.8, 265.8, 360
82.9, 307.3, 360
60.8, 312.4, 360
65.60000000000001, 303.0, 360
77.4, 305.0, 360
79.3, 287.8, 360
71.75, 298.7, 360
66.5, 306.2, 360
74.85000000000001, 302.5, 360
74.5, 287.8, 360
69.8, 274.1, 360
62.45, 302.4, 360
78.5, 265.0, 360
64.6, 299.9, 360
58.75, 299.5, 360
62.75, 306.1, 360
72.4, 276.6, 360
73.3, 304.0, 360
80.14999999999999, 295.5, 360
61.55, 307.9, 360
56.55, 299.7, 360
72.3, 296.0, 360
77.7, 307.1, 360
61.05000000000001, 297.1, 360
66.5, 274.1, 360
70.75, 302.3, 360
70.75, 314.5, 360
75.14999999999999, 306.1, 360
65.1, 299.7, 360
64.75, 304.1, 360
61.099999999999994, 283.3, 360
63.75, 301.3, 360
88.8, 301.0, 360
79.9, 314.0, 360
72.7, 296.1, 360
61.75, 297.5, 360
81.64999999999999, 304.0, 360
77.3, 293.0, 360
73.60000000000001, 305.8, 360
77.45, 277.2, 360
81.9, 301.7, 360
64.05000000000001, 294.7, 360
63.150000000000006, 305.8, 360
66.0, 297.5, 360
88.8, 296.1, 360
68.85000000000001, 306.7, 360
80.3, 261.3, 360
76.85000000000001, 305.2, 360
67.5, 292.3, 360
58.75, 295.7, 360
63.85000000000001, 310.4, 360
73.5, 297.0, 360
59.599999999999994, 302.5, 360
76.85000000000001, 302.8, 360
66.45, 304.3, 360
77.85000000000001, 298.2, 360
72.65, 305.3, 360
77.75, 288.5, 360
72.35000000000001, 311.5, 360
70.5, 300.9, 360
77.14999999999999, 280.3, 360
63.05000000000001, 296.7, 360
57.150000000000006, 306.1, 360
71.7, 306.5, 360
74.75, 306.2, 360
83.75, 297.2, 360
67.0, 297.7, 360
64.85000000000001, 305.8, 360
56.150000000000006, 306.6, 360
69.45, 303.4, 360
76.35000000000001, 301.2, 360
66.60000000000001, 301.4, 360
68.45, 309.6, 360
70.35000000000001, 308.9, 360
67.5, 314.5, 360
72.7, 303.6, 360
55.55, 307.3, 360
66.60000000000001, 304.9, 360
83.3, 304.7, 360
75.1, 301.8, 360
78.9, 299.4, 360
76.14999999999999, 299.3, 360
71.85000000000001, 300.0, 360
80.4, 302.6, 360
72.85000000000001, 296.6, 360
75.35000000000001, 293.6, 360
67.05000000000001, 261.3, 360
79.75, 299.6, 360
75.75, 303.8, 360
74.9, 270.0, 360
72.7, 285.8, 360
64.2, 306.5, 360
72.5, 297.2, 360
64.35000000000001, 292.0, 360
72.55, 299.1, 360
59.55, 299.3, 360
78.85000000000001, 304.8, 360
77.85000000000001, 315.3, 360
71.35000000000001, 307.7, 360
66.5, 300.0, 360
76.7, 293.5, 360
75.75, 273.3, 360
63.05000000000001, 255.4, 360
76.4, 251.6, 360
67.05, 292.3, 360
62.85000000000001, 290.0, 360
71.5, 297.1, 360
67.5, 313.1, 360
67.5, 294.7, 360
71.7, 302.8, 360
83.9, 295.7, 360
71.60000000000001, 283.8, 360
60.05000000000001, 297.8, 360
82.7, 298.2, 360
63.85000000000001, 232.2, 360
61.55, 308.0, 360
71.75, 293.3, 360
73.85000000000001, 295.8, 360
75.75, 290.8, 360
64.60000000000001, 288.8, 360
58.55, 308.9, 360
83.75, 295.5, 360
75.14999999999999, 299.4, 360
60.599999999999994, 295.1, 360
65.05000000000001, 290.8, 360
67.05, 301.1, 360
72.9, 311.6, 360
75.35000000000001, 293.0, 360
80.0, 230.0, 360
87.8, 283.3, 360
70.55, 302.3, 360
66.60000000000001, 305.8, 360
59.75, 308.3, 360
66.45, 302.1, 360
60.099999999999994, 300.3, 360
78.14999999999999, 294.3, 360
66.4, 265.8, 360
65.9, 294.7, 360
68.15, 302.3, 360
64.75, 311.5, 360
67.75, 293.2, 360
67.05, 273.2, 360
67.35000000000001, 291.9, 360
65.3, 301.9, 360
66.6, 298.9, 360
64.9, 311.6, 360
100.0, 293.5, 360
68.45, 315.3, 360
58.900000000000006, 304.0, 360
74.9, 312.6, 360
75.85000000000001, 300.1, 360
74.85000000000001, 299.6, 360
66.35000000000001, 305.5, 360
61.8, 294.5, 360
68.6, 306.8, 360
83.4, 298.2, 360
117.0, 298.3, 360
80.8, 310.1, 360
82.4, 293.4, 360
82.55, 303.5, 360
72.85000000000001, 310.9, 360
70.7, 310.9, 360
65.85000000000001, 297.4, 360
76.55, 310.4, 360
78.55, 275.1, 360
75.9, 300.7, 360
59.900000000000006, 299.0, 360
74.14999999999999, 310.1, 360
69.9, 305.7, 360
82.1, 307.0, 360
67.5, 309.6, 360
77.75, 295.7, 360
66.15, 277.0, 360
61.55, 296.0, 360
63.2, 305.1, 360
65.6, 283.3, 360
71.85000000000001, 304.1, 360
76.1, 299.8, 360
73.4, 311.0, 360
65.5, 296.2, 360
65.0, 296.7, 360
67.05000000000001, 307.1, 360
78.75, 294.7, 360
68.3, 295.1, 360
61.900000000000006, 306.3, 360
74.9, 297.1, 360
65.05, 309.3, 360
78.7, 298.0, 360
69.55, 296.6, 360
69.3, 298.8, 360
77.14999999999999, 305.3, 360
112.0, 276.4, 360
63.900000000000006, 302.3, 360
81.64999999999999, 302.9, 360
69.35000000000001, 308.0, 360
65.6, 301.0, 360
69.5, 305.9, 360
82.75, 308.6, 360
76.14999999999999, 285.3, 360
77.14999999999999, 304.3, 360
77.7, 298.4, 360
