45.0, 113.1, 100
29.0, 110.9, 100
42.0, 108.1, 100
21.0, 99.4, 100
35.0, 109.0, 100
23.0, 107.80000000000001, 100
37.0, 115.0, 100
37.0, 100.4, 100
23.0, 79.80000000000001, 100
20.0, 106.4, 100
26.0, 104.6, 100
30.0, 106.69999999999999, 100
38.0, 103.5, 100
40.0, 107.69999999999999, 100
29.0, 110.5, 100
42.0, 97.0, 100
33.0, 85.30000000000001, 100
26.0, 52.599999999999994, 100
32.0, 70.0, 100
33.0, 101.0, 100
33.0, 107.5, 100
28.0, 100.1, 100
39.0, 108.30000000000001, 100
16.999999999999996, 95.69999999999999, 100
35.0, 97.0, 100
36.0, 108.9, 100
34.0, 90.1, 100
39.0, 103.19999999999999, 100
38.0, 99.19999999999999, 100
28.0, 100.6, 100
31.999999999999996, 20.5, 100
34.0, 100.69999999999999, 100
34.0, 101.9, 100
34.0, 107.6, 100
38.0, 100.1, 100
27.0, 104.4, 100
39.0, 93.80000000000001, 100
41.0, 103.30000000000001, 100
26.0, 104.4, 100
37.0, 98.0, 100
33.0, 104.30000000000001, 100
22.0, 104.9, 100
32.0, 108.30000000000001, 100
26.0, 100.5, 100
29.0, 101.80000000000001, 100
29.999999999999996, 96.30000000000001, 100
31.0, 100.30000000000001, 100
26.0, 106.6, 100
24.0, 110.30000000000001, 100
27.0, 100.30000000000001, 100
40.0, 98.1, 100
39.0, 90.6, 100
29.0, 62.099999999999994, 100
24.0, 107.1, 100
40.0, 84.30000000000001, 100
36.0, 61.2, 100
28.0, 61.2, 100
30.0, 90.6, 100
34.0, 95.6, 100
38.0, 99.19999999999999, 100
28.0, 98.0, 100
41.0, 109.30000000000001, 100
35.0, 100.4, 100
52.0, 99.80000000000001, 100
39.0, 113.4, 100
36.0, 66.8, 100
33.0, 98.80000000000001, 100
55.0, 103.80000000000001, 100
46.0, 91.19999999999999, 100
29.0, 94.9, 100
38.0, 104.80000000000001, 100
34.0, 105.0, 100
34.0, 97.0, 100
39.0, 108.30000000000001, 100
22.0, 100.4, 100
44.0, 108.9, 100
33.0, 77.4, 100
38.0, 86.80000000000001, 100
36.0, 106.6, 100
28.0, 104.4, 100
35.0, 98.4, 100
18.0, 101.69999999999999, 100
35.0, 105.9, 100
26.999999999999996, 111.9, 100
43.0, 103.19999999999999, 100
23.0, 101.4, 100
24.999999999999996, 98.0, 100
26.0, 98.80000000000001, 100
24.0, 94.0, 100
43.0, 108.30000000000001, 100
37.0, 97.6, 100
32.0, 108.6, 100
31.0, 100.5, 100
30.0, 106.1, 100
37.0, 89.80000000000001, 100
23.0, 99.19999999999999, 100
34.0, 108.1, 100
35.0, 94.9, 100
41.0, 97.19999999999999, 100
26.0, 98.6, 100
38.0, 185.9, 200
43.0, 187.4, 200
35.0, 182.1, 200
25.999999999999996, 174.8, 200
31.0, 178.9, 200
38.0, 184.0, 200
41.0, 181.3, 200
28.0, 176.3, 200
42.0, 178.3, 200
40.0, 187.8, 200
26.0, 173.4, 200
37.0, 182.2, 200
31.0, 168.4, 200
47.0, 181.8, 200
35.0, 183.5, 200
35.0, 189.2, 200
30.0, 191.7, 200
37.0, 185.0, 200
36.0, 185.8, 200
25.0, 180.1, 200
29.0, 176.0, 200
18.0, 179.7, 200
34.0, 175.9, 200
32.0, 190.8, 200
35.0, 189.8, 200
41.0, 183.1, 200
30.0, 188.9, 200
38.0, 186.2, 200
34.0, 181.1, 200
45.0, 184.4, 200
35.0, 140.9, 200
33.0, 181.6, 200
35.0, 192.9, 200
35.0, 186.1, 200
31.0, 193.1, 200
45.0, 175.5, 200
28.0, 191.2, 200
27.0, 184.4, 200
15.999999999999996, 190.8, 200
42.0, 184.9, 200
26.0, 182.2, 200
33.0, 193.1, 200
31.0, 180.7, 200
58.0, 159.9, 200
33.0, 139.4, 200
32.0, 185.9, 200
30.0, 168.3, 200
34.0, 184.6, 200
22.0, 180.1, 200
43.0, 198.5, 200
41.0, 196.1, 200
33.0, 190.1, 200
32.0, 189.7, 200
37.0, 183.1, 200
29.0, 184.7, 200
34.0, 166.5, 200
45.0, 178.3, 200
33.0, 181.5, 200
31.999999999999996, 180.6, 200
34.0, 183.4, 200
34.0, 186.3, 200
36.0, 175.1, 200
37.0, 198.0, 200
28.0, 196.6, 200
22.0, 184.7, 200
39.0, 106.1, 200
28.0, 154.0, 200
25.0, 179.2, 200
15.999999999999996, 190.1, 200
35.0, 168.6, 200
49.0, 158.2, 200
23.999999999999996, 180.3, 200
30.0, 183.4, 200
23.0, 177.9, 200
27.0, 185.4, 200
27.0, 181.4, 200
41.0, 172.4, 200
34.0, 178.8, 200
23.0, 187.4, 200
37.0, 183.8, 200
30.0, 187.6, 200
35.0, 190.7, 200
27.999999999999996, 188.8, 200
45.0, 184.5, 200
31.0, 195.6, 200
34.0, 192.9, 200
32.0, 191.3, 200
39.0, 183.8, 200
42.0, 178.9, 200
32.0, 186.2, 200
31.0, 187.4, 200
40.0, 166.4, 200
39.0, 178.2, 200
33.0, 176.3, 200
33.0, 187.6, 200
32.0, 191.3, 200
34.0, 202.3, 200
40.0, 179.7, 200
38.0, 159.1, 200
29.999999999999996, 185.6, 200
25.999999999999996, 183.4, 200
35.0, 184.7, 200
25.0, 186.1, 200
37.0, 192.6, 200
33.0, 190.8, 200
37.0, 191.1, 200
32.0, 185.9, 200
30.0, 185.0, 200
35.0, 181.1, 200
23.0, 198.4, 200
32.0, 182.2, 200
29.0, 149.8, 200
28.0, 186.5, 200
34.0, 183.4, 200
40.0, 173.6, 200
36.0, 182.2, 200
31.0, 180.0, 200
21.0, 185.0, 200
39.0, 191.3, 200
35.0, 188.9, 200
42.0, 179.2, 200
26.999999999999996, 186.9, 200
37.0, 151.4, 200
22.0, 174.2, 200
34.0, 194.4, 200
24.0, 166.8, 200
40.0, 180.2, 200
28.0, 189.2, 200
31.0, 187.4, 200
24.0, 186.3, 200
36.0, 186.8, 200
42.0, 181.0, 200
25.0, 193.9, 200
41.0, 188.9, 200
28.0, 193.5, 200
36.0, 182.8, 200
35.0, 191.9, 200
43.0, 202.9, 200
41.0, 189.8, 200
21.0, 182.2, 200
40.0, 184.4, 200
39.0, 182.5, 200
17.0, 175.1, 200
35.0, 180.1, 200
33.0, 177.6, 200
27.0, 173.1, 200
26.999999999999996, 185.7, 200
30.999999999999996, 184.3, 200
35.0, 166.9, 200
34.0, 178.5, 200
22.999999999999996, 198.5, 200
48.0, 179.5, 200
28.0, 140.9, 200
30.0, 184.1, 200
27.0, 173.3, 200
38.0, 177.1, 200
32.0, 189.8, 200
35.0, 157.3, 200
32.0, 184.2, 200
41.0, 187.9, 200
30.0, 173.6, 200
24.0, 184.0, 200
17.0, 182.2, 200
40.0, 199.1, 200
22.0, 182.4, 200
40.0, 182.5, 200
29.0, 171.9, 200
41.0, 184.4, 200
27.0, 176.1, 200
28.0, 188.5, 200
51.0, 180.0, 200
42.0, 186.3, 200
30.0, 147.1, 200
37.0, 166.8, 200
36.0, 178.6, 200
32.0, 167.8, 200
24.0, 182.2, 200
25.0, 185.4, 200
25.0, 181.1, 200
28.0, 202.9, 200
36.0, 177.4, 200
40.0, 166.4, 200
35.0, 189.1, 200
40.0, 190.4, 200
32.0, 187.9, 200
43.0, 106.1, 200
26.0, 168.3, 200
27.0, 176.3, 200
39.0, 186.2, 200
28.0, 185.9, 200
48.0, 191.3, 200
26.0, 184.3, 200
26.0, 178.5, 200
37.0, 189.2, 200
23.999999999999996, 186.3, 200
36.0, 152.6, 200
33.0, 183.5, 200
36.0, 185.3, 200
28.0, 195.6, 200
23.0, 172.4, 200
45.0, 181.6, 200
23.999999999999996, 176.0, 200
36.0, 174.8, 200
39.0, 172.4, 200
26.0, 190.5, 200
32.0, 188.3, 200
39.0, 184.1, 200
27.0, 182.4, 200
27.0, 184.0, 200
34.0, 177.2, 200
37.0, 182.2, 200
31.0, 184.9, 200
30.0, 196.6, 200
19.999999999999996, 184.8, 200
43.0, 183.1, 200
41.0, 184.0, 200
34.0, 179.1, 200
37.0, 184.4, 200
39.0, 194.9, 200
35.0, 184.9, 200
23.0, 183.4, 200
38.0, 172.3, 200
28.0, 185.2, 200
42.0, 195.6, 200
26.999999999999996, 190.1, 200
20.999999999999996, 186.1, 200
38.0, 178.2, 200
29.0, 191.1, 200
26.0, 190.8, 200
36.0, 184.0, 200
41.0, 164.2, 200
35.0, 172.8, 200
37.0, 186.3, 200
24.0, 182.4, 200
28.999999999999996, 186.8, 200
40.0, 184.7, 200
37.0, 183.0, 200
28.0, 185.8, 200
21.0, 154.0, 200
33.0, 188.9, 200
28.0, 183.3, 200
22.0, 185.9, 200
38.0, 192.6, 200
40.0, 182.3, 200
33.0, 173.3, 200
36.0, 177.9, 200
33.0, 184.7, 200
30.0, 190.8, 200
37.0, 182.0, 200
48.0, 143.9, 200
30.0, 187.9, 200
28.0, 182.2, 200
20.999999999999996, 185.0, 200
29.0, 184.8, 200
40.0, 182.4, 200
43.0, 187.1, 200
39.0, 193.7, 200
40.0, 180.3, 200
32.0, 186.8, 200
34.0, 187.9, 200
20.999999999999996, 169.8, 200
26.0, 176.4, 200
35.0, 189.7, 200
30.0, 181.4, 200
52.0, 178.6, 200
28.0, 103.5, 200
35.0, 189.6, 200
42.0, 185.6, 200
35.0, 187.8, 200
25.0, 181.4, 200
29.0, 171.8, 200
28.0, 183.1, 200
31.0, 186.8, 200
35.0, 179.8, 200
29.0, 186.0, 200
43.0, 183.1, 200
31.0, 184.0, 200
26.0, 180.1, 200
32.0, 178.8, 200
44.0, 184.3, 200
24.0, 186.3, 200
21.0, 185.8, 200
38.0, 178.9, 200
35.0, 184.1, 200
27.999999999999996, 190.7, 200
29.0, 173.4, 200
28.0, 157.2, 200
46.0, 178.2, 200
38.0, 160.6, 200
37.0, 191.9, 200
28.0, 172.2, 200
25.0, 191.9, 200
36.0, 186.2, 200
45.0, 183.3, 200
72.0, 175.9, 200
27.999999999999996, 152.6, 200
33.0, 194.4, 200
42.0, 160.6, 200
34.0, 177.4, 200
37.0, 185.7, 200
48.0, 114.0, 200
33.0, 184.8, 200
39.0, 169.8, 200
37.0, 195.5, 200
37.0, 191.3, 200
34.0, 190.1, 200
28.999999999999996, 177.9, 200
32.0, 191.0, 200
31.0, 180.0, 200
31.0, 184.3, 200
28.0, 180.0, 200
27.0, 189.2, 200
41.0, 187.8, 200
37.0, 190.8, 200
35.0, 177.2, 200
31.0, 192.1, 200
35.0, 189.0, 200
21.0, 192.3, 200
51.0, 169.3, 200
36.0, 188.3, 200
33.0, 187.6, 200
27.0, 189.0, 200
34.0, 186.3, 200
25.0, 169.8, 200
38.0, 179.1, 200
27.0, 166.5, 200
38.0, 181.5, 200
18.0, 177.0, 200
35.0, 184.1, 200
37.0, 189.8, 200
20.0, 196.4, 200
24.0, 185.7, 200
29.0, 169.0, 200
35.0, 186.6, 200
34.0, 179.7, 200
25.999999999999996, 186.8, 200
36.0, 149.0, 200
37.0, 166.9, 200
22.0, 191.2, 200
25.999999999999996, 185.4, 200
34.0, 168.3, 200
33.0, 191.2, 200
33.0, 189.8, 200
37.0, 181.4, 200
21.0, 191.2, 200
35.0, 171.0, 200
33.0, 180.0, 200
29.0, 181.8, 200
26.999999999999996, 184.6, 200
31.0, 173.3, 200
39.0, 190.8, 200
33.0, 185.1, 200
34.0, 191.3, 200
72.0, 191.2, 200
26.999999999999996, 183.1, 200
36.0, 174.8, 200
38.0, 192.0, 200
28.0, 192.3, 200
25.999999999999996, 191.9, 200
36.0, 191.3, 200
43.0, 166.4, 200
43.0, 190.1, 200
34.0, 189.5, 200
33.0, 187.6, 200
37.0, 159.0, 200
33.0, 135.6, 200
26.0, 180.1, 200
32.0, 187.0, 200
24.0, 184.9, 200
27.0, 173.3, 200
41.0, 186.3, 200
29.0, 193.9, 200
35.0, 191.9, 200
24.0, 178.4, 200
48.0, 189.6, 200
40.0, 177.4, 200
33.0, 186.9, 200
39.0, 191.2, 200
35.0, 182.2, 200
34.0, 191.3, 200
30.999999999999996, 176.3, 200
39.0, 181.0, 200
17.0, 178.5, 200
38.0, 196.6, 200
43.0, 180.2, 200
34.0, 187.3, 200
41.0, 182.7, 200
41.0, 176.8, 200
46.0, 147.2, 200
29.0, 185.7, 200
39.0, 191.9, 200
24.0, 160.6, 200
33.0, 151.4, 200
21.999999999999996, 176.6, 200
46.0, 186.0, 200
31.999999999999996, 202.9, 200
28.0, 186.9, 200
39.0, 167.3, 200
36.0, 185.3, 200
24.0, 178.2, 200
27.999999999999996, 144.2, 200
32.0, 169.3, 200
24.0, 189.4, 200
33.0, 159.9, 200
37.0, 184.7, 200
35.0, 169.6, 200
38.0, 197.1, 200
30.0, 189.5, 200
43.0, 114.0, 200
26.0, 184.9, 200
29.0, 191.4, 200
41.0, 183.1, 200
34.0, 192.0, 200
32.0, 196.2, 200
41.0, 172.2, 200
35.0, 169.6, 200
32.0, 196.6, 200
27.0, 178.6, 200
30.0, 177.4, 200
23.0, 192.6, 200
35.0, 188.9, 200
23.0, 184.7, 200
42.0, 135.6, 200
28.0, 178.3, 200
39.0, 153.9, 200
33.0, 180.0, 200
36.0, 186.6, 200
42.0, 151.4, 200
22.0, 184.4, 200
39.0, 181.5, 200
26.0, 149.0, 200
38.0, 185.3, 200
42.0, 182.0, 200
18.0, 178.4, 200
28.0, 192.9, 200
34.0, 185.8, 200
20.0, 184.0, 200
37.0, 192.6, 200
37.0, 141.1, 200
45.0, 191.2, 200
42.0, 152.6, 200
37.0, 193.4, 200
21.999999999999996, 185.6, 200
19.999999999999996, 187.4, 200
29.0, 193.1, 200
41.0, 188.1, 200
38.0, 185.8, 200
15.999999999999996, 189.7, 200
31.0, 171.8, 200
21.999999999999996, 199.5, 200
20.0, 202.3, 200
69.0, 182.2, 200
29.0, 185.6, 200
36.0, 183.4, 200
32.0, 178.8, 200
29.0, 202.9, 200
33.0, 161.6, 200
38.0, 188.3, 200
33.0, 186.2, 200
24.0, 185.3, 200
42.0, 168.3, 200
42.0, 179.2, 200
22.0, 194.4, 200
36.0, 169.3, 200
41.0, 188.6, 200
44.0, 193.1, 200
33.0, 189.7, 200
30.0, 186.3, 200
55.0, 187.3, 200
24.999999999999996, 177.8, 200
39.0, 181.4, 200
31.0, 183.7, 200
25.0, 180.0, 200
37.0, 141.1, 200
35.0, 184.0, 200
42.0, 176.8, 200
35.0, 172.8, 200
44.0, 173.3, 200
34.0, 187.9, 200
19.999999999999996, 181.4, 200
31.0, 181.4, 200
32.0, 147.2, 200
34.0, 189.8, 200
44.0, 171.8, 200
33.0, 185.1, 200
36.0, 181.5, 200
45.0, 198.5, 200
36.0, 189.5, 200
30.0, 187.8, 200
38.0, 187.9, 200
34.0, 171.8, 200
36.0, 179.5, 200
29.0, 188.5, 200
63.0, 191.9, 200
37.0, 167.3, 200
36.0, 185.6, 200
33.0, 183.1, 200
35.0, 187.2, 200
39.0, 190.8, 200
20.0, 190.1, 200
32.0, 175.7, 200
25.0, 184.4, 200
37.0, 178.7, 200
26.0, 145.3, 200
34.0, 200.1, 200
42.0, 189.6, 200
41.0, 195.8, 200
32.0, 149.8, 200
41.0, 183.3, 200
33.0, 189.6, 200
37.0, 179.2, 200
26.0, 187.8, 200
29.0, 190.6, 200
35.0, 168.4, 200
36.0, 181.5, 200
28.0, 147.2, 200
46.0, 182.2, 200
38.0, 199.5, 200
34.0, 178.3, 200
37.0, 182.0, 200
34.0, 179.7, 200
32.0, 183.1, 200
54.0, 186.6, 200
39.0, 187.4, 200
22.0, 189.8, 200
41.0, 191.3, 200
28.0, 184.4, 200
30.0, 196.2, 200
22.0, 184.5, 200
23.0, 164.6, 200
43.0, 103.5, 200
33.0, 191.4, 200
32.0, 191.1, 200
31.0, 184.3, 200
42.0, 175.7, 200
36.0, 182.5, 200
28.0, 182.8, 200
22.0, 190.6, 200
46.0, 177.3, 200
38.0, 157.2, 200
36.0, 180.0, 200
21.0, 182.9, 200
29.0, 183.3, 200
25.0, 188.6, 200
29.0, 190.7, 200
33.0, 184.7, 200
37.0, 167.8, 200
37.0, 177.2, 200
33.0, 189.8, 200
38.0, 185.0, 200
37.0, 185.8, 200
17.0, 197.2, 200
32.0, 182.2, 200
45.0, 170.1, 200
49.0, 181.5, 200
24.0, 151.4, 200
46.0, 178.7, 200
38.0, 180.2, 200
37.0, 185.4, 200
22.0, 183.1, 200
32.0, 186.5, 200
37.0, 181.0, 200
35.0, 186.2, 200
36.0, 190.1, 200
29.0, 185.9, 200
43.0, 190.1, 200
33.0, 181.1, 200
41.0, 183.4, 200
24.0, 183.0, 200
29.0, 175.7, 200
40.0, 187.3, 200
44.0, 190.1, 200
29.0, 191.4, 200
36.0, 178.8, 200
27.0, 180.7, 200
33.0, 178.3, 200
36.0, 166.9, 200
24.0, 198.5, 200
38.0, 186.3, 200
31.0, 182.9, 200
43.0, 191.9, 200
20.0, 175.7, 200
32.0, 196.6, 200
33.0, 103.5, 200
44.0, 184.5, 200
27.0, 183.3, 200
35.0, 144.2, 200
36.0, 188.9, 200
33.0, 181.0, 200
36.0, 186.0, 200
33.0, 161.6, 200
39.0, 186.5, 200
36.0, 184.3, 200
28.0, 183.1, 200
35.0, 189.8, 200
40.0, 191.0, 200
24.0, 186.2, 200
36.0, 197.1, 200
28.0, 177.8, 200
29.0, 196.6, 200
35.0, 189.0, 200
31.0, 188.0, 200
40.0, 202.9, 200
40.0, 180.0, 200
37.0, 182.2, 200
22.0, 181.1, 200
35.0, 183.3, 200
32.0, 188.3, 200
22.0, 189.6, 200
23.0, 182.0, 200
17.0, 183.3, 200
43.0, 161.0, 200
38.0, 195.8, 200
30.0, 190.6, 200
27.0, 188.3, 200
40.0, 178.2, 200
32.0, 183.0, 200
29.0, 194.1, 200
40.0, 186.4, 200
21.999999999999996, 182.5, 200
44.0, 176.3, 200
30.0, 164.3, 200
39.0, 178.3, 200
23.0, 160.5, 200
25.0, 186.5, 200
28.0, 179.1, 200
45.0, 195.8, 200
26.0, 169.1, 200
26.0, 185.6, 200
35.0, 174.0, 200
40.0, 184.3, 200
38.0, 177.9, 200
20.0, 189.9, 200
30.0, 181.4, 200
22.999999999999996, 190.1, 200
34.0, 188.7, 200
36.0, 139.4, 200
36.0, 183.5, 200
34.0, 190.8, 200
34.0, 178.6, 200
38.0, 187.0, 200
33.0, 175.5, 200
36.0, 195.8, 200
23.0, 179.7, 200
37.0, 182.3, 200
32.0, 185.9, 200
17.999999999999996, 192.3, 200
37.0, 183.1, 200
48.0, 178.0, 200
41.0, 187.0, 200
39.0, 177.4, 200
44.0, 176.3, 200
28.0, 189.1, 200
20.0, 181.2, 200
40.0, 183.3, 200
46.0, 184.2, 200
22.0, 177.4, 200
38.0, 192.8, 200
20.0, 182.9, 200
36.0, 184.2, 200
38.0, 185.1, 200
32.0, 174.8, 200
26.0, 189.2, 200
25.0, 189.9, 200
35.0, 152.6, 200
22.0, 185.8, 200
41.0, 184.6, 200
35.0, 149.8, 200
34.0, 181.7, 200
36.0, 179.5, 200
25.999999999999996, 161.6, 200
27.0, 159.9, 200
26.0, 192.1, 200
23.0, 190.6, 200
42.0, 192.8, 200
50.0, 188.3, 200
43.0, 175.9, 200
40.0, 185.0, 200
31.999999999999996, 192.6, 200
35.0, 178.2, 200
27.0, 178.8, 200
30.0, 184.4, 200
39.0, 172.3, 200
33.0, 181.5, 200
25.0, 183.1, 200
26.0, 139.4, 200
33.0, 179.7, 200
29.0, 186.8, 200
33.0, 189.9, 200
34.0, 187.0, 200
23.999999999999996, 183.4, 200
36.0, 140.9, 200
24.0, 187.3, 200
31.0, 186.2, 200
31.0, 186.1, 200
25.0, 186.9, 200
36.0, 186.1, 200
37.0, 188.8, 200
31.0, 195.5, 200
46.0, 175.8, 200
20.999999999999996, 178.4, 200
32.0, 183.3, 200
31.0, 188.5, 200
24.0, 189.8, 200
36.0, 182.8, 200
34.0, 190.8, 200
21.0, 186.5, 200
39.0, 178.1, 200
35.0, 181.4, 200
26.0, 169.6, 200
41.0, 152.6, 200
41.0, 187.7, 200
34.0, 187.3, 200
23.0, 190.8, 200
37.0, 179.2, 200
26.999999999999996, 182.3, 200
30.999999999999996, 178.3, 200
37.0, 167.8, 200
31.0, 185.6, 200
35.0, 188.0, 200
34.0, 191.2, 200
36.0, 190.8, 200
36.0, 183.3, 200
27.0, 190.1, 200
19.999999999999996, 181.1, 200
38.0, 182.2, 200
27.0, 187.0, 200
34.0, 189.0, 200
22.0, 187.8, 200
27.0, 191.4, 200
39.0, 160.8, 200
35.0, 168.3, 200
37.0, 181.4, 200
27.0, 194.4, 200
36.0, 182.2, 200
18.999999999999996, 187.8, 200
13.999999999999996, 189.1, 200
39.0, 186.2, 200
46.0, 184.4, 200
39.0, 185.2, 200
41.0, 187.8, 200
23.0, 187.0, 200
38.0, 188.6, 200
35.0, 186.0, 200
33.0, 186.2, 200
38.0, 180.0, 200
39.0, 183.4, 200
34.0, 189.8, 200
37.0, 116.2, 200
40.0, 169.3, 200
42.0, 183.9, 200
29.0, 186.4, 200
26.0, 185.6, 200
21.0, 176.4, 200
27.0, 187.8, 200
39.0, 190.7, 200
29.0, 183.6, 200
39.0, 177.0, 200
28.0, 182.2, 200
27.0, 188.9, 200
53.0, 190.1, 200
29.0, 187.8, 200
36.0, 190.2, 200
42.0, 168.3, 200
34.0, 181.4, 200
39.0, 181.5, 200
33.0, 183.1, 200
31.0, 178.8, 200
30.0, 147.2, 200
42.0, 182.0, 200
23.0, 192.1, 200
29.0, 147.2, 200
29.0, 187.4, 200
31.0, 174.8, 200
28.0, 177.0, 200
31.999999999999996, 182.1, 200
41.0, 168.6, 200
38.0, 183.8, 200
25.999999999999996, 190.1, 200
38.0, 181.1, 200
30.0, 185.1, 200
26.0, 187.6, 200
31.0, 181.1, 200
23.0, 184.1, 200
37.0, 177.9, 200
36.0, 191.6, 200
28.0, 183.4, 200
32.0, 193.1, 200
37.0, 180.0, 200
40.0, 194.4, 200
35.0, 191.9, 200
31.0, 187.9, 200
23.0, 202.3, 200
32.0, 186.3, 200
26.999999999999996, 181.1, 200
30.0, 161.0, 200
22.0, 183.6, 200
36.0, 178.6, 200
22.999999999999996, 183.4, 200
39.0, 162.4, 200
25.0, 196.4, 300
29.0, 181.4, 300
29.0, 181.1, 300
27.0, 191.3, 300
41.0, 181.6, 300
26.0, 160.5, 300
41.0, 178.0, 300
39.0, 190.5, 300
41.0, 190.1, 300
33.0, 191.9, 300
33.0, 175.9, 300
21.0, 174.0, 300
17.0, 160.8, 300
45.0, 175.2, 300
29.0, 184.4, 300
31.0, 180.0, 300
35.0, 181.4, 300
33.0, 173.1, 300
38.0, 181.6, 300
24.0, 190.7, 300
39.0, 190.6, 300
33.0, 199.3, 300
25.999999999999996, 188.0, 300
30.999999999999996, 188.9, 300
38.0, 185.9, 300
42.0, 182.5, 300
42.0, 195.3, 300
46.0, 189.5, 300
39.0, 196.6, 300
34.0, 183.1, 300
35.0, 181.3, 300
37.0, 191.7, 300
20.0, 185.0, 300
35.0, 158.2, 300
44.0, 149.0, 300
30.0, 180.6, 300
64.0, 180.0, 300
45.0, 176.7, 300
42.0, 180.0, 300
33.0, 153.9, 300
33.0, 161.0, 300
31.0, 196.6, 300
34.0, 166.8, 300
44.0, 186.0, 300
33.0, 175.1, 300
27.0, 160.6, 300
33.0, 180.0, 300
33.0, 185.1, 300
38.0, 181.3, 300
35.0, 173.3, 300
23.0, 159.9, 300
27.0, 181.3, 300
39.0, 185.8, 300
33.0, 168.4, 300
26.0, 183.4, 300
27.0, 186.8, 300
32.0, 178.3, 300
31.0, 182.3, 300
27.999999999999996, 178.8, 300
13.999999999999996, 182.4, 300
30.0, 176.3, 300
42.0, 190.6, 300
25.0, 191.3, 300
33.0, 196.1, 300
21.0, 186.3, 300
29.0, 178.2, 300
27.0, 185.6, 300
25.0, 192.8, 300
40.0, 182.7, 300
30.0, 178.0, 300
38.0, 190.5, 300
26.0, 181.4, 300
33.0, 186.8, 300
34.0, 195.5, 300
26.0, 176.0, 300
28.999999999999996, 187.8, 300
35.0, 176.4, 300
38.0, 174.0, 300
41.0, 173.6, 300
36.0, 192.3, 300
34.0, 185.0, 300
45.0, 145.3, 300
51.0, 178.6, 300
30.0, 190.8, 300
29.0, 180.0, 300
38.0, 182.2, 300
38.0, 184.8, 300
31.0, 183.4, 300
49.0, 185.3, 300
27.0, 190.4, 300
33.0, 164.2, 300
40.0, 193.7, 300
22.0, 182.3, 300
41.0, 188.9, 300
42.0, 178.5, 300
43.0, 180.6, 300
28.0, 143.9, 300
34.0, 160.6, 300
29.0, 186.9, 300
21.0, 175.2, 300
75.0, 183.3, 300
35.0, 178.6, 300
40.0, 183.1, 300
33.0, 183.2, 300
30.0, 158.2, 300
28.0, 183.4, 300
33.0, 181.1, 300
42.0, 181.4, 300
29.0, 186.5, 300
22.0, 140.9, 300
41.0, 173.3, 300
32.0, 177.8, 300
32.0, 187.4, 300
29.0, 185.8, 300
30.0, 181.0, 300
30.0, 191.9, 300
28.0, 178.5, 300
43.0, 183.4, 300
35.0, 186.9, 300
27.0, 188.3, 300
18.0, 190.6, 300
35.0, 196.6, 300
36.0, 179.8, 300
31.0, 189.6, 300
25.0, 182.4, 300
31.0, 189.6, 300
35.0, 173.4, 300
30.999999999999996, 182.9, 300
38.0, 195.8, 300
35.0, 185.2, 300
25.0, 149.8, 300
32.0, 179.3, 300
25.0, 186.5, 300
41.0, 180.0, 300
31.0, 185.0, 300
36.0, 191.3, 300
42.0, 180.2, 300
45.0, 153.0, 300
31.0, 176.7, 300
24.999999999999996, 188.9, 300
28.0, 186.3, 300
37.0, 169.0, 300
33.0, 187.6, 300
35.0, 185.9, 300
42.0, 173.3, 300
15.999999999999996, 184.1, 300
25.0, 184.7, 300
36.0, 172.8, 300
29.0, 192.0, 300
41.0, 187.4, 300
44.0, 192.3, 300
38.0, 172.4, 300
28.0, 182.0, 300
29.0, 181.4, 300
44.0, 183.1, 300
20.0, 174.8, 300
31.0, 183.4, 300
39.0, 182.9, 300
40.0, 183.3, 300
29.0, 178.5, 300
40.0, 175.8, 300
19.0, 180.7, 300
22.0, 192.9, 300
28.0, 187.8, 300
34.0, 187.4, 300
36.0, 172.2, 300
24.0, 187.1, 300
39.0, 184.0, 300
33.0, 182.9, 300
20.0, 182.4, 300
30.0, 190.1, 300
22.0, 189.0, 300
35.0, 193.9, 300
46.0, 192.3, 300
52.0, 180.0, 300
27.999999999999996, 143.9, 300
30.0, 184.9, 300
39.0, 193.3, 300
35.0, 189.6, 300
38.0, 191.9, 300
22.0, 172.5, 300
39.0, 180.2, 300
27.0, 185.9, 300
39.0, 177.5, 300
27.0, 185.2, 300
26.999999999999996, 188.3, 300
25.0, 175.1, 300
39.0, 183.3, 300
27.0, 178.8, 300
31.0, 192.1, 300
30.0, 186.3, 300
33.0, 183.7, 300
44.0, 173.1, 300
39.0, 139.4, 300
28.0, 182.3, 300
27.0, 184.8, 300
39.0, 183.4, 300
41.0, 189.6, 300
35.0, 188.6, 300
31.0, 187.8, 300
22.0, 158.2, 300
18.999999999999996, 195.5, 300
31.0, 190.8, 300
34.0, 191.4, 300
25.999999999999996, 193.4, 300
35.0, 185.7, 300
40.0, 183.2, 300
23.999999999999996, 184.7, 300
32.0, 185.2, 300
35.0, 197.1, 300
41.0, 180.2, 300
24.999999999999996, 180.7, 300
28.0, 181.0, 300
31.0, 187.8, 300
25.0, 183.5, 300
22.999999999999996, 179.1, 300
69.0, 198.5, 300
24.0, 167.8, 300
34.0, 186.3, 300
27.0, 157.2, 300
30.0, 186.5, 300
39.0, 187.0, 300
21.0, 164.6, 300
32.0, 185.8, 300
33.0, 176.3, 300
39.0, 197.8, 300
45.0, 191.3, 300
31.0, 192.2, 300
22.999999999999996, 186.6, 300
40.0, 191.6, 300
25.0, 190.1, 300
36.0, 185.0, 300
28.0, 135.6, 300
33.0, 191.4, 300
25.0, 188.9, 300
20.999999999999996, 192.9, 300
34.0, 116.2, 300
30.0, 169.1, 300
31.0, 191.3, 300
34.0, 187.4, 300
28.0, 193.8, 300
39.0, 182.8, 300
39.0, 186.6, 300
34.0, 182.3, 300
31.0, 176.3, 300
24.0, 154.0, 300
69.0, 181.4, 300
46.0, 178.8, 300
40.0, 182.7, 300
43.0, 173.1, 300
24.0, 184.7, 300
30.0, 202.9, 300
39.0, 164.3, 300
36.0, 183.3, 300
34.0, 197.8, 300
20.0, 188.9, 300
34.0, 181.6, 300
32.0, 182.7, 300
35.0, 196.6, 300
43.0, 179.7, 300
29.0, 189.7, 300
34.0, 140.9, 300
26.0, 192.3, 300
35.0, 189.9, 300
30.0, 180.0, 300
43.0, 178.9, 300
37.0, 188.3, 300
43.0, 177.6, 300
28.0, 195.0, 300
43.0, 183.1, 300
27.999999999999996, 180.7, 300
35.0, 186.5, 300
47.0, 186.3, 300
39.0, 177.3, 300
24.0, 193.6, 300
29.0, 166.5, 300
70.0, 162.4, 300
22.0, 184.6, 300
37.0, 184.9, 300
37.0, 188.3, 300
43.0, 180.0, 300
36.0, 182.0, 300
32.0, 193.4, 300
36.0, 198.0, 300
36.0, 191.3, 300
40.0, 183.0, 300
37.0, 183.3, 300
28.0, 188.6, 300
35.0, 192.3, 300
40.0, 187.8, 300
45.0, 162.8, 300
42.0, 190.1, 300
31.0, 158.1, 300
38.0, 178.6, 300
34.0, 187.9, 300
29.999999999999996, 186.2, 300
24.0, 180.0, 300
31.0, 181.5, 300
40.0, 180.2, 300
23.0, 178.7, 300
41.0, 190.1, 300
18.0, 191.1, 300
26.0, 187.0, 300
35.0, 181.0, 300
35.0, 182.3, 300
36.0, 175.1, 300
40.0, 177.8, 300
32.0, 181.5, 300
31.0, 192.0, 300
38.0, 180.1, 300
42.0, 195.0, 300
34.0, 178.6, 300
19.999999999999996, 186.3, 300
35.0, 185.3, 300
39.0, 176.0, 300
37.0, 183.7, 300
21.999999999999996, 177.0, 300
39.0, 114.0, 300
29.0, 182.2, 300
21.0, 151.4, 300
23.0, 181.0, 300
34.0, 168.6, 300
49.0, 143.9, 300
21.999999999999996, 154.0, 300
28.0, 188.9, 300
43.0, 191.3, 300
37.0, 185.3, 300
28.0, 183.9, 300
30.0, 184.3, 300
43.0, 180.0, 300
41.0, 187.5, 300
40.0, 188.3, 300
35.0, 178.6, 300
39.0, 198.8, 300
25.0, 184.4, 300
21.0, 182.8, 300
37.0, 184.9, 300
35.0, 187.3, 300
29.0, 186.8, 300
27.0, 191.0, 300
28.0, 185.8, 300
41.0, 192.6, 300
32.0, 178.1, 300
45.0, 187.8, 300
41.0, 186.6, 300
39.0, 189.1, 300
25.0, 190.1, 300
26.0, 194.4, 300
28.0, 185.4, 300
42.0, 190.2, 300
27.0, 181.1, 300
26.0, 186.1, 300
33.0, 186.3, 300
28.0, 184.1, 300
37.0, 184.1, 300
43.0, 184.9, 300
48.0, 141.1, 300
39.0, 169.0, 300
35.0, 184.0, 300
41.0, 189.5, 300
32.0, 192.1, 300
51.0, 191.4, 300
31.0, 181.8, 300
26.0, 183.8, 300
38.0, 181.5, 300
42.0, 181.5, 300
34.0, 180.0, 300
32.0, 188.6, 300
45.0, 196.6, 300
23.0, 183.2, 300
34.0, 182.3, 300
31.0, 179.8, 300
26.999999999999996, 175.7, 300
43.0, 180.1, 300
40.0, 177.1, 300
31.999999999999996, 162.4, 300
31.0, 189.1, 300
27.0, 186.6, 300
35.0, 177.8, 300
31.999999999999996, 186.2, 300
20.0, 166.8, 300
44.0, 177.2, 300
26.0, 188.5, 300
35.0, 184.0, 300
29.0, 145.1, 300
19.0, 193.8, 300
34.0, 178.1, 300
33.0, 187.6, 300
30.999999999999996, 141.1, 300
39.0, 193.3, 300
39.0, 191.2, 300
27.0, 179.5, 300
33.0, 180.0, 300
25.0, 189.8, 300
40.0, 185.2, 300
29.0, 186.0, 300
34.0, 185.0, 300
38.0, 173.6, 300
25.0, 191.3, 300
42.0, 191.9, 300
39.0, 178.5, 300
30.0, 180.0, 300
19.0, 189.0, 300
44.0, 189.5, 300
21.0, 192.6, 300
44.0, 185.3, 300
31.0, 181.4, 300
35.0, 175.5, 300
43.0, 164.3, 300
38.0, 187.0, 300
45.0, 177.9, 300
32.0, 178.7, 300
33.0, 173.1, 300
35.0, 187.6, 300
30.0, 184.5, 300
25.0, 188.9, 300
42.0, 189.5, 300
25.0, 189.0, 300
38.0, 186.1, 300
30.0, 174.8, 300
27.0, 193.8, 300
34.0, 188.8, 300
36.0, 173.6, 300
39.0, 183.3, 300
36.0, 182.2, 300
22.0, 171.8, 300
21.999999999999996, 171.8, 300
25.0, 164.2, 300
31.0, 183.3, 300
27.0, 176.0, 300
40.0, 182.9, 300
30.0, 186.8, 300
28.0, 191.7, 300
35.0, 191.6, 300
39.0, 198.0, 300
30.0, 191.2, 300
52.0, 186.2, 300
32.0, 199.5, 300
25.0, 191.9, 300
46.0, 180.0, 300
37.0, 189.7, 300
28.0, 179.8, 300
40.0, 181.2, 300
30.0, 186.1, 300
42.0, 159.9, 300
31.0, 198.8, 300
39.0, 171.8, 300
29.0, 178.7, 300
71.0, 189.5, 300
33.0, 183.4, 300
40.0, 183.7, 300
70.0, 160.6, 300
28.0, 192.8, 300
40.0, 184.8, 300
34.0, 189.8, 300
35.0, 183.6, 300
25.999999999999996, 195.3, 300
38.0, 188.0, 300
35.0, 183.8, 300
25.0, 176.3, 300
27.0, 175.7, 300
38.0, 198.0, 300
39.0, 191.3, 300
35.0, 181.1, 300
43.0, 184.3, 300
38.0, 193.7, 300
20.0, 183.1, 300
29.0, 164.2, 300
25.999999999999996, 169.0, 300
29.0, 177.2, 300
39.0, 183.8, 300
52.0, 172.3, 300
25.0, 178.2, 300
51.0, 187.0, 300
32.0, 164.6, 300
36.0, 184.0, 300
26.0, 147.2, 300
36.0, 172.0, 300
29.0, 183.0, 300
39.0, 172.8, 300
41.0, 189.0, 300
28.0, 114.0, 300
30.0, 151.4, 300
45.0, 173.1, 300
29.0, 185.0, 300
22.0, 202.9, 300
24.0, 183.1, 300
29.0, 182.1, 300
26.0, 182.2, 300
28.0, 191.3, 300
26.0, 176.3, 300
35.0, 181.5, 300
24.0, 186.5, 300
35.0, 182.2, 300
51.0, 188.9, 300
32.0, 190.2, 300
25.0, 185.3, 300
22.0, 190.2, 300
46.0, 181.5, 300
25.0, 172.2, 300
44.0, 186.8, 300
38.0, 188.9, 300
48.0, 159.1, 300
22.0, 183.4, 300
27.0, 166.4, 300
41.0, 192.3, 300
32.0, 192.3, 300
28.0, 180.1, 300
31.0, 193.6, 300
29.0, 176.3, 300
45.0, 181.5, 300
31.0, 167.8, 300
32.0, 147.1, 300
22.0, 191.9, 300
30.0, 186.3, 300
17.0, 173.3, 300
32.0, 191.6, 300
41.0, 179.5, 300
33.0, 140.9, 300
44.0, 158.1, 300
52.0, 188.3, 300
43.0, 179.7, 300
72.0, 175.7, 300
44.0, 160.6, 300
35.0, 191.2, 300
31.0, 184.7, 300
32.0, 194.9, 300
22.999999999999996, 161.0, 300
17.999999999999996, 189.5, 300
39.0, 184.4, 300
34.0, 151.4, 300
35.0, 181.1, 300
49.0, 183.4, 300
37.0, 189.3, 300
51.0, 185.3, 300
38.0, 183.9, 300
28.999999999999996, 181.3, 300
30.0, 191.4, 300
39.0, 186.3, 300
24.0, 103.5, 300
25.0, 195.8, 300
35.0, 145.1, 300
26.0, 179.2, 300
27.0, 187.3, 300
19.0, 194.4, 300
25.0, 201.8, 300
52.0, 184.1, 300
30.0, 183.4, 300
40.0, 185.7, 300
36.0, 173.4, 300
32.0, 184.7, 300
22.0, 169.6, 300
25.0, 189.8, 300
43.0, 187.3, 300
40.0, 191.2, 300
36.0, 176.8, 300
29.0, 178.6, 300
35.0, 162.8, 300
41.0, 190.8, 300
44.0, 182.5, 300
34.0, 157.2, 300
31.0, 190.8, 300
45.0, 188.9, 300
35.0, 182.0, 300
42.0, 145.1, 300
33.0, 191.1, 300
42.0, 173.6, 300
33.0, 173.1, 300
35.0, 173.4, 300
42.0, 198.0, 300
21.0, 147.2, 300
38.0, 177.0, 300
26.999999999999996, 185.5, 300
40.0, 175.8, 300
29.0, 181.0, 300
31.0, 181.5, 300
31.999999999999996, 160.5, 300
36.0, 188.9, 300
18.999999999999996, 193.3, 300
26.0, 187.3, 300
25.0, 189.3, 300
40.0, 182.8, 300
36.0, 178.2, 300
68.0, 186.2, 300
28.0, 177.9, 300
44.0, 178.6, 300
39.0, 194.4, 300
21.0, 179.1, 300
41.0, 186.3, 300
34.0, 187.9, 300
42.0, 195.0, 300
32.0, 190.8, 300
45.0, 181.8, 300
44.0, 187.4, 300
38.0, 180.6, 300
37.0, 186.8, 300
40.0, 182.2, 300
26.0, 174.8, 300
34.0, 176.3, 300
41.0, 187.0, 300
32.0, 169.6, 300
35.0, 179.1, 300
35.0, 192.3, 300
27.0, 195.3, 300
28.0, 185.3, 300
74.0, 182.1, 300
29.0, 189.6, 300
39.0, 116.2, 300
21.0, 189.2, 300
32.0, 194.9, 300
44.0, 187.4, 300
38.0, 181.4, 300
33.0, 188.3, 300
29.0, 193.3, 300
43.0, 181.1, 300
32.0, 180.6, 300
39.0, 173.1, 300
29.0, 186.0, 300
37.0, 147.1, 300
68.0, 189.4, 300
37.0, 170.1, 300
29.0, 184.3, 300
72.0, 198.4, 300
33.0, 198.5, 300
39.0, 188.9, 300
24.999999999999996, 188.8, 300
31.0, 182.9, 300
34.0, 190.7, 300
26.0, 166.9, 300
35.0, 180.0, 300
30.0, 170.1, 300
21.0, 185.7, 300
41.0, 199.5, 300
30.0, 182.1, 300
20.999999999999996, 168.6, 300
43.0, 184.7, 300
39.0, 202.3, 300
26.0, 187.4, 300
33.0, 184.5, 300
44.0, 159.1, 300
37.0, 178.2, 300
28.0, 180.0, 300
48.0, 186.6, 300
34.0, 190.4, 300
31.0, 182.7, 300
31.0, 187.1, 300
37.0, 189.7, 300
38.0, 189.6, 300
26.0, 188.1, 300
23.0, 177.6, 300
35.0, 193.3, 300
33.0, 169.1, 300
47.0, 186.8, 300
28.0, 198.8, 300
31.0, 182.4, 300
34.0, 182.3, 300
28.999999999999996, 181.0, 300
32.0, 186.4, 300
37.0, 193.7, 300
30.0, 149.0, 300
40.0, 183.4, 300
27.0, 190.6, 300
37.0, 145.3, 300
21.0, 181.1, 300
38.0, 178.2, 300
28.0, 173.1, 300
30.0, 186.8, 300
25.0, 198.5, 300
34.0, 189.8, 300
45.0, 194.9, 300
50.0, 168.6, 300
41.0, 184.8, 300
40.0, 190.8, 300
33.0, 164.3, 300
36.0, 181.5, 300
31.999999999999996, 181.6, 300
33.0, 181.5, 300
31.0, 180.2, 300
36.0, 167.8, 300
18.0, 186.9, 300
33.0, 154.0, 300
37.0, 186.3, 300
30.0, 188.8, 300
18.0, 192.0, 300
26.0, 198.8, 300
46.0, 191.9, 300
19.999999999999996, 190.6, 300
45.0, 160.5, 300
30.999999999999996, 173.6, 300
33.0, 187.6, 300
42.0, 191.1, 300
40.0, 183.8, 300
35.0, 103.5, 300
39.0, 178.7, 300
43.0, 182.8, 300
54.0, 187.3, 300
37.0, 186.6, 300
36.0, 183.4, 300
44.0, 189.0, 300
36.0, 180.1, 300
22.0, 182.2, 300
27.999999999999996, 177.2, 300
39.0, 174.2, 300
38.0, 192.8, 300
38.0, 187.8, 300
33.0, 186.6, 300
39.0, 181.7, 300
42.0, 184.3, 300
29.0, 191.7, 300
35.0, 176.7, 300
33.0, 190.8, 300
25.999999999999996, 182.9, 300
22.0, 182.0, 300
27.0, 183.2, 300
20.0, 180.6, 300
38.0, 160.5, 300
33.0, 181.5, 300
28.0, 186.8, 300
38.0, 187.8, 300
26.0, 190.7, 300
42.0, 189.1, 300
50.0, 195.5, 300
29.0, 190.6, 300
41.0, 167.8, 300
41.0, 187.9, 300
32.0, 185.5, 300
31.0, 191.2, 300
28.0, 135.6, 300
36.0, 180.3, 300
27.0, 180.6, 300
29.0, 171.8, 300
44.0, 161.6, 300
44.0, 159.0, 300
38.0, 184.3, 300
31.0, 160.6, 300
36.0, 187.5, 300
42.0, 182.9, 300
31.0, 186.1, 300
36.0, 185.8, 300
25.999999999999996, 181.4, 300
45.0, 183.3, 300
33.0, 182.2, 300
21.0, 181.2, 300
22.0, 186.8, 300
39.0, 185.8, 300
42.0, 176.1, 300
31.0, 191.6, 300
42.0, 191.4, 300
33.0, 186.6, 300
29.0, 181.5, 300
28.0, 183.1, 300
28.0, 186.3, 300
43.0, 181.7, 300
33.0, 187.5, 300
44.0, 190.1, 300
21.0, 170.3, 300
36.0, 166.5, 300
25.0, 172.0, 300
36.0, 183.4, 300
33.0, 152.6, 300
31.0, 187.8, 300
31.0, 186.3, 300
39.0, 183.6, 300
29.0, 185.3, 300
37.0, 190.8, 300
28.0, 186.6, 300
32.0, 191.0, 300
34.0, 182.5, 300
49.0, 189.9, 300
32.0, 195.3, 300
28.0, 178.5, 300
37.0, 181.2, 300
24.0, 180.6, 300
23.0, 186.4, 300
31.0, 169.6, 300
30.999999999999996, 178.3, 300
34.0, 179.1, 300
44.0, 191.6, 300
23.999999999999996, 187.4, 300
45.0, 185.7, 300
35.0, 179.7, 300
42.0, 197.8, 300
61.0, 186.6, 300
27.0, 184.5, 300
37.0, 178.5, 300
26.0, 194.1, 300
45.0, 188.7, 300
29.0, 176.3, 300
28.0, 198.0, 300
32.0, 176.4, 300
50.0, 193.7, 300
19.999999999999996, 182.3, 300
32.0, 169.1, 300
40.0, 187.8, 300
18.999999999999996, 182.2, 300
36.0, 177.5, 300
39.0, 188.9, 300
27.0, 202.9, 300
41.0, 189.3, 300
31.999999999999996, 185.1, 300
36.0, 177.1, 300
28.0, 183.3, 300
29.0, 188.9, 300
25.0, 184.8, 300
46.0, 180.1, 300
25.0, 185.0, 300
29.0, 180.2, 300
40.0, 193.7, 300
37.0, 164.2, 300
38.0, 191.2, 300
21.0, 180.3, 300
40.0, 189.7, 300
29.0, 188.0, 300
48.0, 196.1, 300
30.0, 106.1, 300
46.0, 183.6, 300
50.0, 181.4, 300
33.0, 192.3, 300
36.0, 166.4, 300
31.0, 188.7, 300
36.0, 193.7, 300
25.0, 187.8, 300
25.0, 194.1, 300
25.0, 168.9, 300
38.0, 173.6, 300
17.0, 177.6, 300
22.0, 190.2, 300
34.0, 183.1, 300
24.0, 176.3, 300
31.0, 191.3, 300
39.0, 174.0, 300
34.0, 180.3, 300
28.0, 184.1, 300
34.0, 187.8, 300
45.0, 183.8, 300
32.0, 190.7, 300
20.0, 193.7, 300
20.0, 145.3, 300
39.0, 186.6, 300
26.0, 179.2, 300
36.0, 191.2, 300
21.0, 186.2, 300
22.0, 180.0, 300
39.0, 185.7, 300
23.0, 183.2, 300
37.0, 153.0, 300
27.0, 189.8, 300
29.0, 185.8, 300
22.0, 190.1, 300
43.0, 157.2, 300
33.0, 190.4, 300
31.0, 159.9, 300
40.0, 186.2, 300
34.0, 183.3, 300
41.0, 181.7, 300
32.0, 187.3, 300
40.0, 183.1, 300
36.0, 184.5, 300
25.0, 164.6, 300
18.0, 184.7, 300
36.0, 188.7, 300
22.0, 190.1, 300
45.0, 180.6, 300
29.0, 178.5, 300
27.0, 192.8, 300
36.0, 186.3, 300
26.0, 184.7, 300
34.0, 181.4, 300
35.0, 159.9, 300
26.0, 199.3, 300
26.0, 188.0, 300
33.0, 186.8, 300
27.0, 178.7, 300
40.0, 190.5, 300
39.0, 184.4, 300
35.0, 181.2, 300
27.0, 157.2, 300
24.0, 194.9, 300
29.0, 186.6, 300
31.0, 175.9, 300
45.0, 183.3, 300
33.0, 162.8, 300
25.0, 147.1, 300
36.0, 179.7, 300
29.0, 191.2, 300
20.999999999999996, 166.5, 300
37.0, 193.4, 300
64.0, 189.7, 300
35.0, 160.5, 300
27.0, 154.0, 300
41.0, 157.3, 300
37.0, 186.6, 300
34.0, 178.0, 300
30.0, 193.8, 300
38.0, 188.9, 300
41.0, 183.4, 300
29.0, 182.0, 300
31.0, 182.2, 300
35.0, 190.1, 300
28.0, 167.3, 300
32.0, 188.5, 300
22.0, 182.0, 300
25.0, 166.4, 300
23.0, 180.1, 300
25.999999999999996, 176.3, 300
30.0, 160.8, 300
47.0, 194.4, 300
33.0, 174.2, 300
22.0, 188.1, 300
37.0, 162.8, 300
34.0, 179.2, 300
35.0, 188.8, 300
30.0, 183.0, 300
22.999999999999996, 188.3, 300
41.0, 167.3, 300
31.0, 180.0, 300
23.0, 181.1, 300
21.0, 182.4, 300
26.0, 186.5, 300
27.999999999999996, 185.1, 300
43.0, 185.8, 300
36.0, 188.0, 300
24.0, 179.7, 300
21.0, 188.0, 300
28.0, 191.3, 300
25.0, 181.5, 300
27.999999999999996, 185.4, 300
28.0, 193.8, 300
32.0, 139.4, 300
30.0, 186.6, 300
35.0, 187.4, 300
23.999999999999996, 183.8, 300
39.0, 182.5, 300
36.0, 178.6, 300
40.0, 191.1, 300
32.0, 191.9, 300
20.999999999999996, 186.8, 300
32.0, 189.7, 300
25.0, 192.0, 300
38.0, 141.1, 300
22.999999999999996, 186.1, 300
22.999999999999996, 202.3, 300
35.0, 186.0, 300
23.999999999999996, 174.8, 300
36.0, 191.3, 300
24.0, 189.7, 300
57.0, 186.0, 300
19.999999999999996, 195.0, 300
45.0, 183.3, 300
30.0, 189.8, 300
21.0, 184.5, 300
34.0, 191.9, 300
36.0, 186.9, 300
30.0, 173.1, 300
23.0, 181.1, 300
31.0, 187.6, 300
25.0, 160.6, 300
27.999999999999996, 174.8, 300
67.0, 185.6, 300
21.0, 184.0, 300
39.0, 189.2, 300
37.0, 184.9, 300
27.0, 190.6, 300
27.0, 189.6, 300
32.0, 186.2, 300
41.0, 164.6, 300
29.0, 174.2, 300
44.0, 172.3, 300
34.0, 185.7, 300
43.0, 184.0, 300
30.0, 172.5, 300
41.0, 180.3, 300
19.0, 181.6, 300
39.0, 184.2, 300
37.0, 185.8, 300
24.0, 147.2, 300
20.999999999999996, 178.1, 300
48.0, 179.2, 300
21.0, 184.8, 300
43.0, 192.9, 300
25.0, 189.5, 300
39.0, 189.9, 300
36.0, 189.9, 300
27.0, 185.6, 300
28.0, 179.8, 300
36.0, 184.8, 300
30.0, 184.1, 300
38.0, 184.1, 300
28.0, 180.0, 300
50.0, 177.6, 300
44.0, 139.4, 300
33.0, 177.0, 300
40.0, 145.3, 300
30.0, 182.2, 300
43.0, 191.1, 300
38.0, 187.8, 300
32.0, 179.7, 300
44.0, 181.3, 300
42.0, 184.6, 300
26.0, 174.2, 300
31.0, 187.0, 300
37.0, 169.6, 300
39.0, 166.9, 300
24.0, 186.3, 300
32.0, 191.3, 300
26.0, 195.6, 300
39.0, 189.5, 300
26.0, 177.9, 300
28.0, 189.5, 300
27.0, 190.1, 300
29.0, 177.4, 300
24.0, 193.8, 300
18.0, 195.5, 300
33.0, 160.4, 300
35.0, 187.4, 300
34.0, 184.5, 300
28.0, 183.4, 300
35.0, 187.7, 300
38.0, 176.7, 300
27.0, 174.8, 300
24.0, 173.6, 300
23.0, 181.4, 300
39.0, 172.9, 300
25.0, 177.5, 300
41.0, 190.1, 300
20.0, 145.1, 300
35.0, 181.5, 300
21.0, 192.6, 300
29.0, 186.2, 300
25.0, 184.0, 300
42.0, 189.7, 300
51.0, 181.5, 300
41.0, 192.0, 300
29.0, 176.4, 300
34.0, 164.2, 300
23.0, 182.2, 300
41.0, 166.8, 300
29.0, 184.7, 300
27.0, 185.6, 300
26.0, 159.9, 300
27.999999999999996, 174.2, 300
39.0, 189.3, 300
32.0, 188.7, 300
25.0, 185.0, 300
34.0, 184.8, 300
29.0, 184.6, 300
52.0, 193.4, 300
24.0, 185.0, 300
31.0, 180.6, 300
38.0, 186.3, 300
49.0, 184.8, 300
22.999999999999996, 183.1, 300
30.0, 189.9, 300
33.0, 169.1, 300
29.0, 185.9, 300
36.0, 135.6, 300
43.0, 194.1, 300
44.0, 175.2, 300
39.0, 191.3, 300
32.0, 185.2, 300
33.0, 168.4, 300
30.0, 187.8, 300
33.0, 169.3, 300
38.0, 194.4, 300
42.0, 186.2, 300
32.0, 161.2, 300
28.0, 178.7, 300
37.0, 191.4, 300
17.999999999999996, 193.1, 300
37.0, 187.9, 300
33.0, 193.7, 300
29.0, 161.2, 300
31.0, 172.9, 300
42.0, 194.1, 300
33.0, 183.3, 300
26.0, 179.2, 300
25.999999999999996, 187.3, 300
25.999999999999996, 186.3, 300
31.0, 192.0, 300
37.0, 180.1, 300
41.0, 178.4, 300
31.0, 169.0, 300
35.0, 193.6, 300
30.0, 198.8, 300
18.999999999999996, 187.3, 300
40.0, 187.5, 300
35.0, 173.1, 300
21.999999999999996, 160.8, 300
39.0, 181.0, 300
44.0, 184.4, 300
31.0, 179.7, 300
28.0, 186.6, 300
24.0, 185.9, 300
30.0, 160.4, 300
31.0, 189.5, 300
27.0, 190.5, 300
38.0, 183.4, 300
43.0, 161.0, 300
43.0, 191.9, 300
29.0, 193.9, 300
32.0, 179.5, 300
36.0, 181.5, 300
35.0, 191.6, 300
38.0, 184.3, 300
28.0, 187.6, 300
30.0, 181.1, 300
43.0, 188.9, 300
34.0, 160.4, 300
39.0, 196.6, 300
20.0, 179.8, 300
37.0, 175.8, 300
27.0, 182.8, 300
27.0, 183.6, 300
27.0, 185.1, 300
27.0, 190.5, 300
32.0, 180.1, 300
32.0, 181.0, 300
43.0, 181.1, 300
30.999999999999996, 175.7, 300
28.0, 187.8, 300
40.0, 189.9, 300
30.999999999999996, 143.9, 300
39.0, 187.1, 300
27.0, 195.5, 300
33.0, 192.0, 300
25.0, 192.3, 300
41.0, 172.2, 300
37.0, 181.5, 300
36.0, 191.9, 300
43.0, 185.1, 300
28.0, 176.7, 300
30.999999999999996, 178.6, 300
32.0, 192.2, 300
45.0, 191.3, 300
43.0, 190.1, 300
40.0, 188.0, 300
36.0, 178.2, 300
45.0, 198.5, 300
27.999999999999996, 182.4, 300
46.0, 184.3, 300
36.0, 183.3, 300
43.0, 196.6, 300
32.0, 171.9, 300
34.0, 185.3, 300
24.999999999999996, 187.5, 300
34.0, 185.7, 300
43.0, 176.4, 300
35.0, 180.2, 300
50.0, 177.5, 300
32.0, 185.0, 300
38.0, 190.8, 300
35.0, 182.2, 300
28.0, 114.0, 300
42.0, 176.3, 300
37.0, 189.7, 300
33.0, 185.0, 300
31.0, 186.3, 300
32.0, 185.9, 300
26.0, 190.5, 300
47.0, 179.2, 300
49.0, 190.2, 300
38.0, 189.2, 300
38.0, 145.3, 300
24.0, 183.3, 300
46.0, 195.0, 300
29.0, 166.9, 300
31.0, 182.9, 300
35.0, 166.5, 300
25.999999999999996, 179.8, 300
40.0, 159.0, 300
47.0, 166.9, 300
37.0, 185.8, 300
49.0, 173.3, 300
30.999999999999996, 184.5, 300
35.0, 186.5, 300
24.0, 168.6, 300
45.0, 187.8, 300
59.0, 161.0, 300
40.0, 186.3, 300
27.0, 184.6, 300
34.0, 202.9, 300
24.0, 181.5, 300
28.0, 183.6, 300
42.0, 171.0, 300
42.0, 179.1, 300
37.0, 181.0, 300
27.0, 196.6, 300
30.0, 180.0, 300
36.0, 188.3, 300
34.0, 177.4, 300
28.0, 181.3, 300
77.0, 199.3, 300
29.0, 187.7, 300
45.0, 178.6, 300
27.0, 186.3, 300
30.0, 176.7, 300
44.0, 187.4, 300
32.0, 168.3, 300
32.0, 190.2, 300
44.0, 176.3, 300
34.0, 185.6, 300
28.0, 187.8, 300
25.0, 181.3, 300
46.0, 164.2, 300
45.0, 187.8, 300
32.0, 173.6, 300
23.999999999999996, 185.5, 300
29.0, 193.8, 300
44.0, 153.9, 300
22.0, 164.6, 300
28.0, 184.3, 300
30.0, 190.2, 300
43.0, 182.4, 300
24.0, 176.1, 300
32.0, 181.1, 300
35.0, 177.1, 300
49.0, 182.1, 300
38.0, 180.3, 300
33.0, 185.6, 300
29.999999999999996, 164.3, 300
38.0, 182.1, 300
36.0, 190.5, 300
25.0, 180.2, 300
17.999999999999996, 192.3, 300
39.0, 189.8, 300
42.0, 192.3, 300
41.0, 198.0, 300
42.0, 185.8, 300
31.0, 183.4, 300
29.0, 178.7, 300
36.0, 184.3, 300
41.0, 188.9, 300
29.0, 176.4, 300
29.0, 172.4, 300
39.0, 186.6, 300
28.0, 192.0, 300
22.0, 181.5, 300
34.0, 178.5, 300
35.0, 181.3, 300
23.0, 181.1, 300
30.0, 182.3, 300
27.0, 191.3, 300
37.0, 191.9, 300
31.0, 176.8, 300
37.0, 186.3, 300
40.0, 186.8, 300
38.0, 190.7, 300
28.0, 183.4, 300
29.0, 195.8, 300
41.0, 183.6, 300
36.0, 188.0, 300
38.0, 184.4, 300
34.0, 179.1, 300
20.999999999999996, 190.8, 300
35.0, 183.7, 300
32.0, 160.4, 300
32.0, 190.1, 300
24.0, 190.5, 300
29.0, 192.0, 300
37.0, 186.3, 300
36.0, 144.2, 300
34.0, 186.3, 300
38.0, 189.1, 300
40.0, 179.3, 300
33.0, 188.1, 300
25.0, 184.6, 300
43.0, 187.1, 300
42.0, 183.4, 300
23.0, 172.5, 300
27.0, 159.0, 300
22.999999999999996, 190.1, 300
59.0, 176.1, 300
30.999999999999996, 168.3, 300
35.0, 188.0, 300
30.0, 178.8, 300
24.0, 181.7, 300
23.0, 171.8, 300
25.0, 190.8, 300
32.0, 140.9, 300
37.0, 161.2, 300
26.0, 169.6, 300
35.0, 186.1, 300
31.0, 159.9, 300
41.0, 187.5, 300
32.0, 183.6, 300
34.0, 187.6, 300
34.0, 185.6, 300
34.0, 191.9, 300
29.0, 147.2, 300
20.0, 182.1, 300
25.0, 190.8, 300
44.0, 190.5, 300
28.0, 178.9, 300
25.0, 173.3, 300
30.0, 183.4, 300
36.0, 175.8, 300
26.0, 186.8, 300
32.0, 179.1, 300
28.0, 188.5, 300
22.0, 183.3, 300
33.0, 188.7, 300
25.0, 164.2, 300
35.0, 190.8, 300
40.0, 184.3, 300
25.0, 184.4, 300
45.0, 172.4, 300
33.0, 183.1, 300
18.999999999999996, 188.3, 300
41.0, 179.3, 300
24.0, 149.0, 300
42.0, 175.8, 300
34.0, 178.2, 300
24.0, 187.5, 300
33.0, 186.3, 300
21.999999999999996, 158.2, 300
36.0, 183.3, 300
35.0, 177.5, 300
26.0, 187.1, 300
18.999999999999996, 181.3, 300
23.0, 187.2, 300
24.0, 192.1, 300
74.0, 185.6, 300
29.0, 183.7, 300
26.0, 185.1, 300
45.0, 190.6, 300
38.0, 177.6, 300
49.0, 174.2, 300
35.0, 189.8, 300
33.0, 182.1, 300
42.0, 196.2, 300
30.0, 191.3, 300
40.0, 181.0, 300
32.0, 194.1, 300
27.0, 172.9, 300
31.0, 184.1, 300
28.0, 190.7, 300
44.0, 172.0, 300
29.0, 199.1, 300
21.999999999999996, 186.2, 300
23.0, 169.6, 300
32.0, 185.3, 300
20.0, 186.3, 300
40.0, 197.1, 300
39.0, 184.3, 300
31.0, 202.9, 300
41.0, 185.4, 300
49.0, 185.5, 300
41.0, 182.2, 300
37.0, 178.9, 300
37.0, 181.3, 300
29.0, 185.0, 300
32.0, 192.6, 300
22.0, 186.1, 300
38.0, 195.0, 300
38.0, 190.8, 300
22.0, 168.3, 300
29.0, 196.4, 300
25.0, 172.5, 300
33.0, 189.2, 300
29.0, 172.9, 300
37.0, 190.6, 300
37.0, 180.1, 300
32.0, 184.3, 300
37.0, 143.9, 300
29.0, 190.1, 300
34.0, 143.9, 300
38.0, 169.1, 300
39.0, 188.6, 300
39.0, 181.5, 300
27.0, 168.9, 300
35.0, 181.5, 300
31.0, 183.4, 300
38.0, 191.3, 300
34.0, 193.8, 300
28.999999999999996, 195.6, 300
33.0, 195.3, 300
27.0, 182.9, 300
43.0, 181.4, 300
32.0, 176.4, 300
27.0, 176.3, 300
34.0, 140.9, 300
33.0, 178.2, 300
33.0, 181.8, 300
25.0, 197.1, 300
44.0, 186.0, 300
23.0, 191.7, 300
30.0, 177.5, 300
29.0, 167.3, 300
38.0, 157.2, 300
27.0, 183.8, 300
28.0, 185.8, 300
45.0, 183.4, 300
31.0, 191.6, 300
26.0, 186.3, 300
31.0, 178.9, 300
33.0, 194.1, 300
47.0, 189.7, 300
33.0, 190.8, 300
26.0, 190.8, 300
39.0, 172.4, 300
24.0, 160.8, 300
31.0, 171.8, 300
34.0, 186.3, 300
20.0, 185.5, 300
34.0, 186.2, 300
37.0, 193.9, 300
46.0, 181.7, 300
22.0, 190.1, 300
50.0, 183.4, 300
51.0, 202.3, 300
31.0, 183.4, 300
44.0, 198.0, 300
23.0, 177.4, 300
17.0, 177.4, 300
38.0, 162.8, 300
33.0, 193.9, 300
45.0, 190.8, 300
27.999999999999996, 178.4, 300
31.0, 198.5, 300
40.0, 191.3, 300
21.999999999999996, 183.4, 300
35.0, 190.7, 300
31.0, 181.6, 300
26.0, 189.8, 300
40.0, 178.5, 300
44.0, 187.8, 300
40.0, 192.6, 300
37.0, 189.6, 300
27.0, 180.0, 300
28.0, 184.9, 300
38.0, 188.9, 300
30.0, 183.1, 300
21.999999999999996, 188.9, 300
48.0, 199.3, 300
23.0, 184.0, 300
37.0, 196.1, 300
40.0, 184.7, 300
27.0, 193.7, 300
28.0, 164.3, 300
41.0, 185.2, 300
27.999999999999996, 183.3, 300
29.0, 190.8, 300
29.0, 182.2, 300
30.0, 187.1, 300
24.0, 190.7, 300
31.0, 183.3, 300
28.0, 183.3, 300
36.0, 192.6, 300
18.999999999999996, 184.1, 300
31.0, 179.7, 300
25.0, 157.3, 300
24.0, 191.3, 300
40.0, 167.3, 300
38.0, 168.4, 300
33.0, 183.1, 300
33.0, 180.1, 300
25.0, 141.1, 300
30.0, 183.4, 300
25.999999999999996, 183.3, 300
22.0, 158.2, 300
28.0, 181.3, 300
39.0, 178.9, 300
33.0, 191.6, 300
39.0, 184.1, 300
38.0, 182.1, 300
41.0, 177.5, 300
32.0, 190.7, 300
38.0, 180.1, 300
32.0, 193.7, 300
42.0, 188.8, 300
43.0, 184.1, 300
38.0, 183.4, 300
30.0, 185.6, 300
33.0, 191.3, 300
28.999999999999996, 191.3, 300
40.0, 184.2, 300
31.0, 189.3, 300
39.0, 176.1, 300
24.0, 193.3, 300
34.0, 180.0, 300
30.0, 185.1, 300
45.0, 178.3, 300
49.0, 193.9, 300
29.0, 177.2, 300
38.0, 179.2, 300
39.0, 196.6, 300
45.0, 178.9, 300
32.0, 160.6, 300
25.0, 149.0, 300
22.0, 184.9, 300
40.0, 159.0, 300
33.0, 185.3, 300
32.0, 194.9, 300
36.0, 192.9, 300
31.0, 144.2, 300
39.0, 187.8, 300
28.0, 186.3, 300
26.0, 193.7, 300
33.0, 153.9, 300
22.999999999999996, 192.9, 300
29.0, 190.7, 300
32.0, 184.3, 300
74.0, 180.6, 300
33.0, 174.0, 300
38.0, 179.7, 300
36.0, 187.1, 300
31.0, 193.6, 300
47.0, 189.0, 300
36.0, 185.1, 300
46.0, 176.3, 300
40.0, 195.5, 300
30.0, 187.3, 300
42.0, 186.2, 300
35.0, 179.2, 300
32.0, 181.1, 300
24.999999999999996, 181.0, 300
30.0, 180.0, 300
40.0, 183.4, 300
35.0, 180.1, 300
30.0, 186.3, 300
23.0, 193.1, 300
55.0, 194.1, 300
35.0, 184.7, 300
44.0, 178.2, 300
33.0, 181.2, 300
42.0, 184.7, 300
19.0, 184.9, 300
42.0, 168.4, 300
42.0, 195.3, 300
13.999999999999996, 174.2, 300
27.0, 191.3, 300
25.0, 178.5, 300
27.0, 185.9, 300
24.0, 184.2, 300
35.0, 181.3, 300
22.0, 193.4, 300
31.0, 184.9, 300
36.0, 198.5, 300
27.0, 175.5, 300
46.0, 187.0, 300
38.0, 190.1, 300
22.0, 158.2, 300
41.0, 174.8, 300
36.0, 181.5, 300
26.0, 189.7, 300
34.0, 184.1, 300
36.0, 157.2, 300
45.0, 185.5, 300
26.0, 187.3, 300
35.0, 183.5, 300
45.0, 199.3, 300
40.0, 193.7, 300
43.0, 190.8, 300
41.0, 192.3, 300
22.0, 190.2, 300
38.0, 176.3, 300
31.0, 195.6, 300
37.0, 184.0, 300
29.0, 190.6, 300
35.0, 181.5, 300
34.0, 186.8, 300
33.0, 175.2, 300
23.999999999999996, 167.8, 300
30.0, 181.1, 300
36.0, 184.4, 300
33.0, 184.6, 300
36.0, 191.1, 300
47.0, 164.6, 300
29.0, 180.3, 300
63.0, 192.8, 300
22.0, 196.2, 300
34.0, 181.1, 300
33.0, 196.2, 300
43.0, 191.0, 300
18.999999999999996, 186.8, 300
19.999999999999996, 191.8, 300
30.0, 182.3, 300
29.0, 185.0, 300
30.0, 189.5, 300
35.0, 185.8, 300
38.0, 184.7, 300
38.0, 187.3, 300
41.0, 186.3, 300
22.0, 182.7, 300
33.0, 186.5, 300
30.0, 179.2, 300
51.0, 187.1, 300
59.0, 178.5, 300
31.0, 191.1, 300
38.0, 183.4, 300
28.0, 188.0, 300
33.0, 185.8, 300
42.0, 198.4, 300
23.0, 185.3, 300
39.0, 188.7, 300
25.0, 185.1, 300
41.0, 198.5, 300
24.0, 198.5, 300
33.0, 103.5, 300
36.0, 182.9, 300
32.0, 182.9, 300
26.0, 185.0, 300
26.0, 198.5, 300
20.999999999999996, 190.7, 300
35.0, 195.6, 300
27.0, 189.1, 300
33.0, 178.2, 300
42.0, 182.1, 300
34.0, 176.4, 300
39.0, 197.8, 300
28.0, 178.9, 300
27.0, 191.2, 300
23.0, 184.8, 300
33.0, 179.2, 300
23.0, 153.9, 300
27.0, 182.5, 300
36.0, 194.4, 300
31.0, 190.5, 300
19.0, 178.5, 300
32.0, 182.0, 300
25.0, 182.4, 300
30.0, 184.9, 300
46.0, 139.4, 300
34.0, 186.8, 300
37.0, 184.0, 300
44.0, 186.1, 300
40.0, 182.9, 300
32.0, 188.0, 300
44.0, 183.4, 300
36.0, 189.3, 300
54.0, 186.3, 300
22.999999999999996, 190.2, 300
41.0, 184.7, 300
28.0, 186.5, 300
45.0, 182.8, 300
35.0, 192.0, 300
45.0, 157.2, 300
31.0, 183.4, 300
27.0, 196.4, 300
24.0, 193.6, 300
22.999999999999996, 187.7, 300
41.0, 190.8, 300
28.999999999999996, 189.0, 300
30.0, 191.3, 300
47.0, 189.2, 300
41.0, 149.0, 300
50.0, 149.8, 300
38.0, 184.8, 300
14.999999999999996, 168.9, 300
31.0, 164.2, 300
37.0, 190.5, 300
29.0, 180.7, 300
23.999999999999996, 199.1, 300
38.0, 181.2, 300
26.0, 174.0, 300
39.0, 177.9, 300
39.0, 178.7, 300
33.0, 189.5, 300
34.0, 184.9, 300
34.0, 181.0, 300
22.0, 180.0, 300
31.0, 161.0, 300
31.0, 175.7, 300
38.0, 183.3, 300
23.0, 177.3, 300
23.0, 182.0, 300
18.999999999999996, 182.2, 300
37.0, 190.8, 300
40.0, 198.4, 300
33.0, 184.0, 300
35.0, 172.8, 300
45.0, 182.3, 300
42.0, 193.5, 300
35.0, 176.3, 300
34.0, 188.1, 300
19.999999999999996, 174.2, 300
28.0, 189.0, 300
35.0, 184.5, 300
50.0, 182.8, 300
25.999999999999996, 166.9, 300
24.0, 179.8, 300
30.0, 176.7, 300
45.0, 192.8, 300
32.0, 189.2, 300
29.0, 187.8, 300
34.0, 183.6, 300
42.0, 145.1, 300
32.0, 192.3, 300
27.0, 187.4, 300
45.0, 190.6, 300
43.0, 183.3, 300
38.0, 185.8, 300
24.0, 198.5, 300
21.0, 116.2, 300
34.0, 145.1, 300
31.0, 141.1, 300
44.0, 183.3, 300
37.0, 186.8, 300
37.0, 190.8, 300
47.0, 187.8, 300
36.0, 182.2, 300
18.0, 192.3, 300
27.0, 193.5, 300
26.0, 189.1, 300
25.0, 175.9, 300
31.0, 185.8, 300
38.0, 167.3, 300
35.0, 182.0, 300
37.0, 186.9, 300
37.0, 192.2, 300
22.0, 179.7, 300
39.0, 188.9, 300
24.0, 181.5, 300
29.0, 196.6, 300
52.0, 179.7, 300
37.0, 183.6, 300
43.0, 189.3, 300
46.0, 189.8, 300
51.0, 176.7, 300
43.0, 194.4, 300
26.0, 188.9, 300
45.0, 190.4, 300
32.0, 189.8, 300
41.0, 181.2, 300
37.0, 185.8, 300
40.0, 185.2, 300
34.0, 190.7, 300
31.0, 193.3, 300
45.0, 191.3, 300
26.0, 184.3, 300
25.0, 182.0, 300
32.0, 190.8, 300
45.0, 171.9, 300
31.0, 180.0, 300
28.0, 181.1, 300
38.0, 197.2, 300
29.0, 182.4, 300
42.0, 158.1, 300
29.0, 172.0, 300
43.0, 187.8, 300
20.0, 187.8, 300
21.999999999999996, 173.6, 300
21.999999999999996, 180.6, 300
39.0, 173.1, 300
30.0, 189.8, 300
24.0, 180.0, 300
45.0, 191.3, 300
43.0, 184.8, 300
33.0, 164.2, 300
29.0, 180.0, 300
34.0, 191.6, 300
28.0, 174.2, 300
32.0, 185.8, 300
26.0, 160.4, 300
26.0, 180.0, 300
20.0, 191.2, 300
30.0, 198.0, 300
31.0, 173.1, 300
34.0, 181.0, 300
40.0, 166.9, 300
46.0, 187.1, 300
25.999999999999996, 185.3, 300
24.0, 193.4, 300
24.0, 193.7, 300
27.0, 168.6, 300
46.0, 188.9, 300
25.0, 182.0, 300
48.0, 191.9, 300
31.0, 182.2, 300
40.0, 179.7, 300
22.999999999999996, 182.8, 300
33.0, 186.8, 300
31.0, 186.3, 300
34.0, 147.1, 300
62.0, 187.3, 300
42.0, 177.5, 300
28.0, 145.1, 300
19.0, 175.5, 300
32.0, 151.4, 300
31.999999999999996, 157.2, 300
41.0, 177.0, 300
34.0, 192.1, 300
41.0, 182.0, 300
34.0, 181.5, 300
27.999999999999996, 185.6, 300
20.999999999999996, 189.2, 300
26.0, 173.4, 300
31.0, 184.2, 300
26.0, 180.0, 300
26.0, 189.6, 300
36.0, 187.1, 300
37.0, 171.8, 300
43.0, 173.4, 300
35.0, 157.2, 300
23.999999999999996, 177.0, 300
42.0, 186.3, 300
33.0, 173.4, 300
21.0, 185.9, 300
32.0, 183.8, 300
30.0, 189.9, 300
17.0, 183.1, 300
27.0, 184.6, 300
26.0, 185.8, 300
72.0, 162.8, 300
31.0, 178.8, 300
31.0, 193.7, 300
33.0, 185.2, 300
55.0, 182.3, 300
32.0, 180.0, 300
31.0, 199.1, 300
30.0, 186.6, 300
40.0, 180.1, 300
39.0, 185.0, 300
38.0, 178.1, 300
40.0, 185.3, 300
34.0, 173.1, 300
29.0, 184.3, 300
42.0, 186.3, 300
30.0, 177.2, 300
28.0, 178.6, 300
20.0, 176.7, 300
42.0, 183.0, 300
33.0, 172.2, 300
37.0, 188.9, 300
25.0, 193.3, 300
35.0, 192.3, 300
27.0, 181.5, 300
35.0, 173.3, 300
44.0, 179.3, 300
49.0, 180.7, 300
31.0, 168.4, 300
24.0, 177.4, 300
18.999999999999996, 181.5, 300
27.0, 183.7, 300
22.0, 177.4, 300
31.0, 189.7, 300
29.999999999999996, 190.1, 300
36.0, 183.4, 300
79.0, 180.0, 300
26.0, 181.2, 300
37.0, 181.5, 300
33.0, 186.5, 300
45.0, 185.4, 300
42.0, 191.3, 300
26.0, 172.5, 300
39.0, 185.0, 300
29.0, 191.4, 300
33.0, 179.5, 300
39.0, 190.5, 300
33.0, 194.4, 300
44.0, 187.9, 300
35.0, 180.0, 300
28.0, 179.2, 300
39.0, 185.3, 300
31.0, 189.0, 300
25.0, 185.1, 300
34.0, 182.2, 300
48.0, 187.3, 300
35.0, 180.0, 300
36.0, 182.8, 300
40.0, 182.1, 300
36.0, 196.6, 300
39.0, 184.1, 300
32.0, 175.5, 300
38.0, 177.0, 300
30.0, 182.3, 300
29.0, 196.1, 300
46.0, 186.8, 300
37.0, 179.1, 300
45.0, 176.3, 300
27.0, 184.4, 300
38.0, 193.3, 300
43.0, 176.1, 300
37.0, 191.1, 300
38.0, 181.5, 300
49.0, 177.9, 300
23.0, 161.2, 300
29.0, 181.8, 300
19.0, 169.8, 300
28.0, 181.3, 300
36.0, 187.8, 300
71.0, 188.9, 300
33.0, 189.1, 300
49.0, 192.2, 300
38.0, 186.8, 300
32.0, 178.4, 300
20.999999999999996, 180.7, 300
39.0, 181.4, 300
35.0, 186.3, 300
23.0, 186.9, 300
36.0, 180.6, 300
19.0, 173.6, 300
27.0, 176.4, 300
31.999999999999996, 168.4, 300
39.0, 152.6, 300
39.0, 179.8, 300
32.0, 192.2, 300
35.0, 173.1, 300
31.0, 177.4, 300
44.0, 175.8, 300
39.0, 162.8, 300
36.0, 188.3, 300
32.0, 166.9, 300
24.0, 184.6, 300
30.0, 186.4, 300
29.0, 187.4, 300
34.0, 185.2, 300
20.999999999999996, 184.8, 300
41.0, 181.0, 300
37.0, 154.0, 300
59.0, 186.9, 300
37.0, 178.7, 300
30.0, 181.4, 300
38.0, 164.6, 300
35.0, 159.1, 300
37.0, 189.3, 300
43.0, 186.2, 300
41.0, 178.7, 300
21.999999999999996, 186.3, 300
26.0, 166.9, 300
35.0, 191.2, 300
24.0, 187.4, 300
37.0, 189.8, 300
41.0, 180.2, 300
30.0, 180.0, 300
41.0, 171.9, 300
39.0, 180.7, 300
36.0, 187.8, 300
21.0, 186.3, 300
23.0, 182.2, 300
33.0, 198.4, 300
31.0, 176.7, 300
35.0, 197.8, 300
43.0, 190.4, 300
48.0, 194.4, 300
29.0, 193.9, 300
29.0, 187.4, 300
37.0, 187.8, 300
33.0, 182.5, 300
39.0, 191.6, 300
23.0, 176.1, 300
33.0, 176.3, 300
33.0, 114.0, 300
29.0, 187.3, 300
30.999999999999996, 182.4, 300
36.0, 184.9, 300
33.0, 199.5, 300
23.0, 186.8, 300
21.0, 185.3, 300
41.0, 185.4, 300
41.0, 177.0, 300
30.999999999999996, 184.3, 300
33.0, 191.1, 300
16.999999999999996, 185.8, 300
24.0, 184.6, 300
31.0, 188.6, 300
30.0, 198.0, 300
41.0, 183.1, 300
34.0, 178.4, 300
42.0, 183.4, 300
31.0, 182.4, 300
36.0, 182.2, 300
47.0, 192.2, 300
42.0, 193.7, 300
39.0, 183.8, 300
39.0, 170.1, 300
37.0, 190.2, 300
26.0, 194.4, 300
30.0, 196.1, 300
31.0, 179.8, 300
45.0, 184.6, 300
41.0, 182.4, 300
44.0, 152.6, 300
44.0, 141.1, 300
47.0, 186.8, 300
30.0, 180.6, 300
34.0, 181.5, 300
26.999999999999996, 180.0, 300
27.0, 183.3, 300
33.0, 188.0, 300
26.0, 106.1, 300
33.0, 184.0, 300
24.0, 195.5, 300
23.0, 177.3, 300
39.0, 185.4, 300
30.0, 139.4, 300
36.0, 187.0, 300
34.0, 194.9, 300
45.0, 181.2, 300
32.0, 185.0, 300
27.0, 185.8, 300
29.0, 182.2, 300
36.0, 176.8, 300
37.0, 152.6, 300
42.0, 173.6, 300
40.0, 176.3, 300
49.0, 177.1, 300
24.0, 184.6, 300
28.0, 172.9, 300
43.0, 181.1, 300
20.0, 177.9, 300
38.0, 167.8, 300
26.0, 193.7, 300
35.0, 168.6, 300
32.0, 116.2, 300
40.0, 141.1, 300
36.0, 196.1, 300
30.0, 196.2, 300
23.0, 149.8, 300
24.0, 180.0, 300
37.0, 187.4, 300
41.0, 182.2, 300
27.0, 181.5, 300
38.0, 195.6, 300
41.0, 178.7, 300
44.0, 190.7, 300
23.0, 160.8, 300
39.0, 198.0, 300
35.0, 190.8, 300
32.0, 177.2, 300
34.0, 116.2, 300
34.0, 103.5, 300
41.0, 182.2, 300
32.0, 191.9, 300
36.0, 188.0, 300
27.0, 185.3, 300
39.0, 185.4, 300
37.0, 179.5, 300
30.0, 172.5, 300
31.0, 190.6, 300
23.0, 186.2, 300
32.0, 180.2, 300
31.999999999999996, 181.8, 300
37.0, 192.8, 300
33.0, 158.2, 300
38.0, 184.3, 300
40.0, 181.1, 300
36.0, 191.3, 300
25.0, 182.4, 300
39.0, 191.8, 300
32.0, 184.3, 300
35.0, 186.8, 300
26.0, 154.0, 300
29.0, 189.8, 300
33.0, 166.9, 300
32.0, 188.6, 300
29.0, 173.6, 300
32.0, 196.1, 300
32.0, 149.0, 300
36.0, 188.8, 300
34.0, 187.0, 300
41.0, 194.9, 300
42.0, 184.6, 300
41.0, 181.2, 300
41.0, 197.2, 300
40.0, 185.3, 300
39.0, 184.1, 300
21.0, 188.9, 300
31.0, 193.7, 300
27.0, 192.3, 300
41.0, 187.5, 300
24.0, 175.7, 300
37.0, 188.5, 300
49.0, 182.9, 300
41.0, 192.8, 300
23.0, 188.9, 300
36.0, 192.8, 300
33.0, 180.7, 300
28.0, 187.0, 300
33.0, 184.9, 300
27.0, 191.2, 300
40.0, 194.9, 300
25.0, 198.0, 300
37.0, 184.0, 300
38.0, 196.2, 300
46.0, 182.3, 300
38.0, 193.3, 300
38.0, 179.5, 300
42.0, 193.9, 300
39.0, 186.2, 300
36.0, 184.0, 300
36.0, 184.4, 300
34.0, 183.4, 300
14.999999999999996, 192.9, 300
36.0, 176.6, 300
27.0, 173.3, 300
23.999999999999996, 183.4, 300
30.0, 182.9, 300
43.0, 186.0, 300
44.0, 176.4, 300
36.0, 189.7, 300
35.0, 176.0, 300
25.0, 164.6, 300
31.0, 174.0, 300
32.0, 191.7, 300
45.0, 189.4, 300
29.0, 159.0, 300
23.0, 182.2, 300
27.0, 194.9, 300
39.0, 169.3, 300
51.0, 193.9, 300
26.0, 173.3, 300
37.0, 176.4, 300
47.0, 191.9, 300
41.0, 193.5, 300
22.0, 183.0, 300
27.0, 149.8, 300
32.0, 169.8, 300
25.0, 191.2, 300
32.0, 181.5, 300
30.0, 189.2, 300
36.0, 179.7, 300
35.0, 185.0, 300
42.0, 190.6, 300
19.0, 189.2, 300
44.0, 180.6, 300
29.0, 191.9, 300
36.0, 184.1, 300
41.0, 183.0, 300
41.0, 192.3, 300
32.0, 183.4, 300
24.0, 188.9, 300
38.0, 186.3, 300
39.0, 140.9, 300
29.999999999999996, 190.3, 300
27.0, 184.1, 300
43.0, 181.1, 300
36.0, 191.3, 300
43.0, 172.9, 300
28.0, 188.3, 300
23.0, 189.2, 300
27.0, 177.0, 300
36.0, 184.0, 300
32.0, 177.8, 300
21.0, 179.8, 300
34.0, 183.6, 300
33.0, 198.5, 300
18.999999999999996, 174.2, 300
36.0, 184.7, 300
39.0, 179.1, 300
36.0, 190.1, 300
29.0, 184.7, 300
46.0, 188.6, 300
39.0, 187.0, 300
43.0, 198.0, 300
26.0, 185.5, 300
35.0, 197.1, 300
22.0, 181.4, 300
26.0, 183.5, 300
24.0, 188.6, 300
41.0, 181.8, 300
26.0, 181.8, 300
37.0, 186.9, 300
42.0, 189.0, 300
33.0, 187.8, 300
42.0, 172.0, 300
42.0, 186.1, 300
33.0, 172.5, 300
29.0, 188.5, 300
29.0, 186.6, 300
22.0, 184.3, 300
25.0, 183.4, 300
37.0, 191.3, 300
33.0, 186.9, 300
36.0, 177.0, 300
31.0, 193.3, 300
32.0, 177.2, 300
33.0, 186.9, 300
47.0, 180.0, 300
20.999999999999996, 166.5, 300
27.0, 178.5, 300
25.0, 185.7, 300
48.0, 188.9, 300
41.0, 195.5, 300
46.0, 184.7, 300
35.0, 172.9, 300
42.0, 176.3, 300
33.0, 179.2, 300
34.0, 184.6, 300
29.0, 169.8, 300
37.0, 190.8, 300
48.0, 181.5, 300
35.0, 183.4, 300
37.0, 191.3, 300
34.0, 196.2, 300
19.0, 181.3, 300
31.0, 178.2, 300
40.0, 182.4, 300
40.0, 174.2, 300
48.0, 187.3, 300
36.0, 179.1, 300
33.0, 187.9, 300
39.0, 190.8, 300
31.999999999999996, 169.3, 300
32.0, 173.6, 300
37.0, 175.1, 300
34.0, 183.3, 300
34.0, 185.9, 300
35.0, 183.9, 300
37.0, 187.8, 300
31.0, 182.2, 300
41.0, 144.2, 300
37.0, 184.3, 300
29.0, 197.2, 300
46.0, 202.3, 300
37.0, 187.7, 300
39.0, 192.8, 300
33.0, 157.2, 300
42.0, 193.9, 300
32.0, 166.8, 300
25.0, 192.3, 300
27.0, 195.6, 300
34.0, 166.9, 300
18.0, 188.9, 300
23.0, 177.4, 300
35.0, 184.7, 300
38.0, 191.9, 300
42.0, 173.3, 300
21.0, 153.9, 300
29.0, 190.1, 300
37.0, 181.0, 300
41.0, 169.1, 300
33.0, 187.0, 300
26.0, 183.1, 300
46.0, 179.2, 300
34.0, 180.0, 300
38.0, 176.4, 300
29.0, 185.5, 300
32.0, 178.6, 300
25.0, 184.2, 300
27.0, 185.0, 300
23.0, 173.1, 300
43.0, 182.8, 300
36.0, 179.3, 300
28.0, 190.6, 300
40.0, 181.1, 300
42.0, 178.2, 300
38.0, 178.9, 300
21.0, 182.9, 300
43.0, 187.8, 300
34.0, 158.2, 300
30.0, 192.3, 300
46.0, 114.0, 300
35.0, 172.4, 300
27.0, 183.4, 300
28.0, 182.3, 300
28.0, 187.0, 300
23.0, 196.6, 300
34.0, 173.3, 300
28.0, 184.1, 300
32.0, 187.3, 300
35.0, 196.4, 300
46.0, 190.6, 300
38.0, 164.6, 300
35.0, 190.1, 300
43.0, 172.5, 300
30.999999999999996, 187.3, 300
19.999999999999996, 179.8, 300
49.0, 194.9, 300
34.0, 168.6, 300
26.0, 174.8, 300
31.0, 184.7, 300
36.0, 190.1, 300
40.0, 186.2, 300
35.0, 161.0, 300
21.0, 181.4, 300
32.0, 192.9, 300
38.0, 181.5, 300
20.0, 180.7, 300
41.0, 188.1, 300
40.0, 185.3, 300
28.0, 185.3, 300
33.0, 181.3, 300
29.0, 192.3, 300
46.0, 175.9, 300
40.0, 178.7, 300
41.0, 185.1, 300
37.0, 199.1, 300
34.0, 116.2, 300
30.0, 187.1, 300
30.0, 187.8, 300
43.0, 193.9, 300
34.0, 166.9, 300
23.999999999999996, 184.1, 300
34.0, 178.5, 300
34.0, 196.4, 300
36.0, 192.3, 300
30.0, 181.6, 300
31.0, 180.7, 300
37.0, 167.3, 300
41.0, 184.7, 300
30.0, 184.6, 300
43.0, 182.5, 300
35.0, 188.7, 300
31.0, 198.4, 300
41.0, 190.7, 300
36.0, 189.9, 300
35.0, 181.4, 300
35.0, 183.3, 300
33.0, 190.3, 300
26.0, 179.2, 300
30.0, 166.4, 300
31.0, 175.9, 300
30.0, 178.5, 300
32.0, 169.0, 300
30.0, 168.3, 300
41.0, 191.3, 300
27.0, 169.1, 300
40.0, 186.3, 300
41.0, 176.6, 300
38.0, 182.1, 300
20.0, 169.8, 300
32.0, 167.3, 300
21.0, 177.9, 300
39.0, 151.4, 300
39.0, 181.5, 300
38.0, 164.6, 300
30.0, 187.4, 300
29.0, 180.0, 300
37.0, 181.4, 300
46.0, 176.3, 300
39.0, 189.9, 300
39.0, 159.9, 300
34.0, 185.9, 300
21.0, 182.3, 300
38.0, 168.4, 300
38.0, 187.3, 300
39.0, 190.8, 300
27.0, 189.0, 300
39.0, 140.9, 300
35.0, 187.3, 300
28.0, 181.5, 300
32.0, 193.4, 300
38.0, 192.0, 300
37.0, 181.3, 300
36.0, 187.3, 300
31.0, 185.4, 300
28.999999999999996, 183.0, 300
31.0, 182.9, 300
44.0, 191.0, 300
31.0, 192.3, 300
43.0, 189.8, 300
37.0, 158.2, 300
31.0, 189.3, 300
31.0, 185.9, 300
40.0, 192.6, 300
37.0, 186.6, 300
30.0, 181.0, 300
27.0, 184.7, 300
30.0, 185.4, 300
42.0, 193.8, 300
38.0, 158.1, 300
37.0, 179.1, 300
28.0, 177.4, 300
39.0, 192.1, 300
25.0, 189.2, 300
36.0, 177.0, 300
43.0, 189.0, 300
33.0, 191.0, 300
18.999999999999996, 177.6, 300
17.0, 194.4, 300
33.0, 172.2, 300
38.0, 193.7, 300
32.0, 182.2, 300
18.0, 187.3, 300
33.0, 180.2, 300
19.999999999999996, 171.8, 300
35.0, 149.8, 300
38.0, 187.8, 300
34.0, 189.4, 300
28.0, 185.6, 300
37.0, 182.0, 300
31.999999999999996, 188.1, 300
29.0, 188.3, 300
40.0, 176.3, 300
35.0, 181.5, 300
38.0, 181.6, 300
27.0, 177.2, 300
39.0, 161.6, 300
34.0, 147.2, 300
27.0, 183.1, 300
43.0, 181.4, 300
28.0, 199.3, 300
66.0, 184.3, 300
37.0, 172.9, 300
18.0, 177.3, 300
25.0, 187.8, 300
40.0, 170.3, 300
34.0, 186.5, 300
40.0, 185.1, 300
33.0, 183.4, 300
25.0, 189.3, 300
39.0, 184.9, 300
38.0, 180.0, 300
37.0, 185.6, 300
47.0, 193.7, 300
32.0, 177.5, 300
31.0, 193.7, 300
31.0, 193.9, 300
34.0, 191.2, 300
49.0, 173.1, 300
30.0, 186.5, 300
22.0, 179.5, 300
33.0, 175.7, 300
35.0, 185.8, 300
38.0, 186.2, 300
31.0, 189.8, 300
24.0, 177.2, 300
38.0, 193.9, 300
36.0, 187.0, 300
25.0, 176.3, 300
19.0, 159.0, 300
35.0, 180.1, 300
36.0, 188.3, 300
29.0, 180.0, 300
20.999999999999996, 184.3, 300
21.0, 197.2, 300
37.0, 188.0, 300
35.0, 172.3, 300
41.0, 183.8, 300
28.0, 183.9, 300
33.0, 170.1, 300
36.0, 185.0, 300
41.0, 171.0, 300
23.0, 178.2, 300
33.0, 191.7, 300
21.0, 183.6, 300
33.0, 164.6, 300
24.0, 176.7, 300
19.999999999999996, 187.0, 300
24.0, 167.8, 300
39.0, 188.9, 300
35.0, 192.3, 300
26.0, 194.4, 300
36.0, 154.0, 300
25.0, 184.5, 300
32.0, 172.3, 300
33.0, 190.4, 300
40.0, 199.5, 300
25.0, 191.7, 300
51.0, 178.0, 300
34.0, 202.3, 300
43.0, 184.7, 300
42.0, 180.0, 300
38.0, 135.6, 300
33.0, 189.2, 300
33.0, 166.5, 300
27.0, 190.1, 300
22.0, 183.4, 300
34.0, 185.6, 300
40.0, 162.8, 300
37.0, 188.8, 300
22.0, 174.8, 300
27.0, 172.5, 300
31.0, 188.7, 300
36.0, 176.7, 300
29.0, 180.1, 300
42.0, 192.6, 300
23.0, 180.2, 300
41.0, 190.7, 300
40.0, 182.2, 300
29.0, 193.1, 300
27.0, 192.0, 300
53.0, 186.6, 300
25.0, 193.3, 300
18.0, 191.1, 300
32.0, 190.7, 300
36.0, 192.3, 300
32.0, 196.6, 300
23.0, 114.0, 300
22.0, 169.8, 300
45.0, 183.4, 300
31.0, 168.4, 300
53.0, 161.0, 300
38.0, 182.1, 300
24.0, 191.1, 300
33.0, 188.7, 300
34.0, 177.0, 300
36.0, 178.9, 300
28.0, 116.2, 300
43.0, 182.7, 300
33.0, 185.4, 300
69.0, 184.2, 300
30.0, 189.5, 300
39.0, 187.6, 300
19.0, 199.3, 300
15.999999999999996, 191.1, 300
36.0, 191.1, 300
24.0, 191.1, 300
23.0, 188.0, 300
34.0, 191.3, 300
18.0, 185.9, 300
58.0, 190.8, 300
38.0, 176.7, 300
36.0, 186.3, 300
28.0, 187.4, 300
21.0, 188.9, 300
28.0, 191.3, 300
22.0, 189.0, 300
29.0, 190.1, 300
33.0, 187.2, 300
44.0, 185.1, 300
32.0, 169.0, 300
33.0, 158.2, 300
33.0, 196.6, 300
51.0, 164.6, 300
24.0, 186.5, 300
41.0, 166.5, 300
22.0, 191.9, 300
39.0, 182.2, 300
27.0, 192.6, 300
35.0, 180.0, 300
39.0, 191.3, 300
39.0, 179.2, 300
39.0, 185.2, 300
48.0, 183.3, 300
28.0, 184.7, 300
28.999999999999996, 176.3, 300
41.0, 159.1, 300
37.0, 186.8, 300
52.0, 178.6, 300
20.0, 183.4, 300
26.0, 186.5, 300
17.0, 188.6, 300
24.0, 186.9, 300
46.0, 184.8, 300
33.0, 202.3, 300
27.999999999999996, 160.5, 300
32.0, 181.1, 300
27.0, 187.7, 300
37.0, 182.5, 300
31.999999999999996, 182.5, 300
23.0, 176.3, 300
26.0, 170.1, 300
31.0, 173.6, 300
41.0, 182.4, 300
31.0, 159.9, 300
24.999999999999996, 195.6, 300
43.0, 181.8, 300
36.0, 190.1, 300
30.0, 174.8, 300
42.0, 198.5, 300
31.0, 168.9, 300
34.0, 178.3, 300
24.0, 183.2, 300
28.0, 189.8, 300
39.0, 193.1, 300
21.0, 172.2, 300
27.0, 184.8, 300
39.0, 186.1, 300
41.0, 198.5, 300
36.0, 193.3, 300
44.0, 184.1, 300
29.0, 193.9, 300
32.0, 191.2, 300
37.0, 164.2, 300
34.0, 185.3, 300
41.0, 182.8, 300
37.0, 169.0, 300
42.0, 176.7, 300
44.0, 180.2, 300
35.0, 185.0, 300
44.0, 201.8, 300
37.0, 185.9, 300
34.0, 180.1, 300
46.0, 190.1, 300
49.0, 200.1, 300
27.0, 182.2, 300
36.0, 194.1, 300
39.0, 186.3, 300
33.0, 187.4, 300
38.0, 174.8, 300
31.0, 184.0, 300
25.0, 180.7, 300
26.0, 176.7, 300
41.0, 187.3, 300
36.0, 170.1, 300
40.0, 184.3, 300
21.999999999999996, 182.4, 300
34.0, 179.1, 300
34.0, 185.3, 300
39.0, 184.0, 300
30.0, 184.7, 300
43.0, 168.6, 300
20.0, 197.1, 300
26.0, 174.2, 300
47.0, 191.9, 300
36.0, 190.1, 300
35.0, 172.9, 300
31.999999999999996, 172.5, 300
32.0, 186.9, 300
42.0, 178.8, 300
24.0, 181.3, 300
29.0, 182.9, 300
32.0, 180.1, 300
43.0, 186.1, 300
26.0, 186.6, 300
39.0, 186.2, 300
24.0, 180.1, 300
39.0, 193.5, 300
18.0, 184.0, 300
42.0, 173.6, 300
39.0, 194.4, 300
26.0, 184.4, 300
25.0, 184.2, 300
28.0, 189.8, 300
32.0, 188.9, 300
28.0, 191.2, 300
40.0, 175.7, 300
30.0, 195.5, 300
35.0, 190.7, 300
39.0, 184.9, 300
29.0, 160.8, 300
39.0, 196.6, 300
23.999999999999996, 176.4, 300
71.0, 159.9, 300
31.999999999999996, 186.3, 300
31.0, 184.6, 300
23.0, 181.4, 300
31.0, 182.1, 300
22.0, 187.9, 300
42.0, 189.6, 300
45.0, 176.3, 300
36.0, 179.7, 300
18.999999999999996, 189.5, 300
23.0, 166.4, 300
39.0, 183.2, 300
39.0, 199.5, 300
25.0, 185.3, 300
42.0, 178.6, 300
41.0, 183.3, 300
43.0, 191.1, 300
38.0, 186.5, 300
44.0, 173.1, 300
34.0, 185.3, 300
18.0, 191.3, 300
41.0, 139.4, 300
41.0, 184.6, 300
22.999999999999996, 186.9, 300
28.999999999999996, 195.0, 300
34.0, 152.6, 300
23.999999999999996, 151.4, 300
44.0, 190.5, 300
36.0, 140.9, 300
32.0, 147.1, 300
46.0, 188.1, 300
32.0, 188.8, 300
27.0, 185.7, 300
29.0, 193.9, 300
35.0, 180.6, 300
31.0, 177.8, 300
40.0, 184.3, 300
34.0, 178.8, 300
44.0, 180.0, 300
33.0, 182.2, 300
25.0, 178.7, 300
49.0, 160.4, 300
34.0, 190.1, 300
34.0, 186.3, 300
27.0, 175.5, 300
38.0, 183.7, 300
24.0, 182.2, 300
34.0, 194.1, 300
39.0, 183.4, 300
24.0, 177.9, 300
18.999999999999996, 182.1, 300
20.999999999999996, 193.1, 300
23.0, 193.7, 300
28.0, 178.8, 300
37.0, 180.2, 300
29.999999999999996, 194.4, 300
24.0, 198.8, 300
42.0, 157.3, 300
51.0, 194.9, 300
39.0, 179.1, 300
31.0, 182.2, 300
35.0, 176.3, 300
30.0, 190.6, 300
21.0, 186.5, 300
43.0, 172.5, 300
42.0, 184.8, 300
41.0, 182.9, 300
41.0, 186.3, 300
28.0, 180.1, 300
27.0, 183.4, 300
42.0, 189.7, 300
52.0, 184.7, 300
24.0, 186.5, 300
36.0, 182.2, 300
34.0, 184.4, 300
24.0, 187.5, 300
39.0, 182.2, 300
40.0, 198.8, 300
26.0, 161.0, 300
29.0, 177.5, 300
47.0, 183.3, 300
40.0, 190.5, 300
31.0, 180.2, 300
40.0, 189.8, 300
23.0, 191.1, 300
39.0, 183.1, 300
24.0, 175.1, 300
29.0, 187.2, 300
24.999999999999996, 181.5, 300
44.0, 181.4, 300
44.0, 181.4, 300
30.0, 191.6, 300
42.0, 151.4, 300
36.0, 197.8, 300
38.0, 183.6, 300
31.999999999999996, 190.8, 300
43.0, 179.5, 300
32.0, 194.4, 300
35.0, 187.3, 300
38.0, 191.2, 300
28.999999999999996, 191.7, 300
19.0, 153.9, 300
34.0, 161.6, 300
49.0, 194.9, 300
33.0, 191.8, 300
41.0, 186.8, 300
29.999999999999996, 185.9, 300
28.0, 192.8, 300
28.0, 194.1, 300
24.0, 162.8, 300
35.0, 186.5, 300
38.0, 190.8, 300
40.0, 179.1, 300
29.0, 199.3, 300
44.0, 182.2, 300
17.0, 162.4, 300
32.0, 186.9, 300
44.0, 190.1, 300
38.0, 187.6, 300
33.0, 181.0, 300
25.0, 184.5, 300
26.0, 175.2, 300
39.0, 191.3, 300
37.0, 168.6, 300
25.0, 181.0, 300
34.0, 191.3, 300
26.0, 185.8, 300
28.0, 196.6, 300
23.999999999999996, 183.4, 300
46.0, 178.2, 300
21.0, 192.6, 300
42.0, 184.3, 300
28.999999999999996, 186.1, 300
33.0, 195.8, 300
22.999999999999996, 190.1, 300
23.999999999999996, 183.9, 300
22.0, 116.2, 300
29.0, 197.1, 300
31.0, 175.5, 300
26.0, 173.1, 300
45.0, 173.3, 300
41.0, 176.6, 300
28.999999999999996, 167.3, 300
71.0, 157.3, 300
28.999999999999996, 182.7, 300
38.0, 184.7, 300
30.0, 183.4, 300
30.0, 202.9, 300
30.0, 197.1, 300
25.999999999999996, 166.4, 300
41.0, 174.8, 300
31.0, 184.6, 300
43.0, 182.7, 300
44.0, 192.2, 300
45.0, 186.3, 300
30.0, 188.9, 300
26.0, 178.2, 300
32.0, 194.4, 300
31.0, 189.8, 300
29.0, 182.3, 300
20.0, 172.8, 300
29.999999999999996, 178.4, 300
25.0, 151.4, 300
30.0, 182.4, 300
48.0, 189.0, 300
18.0, 184.0, 300
34.0, 185.0, 300
39.0, 186.8, 300
35.0, 191.0, 300
37.0, 182.7, 300
38.0, 169.3, 300
41.0, 178.6, 300
24.0, 189.7, 300
28.0, 184.1, 300
36.0, 180.1, 300
40.0, 193.9, 300
27.0, 194.4, 300
33.0, 181.7, 300
31.0, 195.3, 300
42.0, 184.5, 300
39.0, 160.5, 300
20.0, 140.9, 300
28.0, 196.1, 300
25.0, 180.1, 300
22.0, 182.4, 300
40.0, 116.2, 300
36.0, 152.6, 300
34.0, 180.7, 300
30.0, 184.9, 300
35.0, 182.0, 300
26.0, 192.0, 300
31.0, 186.1, 300
39.0, 190.4, 300
31.0, 187.4, 300
43.0, 190.1, 300
31.999999999999996, 173.6, 300
23.0, 173.4, 300
25.0, 186.6, 300
28.0, 185.2, 300
34.0, 176.4, 300
30.0, 197.2, 300
21.0, 179.2, 300
33.0, 194.9, 300
37.0, 190.6, 300
41.0, 194.9, 300
37.0, 182.2, 300
22.0, 185.9, 300
39.0, 181.0, 300
51.0, 188.9, 300
31.0, 187.8, 300
34.0, 186.4, 300
40.0, 184.4, 300
30.0, 172.5, 300
30.0, 189.3, 300
24.0, 181.8, 300
37.0, 186.1, 300
24.0, 192.3, 300
25.0, 187.2, 300
20.0, 176.7, 300
47.0, 186.9, 300
27.0, 186.0, 300
36.0, 172.9, 300
28.0, 166.4, 300
39.0, 191.3, 300
20.0, 182.0, 300
29.0, 186.2, 300
20.0, 197.2, 300
36.0, 179.5, 300
29.0, 173.1, 300
30.0, 192.8, 300
37.0, 193.4, 300
25.0, 188.9, 300
45.0, 158.2, 300
40.0, 185.7, 300
34.0, 193.9, 300
49.0, 176.0, 300
38.0, 185.6, 300
38.0, 188.3, 300
40.0, 173.6, 300
57.0, 181.2, 300
43.0, 185.0, 300
27.0, 190.6, 300
39.0, 184.8, 300
27.0, 178.1, 300
25.0, 188.3, 300
36.0, 168.4, 300
29.0, 114.0, 300
26.0, 181.5, 300
30.0, 177.4, 300
57.0, 161.6, 300
28.0, 184.3, 300
33.0, 171.9, 300
39.0, 196.2, 300
22.0, 184.7, 300
45.0, 180.6, 300
31.0, 166.9, 300
40.0, 181.2, 300
56.0, 179.2, 300
39.0, 172.2, 300
43.0, 181.5, 300
43.0, 184.0, 300
29.0, 169.1, 300
27.0, 180.1, 300
46.0, 186.4, 300
26.999999999999996, 174.8, 300
23.0, 185.3, 300
43.0, 191.1, 300
36.0, 181.6, 300
27.999999999999996, 192.0, 300
34.0, 196.6, 300
19.999999999999996, 172.9, 300
27.0, 191.8, 300
40.0, 197.8, 300
42.0, 190.2, 300
28.0, 188.1, 300
23.0, 188.0, 300
37.0, 198.4, 300
37.0, 191.3, 300
28.0, 191.7, 300
32.0, 177.2, 300
34.0, 190.8, 300
38.0, 181.5, 300
32.0, 199.3, 300
34.0, 173.3, 300
32.0, 185.1, 300
44.0, 178.2, 300
24.0, 175.5, 300
18.999999999999996, 186.8, 300
37.0, 179.5, 300
29.0, 183.5, 300
32.0, 181.6, 300
28.0, 184.6, 300
48.0, 177.1, 300
29.0, 189.6, 300
27.0, 187.8, 300
39.0, 181.5, 300
25.0, 186.9, 300
37.0, 191.2, 300
29.0, 178.1, 300
23.0, 197.8, 300
29.0, 171.8, 300
33.0, 189.2, 300
50.0, 184.2, 300
34.0, 181.4, 300
28.0, 187.8, 300
31.0, 198.0, 300
32.0, 178.6, 300
33.0, 139.4, 300
31.999999999999996, 182.0, 300
24.0, 177.4, 300
43.0, 186.3, 300
35.0, 177.8, 300
32.0, 177.3, 300
36.0, 179.7, 300
45.0, 198.0, 300
22.0, 168.9, 300
42.0, 186.0, 300
28.0, 185.3, 300
42.0, 159.9, 300
20.999999999999996, 159.9, 300
27.0, 166.4, 300
18.999999999999996, 190.1, 300
29.999999999999996, 192.6, 300
44.0, 177.8, 300
35.0, 195.0, 300
23.999999999999996, 186.3, 300
34.0, 182.1, 300
41.0, 186.9, 300
39.0, 195.6, 300
22.999999999999996, 191.7, 300
28.0, 176.1, 300
32.0, 172.4, 300
39.0, 186.8, 300
36.0, 193.5, 300
32.0, 145.1, 300
31.999999999999996, 185.8, 300
36.0, 147.2, 300
20.0, 182.4, 300
34.0, 176.3, 300
30.0, 149.0, 300
44.0, 187.8, 300
36.0, 196.6, 300
38.0, 178.5, 300
39.0, 194.9, 300
45.0, 181.1, 300
33.0, 177.2, 300
32.0, 168.3, 300
23.0, 164.6, 300
21.0, 184.7, 300
32.0, 190.7, 300
33.0, 183.2, 300
21.0, 189.2, 300
26.0, 194.9, 300
26.0, 195.6, 300
29.0, 180.7, 300
35.0, 177.1, 300
41.0, 184.4, 300
30.0, 157.2, 300
30.0, 182.2, 300
28.0, 149.0, 300
38.0, 182.8, 300
38.0, 190.7, 300
24.0, 181.5, 300
28.0, 180.0, 300
33.0, 190.1, 300
30.0, 191.2, 300
35.0, 173.3, 300
70.0, 182.2, 300
29.0, 177.9, 300
47.0, 171.0, 300
37.0, 185.3, 300
36.0, 186.6, 300
28.0, 185.8, 300
36.0, 180.6, 300
30.0, 171.8, 300
25.0, 178.3, 300
27.0, 174.2, 300
27.0, 176.1, 300
31.0, 183.3, 300
40.0, 195.6, 300
25.999999999999996, 179.8, 300
33.0, 201.8, 300
