74.0, 124.0, 120
94.0, 124.0, 120
43.0, 104.6, 120
52.0, 105.1, 120
69.0, 111.80000000000001, 120
38.0, 112.30000000000001, 120
33.0, 129.7, 120
33.0, 126.80000000000001, 120
58.0, 116.1, 120
41.0, 118.0, 120
35.0, 85.8, 120
35.0, 112.69999999999999, 120
63.0, 121.1, 120
123.0, 77.1, 120
40.0, 123.4, 120
29.0, 119.30000000000001, 120
35.0, 118.19999999999999, 120
41.0, 119.9, 120
59.0, 113.4, 120
25.0, 111.69999999999999, 120
38.0, 129.5, 120
26.0, 124.5, 120
31.0, 129.6, 120
34.0, 129.3, 120
105.0, 96.1, 120
38.0, 136.1, 120
55.0, 124.1, 120
31.0, 123.9, 120
31.0, 120.4, 120
50.0, 130.4, 120
24.0, 121.30000000000001, 120
36.0, 122.5, 120
64.0, 125.0, 120
46.0, 98.80000000000001, 120
34.0, 116.0, 120
28.999999999999996, 114.1, 120
39.0, 127.1, 120
38.0, 113.30000000000001, 120
47.0, 113.19999999999999, 120
86.0, 125.4, 120
40.0, 115.19999999999999, 120
44.0, 123.5, 120
28.0, 115.1, 120
42.0, 127.69999999999999, 120
33.0, 108.30000000000001, 120
39.0, 80.2, 120
36.0, 93.30000000000001, 120
30.0, 122.6, 120
33.0, 100.6, 120
27.0, 109.6, 120
28.0, 138.9, 120
35.0, 137.8, 120
49.0, 123.80000000000001, 120
41.0, 122.80000000000001, 120
41.0, 124.0, 120
48.0, 131.5, 120
53.0, 102.9, 120
56.0, 121.0, 120
47.0, 122.1, 120
39.0, 116.0, 120
109.0, 89.9, 120
139.0, 94.1, 120
37.0, 115.19999999999999, 120
40.0, 125.19999999999999, 120
46.0, 118.4, 120
37.0, 112.69999999999999, 120
38.0, 114.69999999999999, 120
33.0, 117.0, 120
44.0, 123.4, 120
39.0, 95.1, 120
32.0, 125.30000000000001, 120
33.0, 113.80000000000001, 120
42.0, 104.4, 120
30.0, 121.1, 120
70.0, 117.4, 120
65.0, 129.4, 120
34.0, 114.69999999999999, 120
95.0, 123.80000000000001, 120
28.0, 114.19999999999999, 120
36.0, 135.3, 120
29.0, 79.9, 120
44.0, 125.0, 120
32.0, 123.80000000000001, 120
75.0, 119.30000000000001, 120
104.0, 107.80000000000001, 120
36.0, 117.1, 120
23.999999999999996, 118.69999999999999, 120
38.0, 118.80000000000001, 120
35.0, 129.9, 120
34.0, 117.80000000000001, 120
46.0, 118.9, 120
34.0, 125.0, 120
52.0, 118.30000000000001, 120
71.0, 116.19999999999999, 120
74.0, 125.80000000000001, 120
30.0, 127.19999999999999, 120
71.0, 126.1, 120
29.999999999999996, 109.6, 120
50.0, 117.4, 120
34.0, 115.1, 120
63.0, 85.8, 120
39.0, 127.19999999999999, 120
25.0, 102.5, 120
33.0, 115.69999999999999, 120
28.0, 127.9, 120
35.0, 126.80000000000001, 120
99.0, 102.4, 120
35.0, 123.19999999999999, 120
39.0, 122.4, 120
43.0, 109.6, 120
86.0, 112.0, 120
108.0, 95.9, 120
31.0, 121.1, 120
50.0, 135.3, 120
47.0, 39.5, 120
37.0, 123.4, 120
37.0, 89.0, 120
39.0, 107.9, 120
80.0, 81.3, 120
44.0, 128.8, 120
100.99999999999999, 97.0, 120
34.0, 122.30000000000001, 120
42.0, 96.4, 120
39.0, 110.80000000000001, 120
37.0, 117.6, 120
45.0, 115.80000000000001, 120
35.0, 96.6, 120
31.0, 125.19999999999999, 120
33.0, 102.4, 120
43.0, 115.80000000000001, 120
31.0, 119.30000000000001, 120
44.0, 125.4, 120
26.0, 122.9, 120
59.0, 109.30000000000001, 120
33.0, 122.19999999999999, 120
40.0, 122.80000000000001, 120
103.0, 121.1, 120
40.0, 117.4, 120
48.0, 113.4, 120
35.0, 88.6, 120
52.0, 105.1, 120
49.0, 103.30000000000001, 120
26.0, 127.6, 120
37.0, 95.1, 120
34.0, 117.1, 120
43.0, 109.30000000000001, 120
39.0, 121.1, 120
31.0, 113.4, 120
32.0, 102.4, 120
34.0, 117.5, 120
88.0, 117.4, 120
38.0, 50.0, 120
30.0, 123.0, 120
28.0, 117.4, 120
35.0, 128.1, 120
31.0, 123.80000000000001, 120
38.0, 128.0, 120
29.0, 93.30000000000001, 120
44.0, 111.69999999999999, 120
68.0, 130.9, 120
81.0, 119.30000000000001, 120
29.0, 121.69999999999999, 120
47.0, 124.80000000000001, 120
30.0, 122.6, 120
35.0, 117.30000000000001, 120
46.0, 121.19999999999999, 120
45.0, 116.19999999999999, 120
42.0, 117.30000000000001, 120
92.99999999999999, 123.69999999999999, 120
39.0, 118.9, 120
65.0, 129.7, 120
36.0, 113.0, 120
31.0, 121.9, 120
32.0, 126.6, 120
33.0, 121.0, 120
45.0, 112.1, 120
76.0, 125.6, 120
38.0, 123.19999999999999, 120
32.0, 131.5, 120
34.0, 104.9, 120
45.0, 42.099999999999994, 120
43.0, 125.4, 120
44.0, 122.19999999999999, 120
37.0, 106.30000000000001, 120
41.0, 120.9, 120
83.99999999999999, 116.1, 120
30.0, 117.19999999999999, 120
43.0, 124.9, 120
77.0, 112.30000000000001, 120
42.0, 125.80000000000001, 120
38.0, 102.9, 120
34.0, 123.69999999999999, 120
38.0, 121.80000000000001, 120
76.0, 117.5, 120
36.0, 108.30000000000001, 120
40.0, 122.6, 120
34.0, 109.1, 120
39.0, 117.0, 120
33.0, 132.6, 120
28.0, 126.69999999999999, 120
45.0, 105.1, 120
73.0, 122.5, 120
36.0, 127.80000000000001, 120
26.0, 71.6, 120
37.0, 119.69999999999999, 120
39.0, 77.1, 120
40.0, 117.80000000000001, 120
42.0, 108.80000000000001, 120
35.0, 106.1, 120
29.0, 114.6, 120
42.0, 98.4, 120
32.0, 125.5, 120
104.0, 111.80000000000001, 120
44.0, 104.30000000000001, 120
42.0, 122.5, 120
33.0, 123.19999999999999, 120
35.0, 127.1, 120
36.0, 111.69999999999999, 120
42.0, 113.9, 120
46.0, 117.69999999999999, 120
24.0, 115.19999999999999, 120
46.0, 121.5, 120
33.0, 127.4, 120
60.0, 120.5, 120
39.0, 118.19999999999999, 120
30.0, 128.8, 120
25.0, 137.8, 120
41.0, 117.5, 120
77.0, 124.0, 120
35.0, 112.69999999999999, 120
41.0, 119.30000000000001, 120
36.0, 113.4, 120
38.0, 119.4, 120
19.999999999999996, 124.5, 120
32.0, 118.80000000000001, 120
42.0, 120.4, 120
27.999999999999996, 126.19999999999999, 120
51.0, 117.30000000000001, 120
43.0, 120.0, 120
47.0, 122.30000000000001, 120
28.0, 104.30000000000001, 120
24.0, 119.19999999999999, 120
27.0, 116.0, 120
43.0, 134.5, 120
59.0, 125.69999999999999, 120
74.0, 126.6, 120
21.999999999999996, 118.4, 120
93.0, 100.6, 120
30.0, 118.30000000000001, 120
39.0, 120.80000000000001, 120
72.0, 115.30000000000001, 120
63.0, 131.5, 120
38.0, 119.9, 120
31.0, 113.5, 120
52.0, 117.30000000000001, 120
45.0, 122.30000000000001, 120
25.0, 118.4, 120
28.0, 124.9, 120
31.0, 122.5, 120
33.0, 121.9, 120
35.0, 130.9, 120
21.0, 118.1, 120
22.0, 120.19999999999999, 120
33.0, 121.0, 120
35.0, 117.30000000000001, 120
31.0, 136.1, 120
21.0, 125.0, 120
47.0, 131.3, 120
38.0, 127.0, 120
43.0, 131.5, 120
48.0, 85.0, 120
33.0, 113.4, 120
30.0, 117.80000000000001, 120
42.0, 81.3, 120
42.0, 118.30000000000001, 120
83.99999999999999, 125.30000000000001, 120
36.0, 134.0, 120
35.0, 126.6, 120
44.0, 117.5, 120
45.0, 112.1, 120
49.0, 121.0, 120
33.0, 125.80000000000001, 120
39.0, 116.0, 120
45.0, 116.0, 120
34.0, 119.1, 120
29.0, 118.1, 120
41.0, 123.0, 120
26.0, 126.1, 120
47.0, 117.5, 120
37.0, 117.1, 120
42.0, 129.4, 120
38.0, 121.19999999999999, 120
49.0, 117.5, 120
36.0, 112.4, 120
36.0, 123.5, 120
61.0, 129.3, 120
29.0, 80.2, 120
28.0, 112.4, 120
33.0, 127.9, 120
66.0, 120.1, 120
55.0, 120.9, 120
29.0, 115.1, 120
46.0, 135.1, 120
33.0, 127.30000000000001, 120
38.0, 120.0, 120
41.0, 119.0, 120
32.0, 102.9, 120
40.0, 107.0, 120
40.0, 113.5, 120
44.0, 104.30000000000001, 120
82.0, 103.80000000000001, 120
53.0, 134.0, 120
32.0, 123.4, 120
44.0, 121.5, 120
35.0, 124.9, 120
25.0, 117.80000000000001, 120
35.0, 122.30000000000001, 120
35.0, 122.0, 120
48.0, 121.9, 120
31.0, 116.0, 120
45.0, 118.19999999999999, 120
73.0, 118.0, 120
41.0, 123.80000000000001, 120
43.0, 119.30000000000001, 120
36.0, 122.19999999999999, 120
37.0, 125.5, 120
44.0, 129.4, 120
28.0, 121.9, 120
46.0, 122.9, 120
38.0, 113.1, 120
37.0, 120.0, 120
45.0, 81.3, 120
32.0, 111.5, 120
27.0, 117.6, 120
37.0, 122.30000000000001, 120
43.0, 127.19999999999999, 120
66.0, 122.30000000000001, 120
34.0, 96.4, 120
72.0, 111.80000000000001, 120
32.0, 120.9, 120
33.0, 127.19999999999999, 120
45.0, 131.5, 120
29.0, 109.6, 120
27.0, 127.19999999999999, 120
36.0, 123.9, 120
39.0, 105.6, 120
36.0, 114.80000000000001, 120
80.0, 121.0, 120
32.0, 134.5, 120
38.0, 110.19999999999999, 120
32.0, 115.80000000000001, 120
42.0, 127.4, 120
27.0, 102.5, 120
32.0, 120.30000000000001, 120
49.0, 131.5, 120
45.0, 124.80000000000001, 120
22.999999999999996, 114.80000000000001, 120
29.0, 113.0, 120
37.0, 122.30000000000001, 120
22.0, 131.0, 120
37.0, 112.30000000000001, 120
31.0, 127.1, 120
33.0, 124.80000000000001, 120
39.0, 88.6, 120
86.99999999999999, 132.1, 120
26.0, 118.19999999999999, 120
66.0, 123.80000000000001, 120
28.0, 123.5, 120
33.0, 126.6, 120
38.0, 128.0, 120
33.0, 131.8, 120
39.0, 121.30000000000001, 120
37.0, 127.19999999999999, 120
34.0, 125.9, 120
45.0, 128.0, 120
31.0, 119.4, 120
36.0, 125.5, 120
26.0, 97.19999999999999, 120
39.0, 116.0, 120
60.0, 104.4, 120
19.999999999999996, 42.099999999999994, 120
33.0, 125.80000000000001, 120
31.0, 127.30000000000001, 120
39.0, 129.5, 120
40.0, 125.30000000000001, 120
32.0, 116.1, 120
44.0, 126.6, 120
42.0, 120.0, 120
39.0, 120.9, 120
37.0, 126.1, 120
41.0, 108.5, 120
36.0, 130.9, 120
30.0, 116.0, 120
28.0, 119.1, 120
34.0, 115.80000000000001, 120
25.0, 119.9, 120
50.0, 117.0, 120
82.99999999999999, 116.30000000000001, 120
27.999999999999996, 122.5, 120
35.0, 117.30000000000001, 120
75.0, 108.30000000000001, 120
35.0, 102.5, 120
28.0, 120.30000000000001, 120
38.0, 124.9, 120
34.0, 128.3, 120
48.0, 123.6, 120
50.0, 113.0, 120
38.0, 128.2, 120
60.0, 85.8, 120
28.999999999999996, 118.30000000000001, 120
40.0, 113.4, 120
25.0, 106.1, 120
30.0, 128.2, 120
41.0, 119.1, 120
40.0, 122.0, 120
27.0, 117.1, 120
37.0, 126.80000000000001, 120
28.0, 125.19999999999999, 120
29.0, 120.5, 120
46.0, 134.0, 120
37.0, 119.6, 120
48.0, 119.1, 120
36.0, 122.30000000000001, 120
33.0, 126.6, 120
42.0, 113.19999999999999, 120
41.0, 122.80000000000001, 120
30.0, 116.6, 120
31.0, 120.69999999999999, 120
80.0, 122.4, 120
34.0, 104.30000000000001, 120
33.0, 104.9, 120
29.0, 121.4, 120
28.0, 123.5, 120
23.0, 114.19999999999999, 120
26.0, 114.30000000000001, 120
38.0, 129.9, 120
61.0, 137.8, 120
42.0, 122.5, 120
28.0, 116.0, 120
42.0, 118.30000000000001, 120
34.0, 126.1, 120
27.0, 118.30000000000001, 120
38.0, 126.1, 120
29.0, 128.6, 120
25.0, 124.0, 120
29.0, 118.0, 120
43.0, 114.69999999999999, 120
37.0, 126.6, 120
91.0, 115.69999999999999, 120
37.0, 102.9, 120
38.0, 117.5, 120
50.0, 117.30000000000001, 120
33.0, 117.0, 120
41.0, 117.5, 120
91.0, 116.1, 120
39.0, 104.30000000000001, 120
35.0, 127.6, 120
34.0, 120.6, 120
39.0, 122.30000000000001, 120
35.0, 126.6, 120
37.0, 118.1, 120
36.0, 71.6, 120
49.0, 121.30000000000001, 120
41.0, 120.9, 120
29.0, 120.19999999999999, 120
30.0, 117.4, 120
28.0, 102.9, 120
44.0, 124.0, 120
47.0, 103.80000000000001, 120
32.0, 76.9, 120
22.0, 119.0, 120
33.0, 116.0, 120
30.0, 128.0, 120
42.0, 126.19999999999999, 120
38.0, 127.4, 120
35.0, 114.4, 120
53.0, 110.19999999999999, 120
29.0, 117.1, 120
30.0, 104.9, 120
35.0, 121.69999999999999, 120
66.0, 121.19999999999999, 120
28.0, 121.5, 120
38.0, 128.3, 120
28.0, 104.4, 120
51.0, 111.5, 120
33.0, 113.1, 120
35.0, 102.5, 120
33.0, 123.4, 120
28.999999999999996, 110.80000000000001, 120
29.999999999999996, 126.69999999999999, 120
50.0, 122.30000000000001, 120
40.0, 121.4, 120
29.0, 123.9, 120
93.0, 124.69999999999999, 120
38.0, 100.19999999999999, 120
28.0, 119.4, 120
42.0, 120.6, 120
34.0, 120.30000000000001, 120
79.0, 93.19999999999999, 120
40.0, 133.7, 140
44.0, 141.9, 140
30.0, 143.7, 140
38.0, 142.5, 140
34.0, 136.5, 140
29.0, 140.9, 140
40.0, 153.5, 140
37.0, 135.0, 140
42.0, 142.8, 140
25.0, 136.8, 140
42.0, 141.3, 140
30.0, 130.1, 140
46.0, 131.3, 140
38.0, 138.1, 140
26.0, 119.30000000000001, 140
42.0, 136.4, 140
28.0, 95.9, 140
37.0, 141.3, 140
41.0, 131.4, 140
45.0, 148.3, 140
43.0, 133.6, 140
49.0, 144.6, 140
34.0, 137.2, 140
28.0, 142.3, 140
54.0, 147.8, 140
23.0, 135.0, 140
24.0, 148.9, 140
22.0, 134.2, 140
75.0, 139.4, 140
42.0, 139.6, 140
30.0, 144.6, 140
41.0, 139.0, 140
28.0, 138.7, 140
35.0, 127.30000000000001, 140
37.0, 146.3, 140
66.0, 135.6, 140
45.0, 132.1, 140
39.0, 108.9, 140
39.0, 144.0, 140
42.0, 135.0, 140
40.0, 143.9, 140
23.0, 146.0, 140
30.0, 139.0, 140
24.0, 140.8, 140
30.0, 137.9, 140
47.0, 137.4, 140
25.0, 144.4, 140
31.0, 145.4, 140
29.0, 130.9, 140
35.0, 139.8, 140
32.0, 133.7, 140
46.0, 132.2, 140
68.0, 146.4, 140
29.0, 141.2, 140
40.0, 150.6, 140
34.0, 133.9, 140
24.0, 147.8, 140
30.0, 141.1, 140
27.0, 147.3, 140
40.0, 153.8, 140
29.0, 138.4, 140
40.0, 146.3, 140
25.0, 143.3, 140
37.0, 138.1, 140
36.0, 142.9, 140
20.999999999999996, 138.3, 140
28.0, 134.2, 140
36.0, 130.8, 140
83.0, 137.3, 140
39.0, 144.8, 140
34.0, 136.3, 140
35.0, 136.0, 140
22.0, 139.2, 140
26.0, 138.6, 140
36.0, 124.1, 140
36.0, 133.2, 140
39.0, 149.4, 140
36.0, 136.0, 140
30.0, 140.9, 140
44.0, 114.1, 140
34.0, 135.7, 140
29.0, 116.6, 140
33.0, 136.1, 140
46.0, 141.3, 140
48.0, 137.2, 140
28.0, 147.8, 140
41.0, 137.0, 140
27.0, 135.6, 140
47.0, 143.9, 140
40.0, 141.6, 140
74.0, 148.1, 140
42.0, 142.1, 140
33.0, 139.9, 140
41.0, 148.6, 140
39.0, 124.0, 140
33.0, 141.2, 140
36.0, 131.4, 140
42.0, 148.3, 140
38.0, 135.6, 140
27.0, 136.4, 140
36.0, 151.4, 140
43.0, 145.3, 140
32.0, 146.6, 140
31.0, 137.2, 140
40.0, 135.0, 140
23.0, 136.3, 140
33.0, 148.8, 140
44.0, 144.1, 140
27.999999999999996, 114.9, 140
30.0, 138.3, 140
42.0, 142.4, 140
33.0, 145.1, 140
31.0, 140.9, 140
37.0, 133.0, 140
28.0, 140.9, 140
43.0, 138.1, 140
37.0, 142.4, 140
36.0, 142.7, 140
36.0, 143.9, 140
29.0, 127.9, 140
29.0, 133.2, 140
36.0, 133.2, 140
43.0, 132.0, 140
30.0, 127.9, 140
35.0, 132.4, 140
34.0, 125.1, 140
32.0, 121.9, 140
31.0, 121.80000000000001, 140
55.0, 137.2, 140
73.0, 146.8, 140
39.0, 96.1, 140
26.0, 139.6, 140
30.0, 139.9, 140
34.0, 137.2, 140
23.0, 138.9, 140
36.0, 136.6, 140
30.0, 130.1, 140
31.0, 128.3, 140
30.0, 112.19999999999999, 140
31.0, 134.3, 140
35.0, 131.0, 140
39.0, 131.8, 140
35.0, 126.9, 140
40.0, 137.2, 140
45.0, 139.9, 140
34.0, 128.6, 140
27.0, 132.9, 140
34.0, 149.9, 140
24.999999999999996, 130.7, 140
49.0, 140.3, 140
42.0, 144.8, 140
35.0, 124.0, 140
27.0, 144.0, 140
80.0, 144.8, 140
67.0, 146.2, 140
45.0, 102.1, 140
38.0, 134.7, 140
23.999999999999996, 136.0, 140
77.0, 137.8, 140
60.0, 127.9, 140
30.0, 152.2, 140
33.0, 153.4, 140
42.0, 132.1, 140
38.0, 138.1, 140
32.0, 140.6, 140
29.0, 141.9, 140
35.0, 132.9, 140
29.0, 100.3, 140
40.0, 149.4, 140
39.0, 99.2, 140
34.0, 148.1, 140
31.0, 145.7, 140
30.0, 133.3, 140
48.0, 130.7, 140
34.0, 142.2, 140
34.0, 141.5, 140
37.0, 135.6, 140
29.0, 119.19999999999999, 140
31.0, 133.4, 140
38.0, 137.5, 140
37.0, 135.1, 140
87.0, 139.7, 140
43.0, 115.6, 140
45.0, 143.9, 140
42.0, 136.4, 140
28.0, 136.4, 140
26.0, 131.7, 140
33.0, 157.3, 140
35.0, 127.0, 140
26.0, 132.9, 140
22.0, 153.0, 140
39.0, 152.2, 140
42.0, 134.5, 140
83.0, 138.4, 140
32.0, 148.9, 140
27.999999999999996, 132.6, 140
34.0, 132.2, 140
37.0, 125.1, 140
29.0, 145.1, 140
33.0, 139.0, 140
45.0, 136.3, 140
24.0, 143.0, 140
33.0, 153.0, 140
30.0, 140.4, 140
91.0, 141.5, 140
40.0, 138.4, 140
35.0, 135.1, 140
31.0, 144.6, 140
41.0, 132.1, 140
61.0, 139.2, 140
42.0, 108.0, 140
28.0, 119.6, 140
30.0, 134.8, 140
30.0, 138.7, 140
30.0, 141.4, 140
44.0, 133.6, 140
24.0, 149.4, 140
39.0, 141.2, 140
35.0, 61.099999999999994, 140
40.0, 138.1, 140
26.0, 140.1, 140
35.0, 139.3, 140
31.0, 124.80000000000001, 140
35.0, 138.7, 140
38.0, 90.6, 140
43.0, 149.4, 140
30.0, 140.9, 140
42.0, 142.8, 140
67.0, 116.6, 140
22.0, 142.0, 140
24.0, 148.7, 140
29.999999999999996, 133.6, 140
29.0, 141.6, 140
44.0, 116.6, 140
77.0, 134.1, 140
41.0, 115.5, 140
42.0, 146.1, 140
45.0, 137.5, 140
36.0, 137.8, 140
23.0, 147.0, 140
48.0, 135.6, 140
24.0, 136.8, 140
32.0, 148.3, 140
37.0, 137.0, 140
45.0, 144.9, 140
42.0, 136.4, 140
41.0, 146.0, 140
35.0, 133.9, 140
24.0, 156.8, 140
43.0, 137.2, 140
32.0, 137.4, 140
34.0, 137.2, 140
28.0, 147.3, 140
45.0, 136.5, 140
42.0, 136.5, 140
28.0, 134.1, 140
36.0, 130.1, 140
36.0, 146.3, 140
34.0, 150.0, 140
31.0, 154.1, 140
29.0, 137.8, 140
34.0, 102.2, 140
41.0, 148.6, 140
25.0, 136.4, 140
29.0, 151.1, 140
46.0, 145.7, 140
33.0, 143.1, 140
50.0, 129.8, 140
31.0, 143.3, 140
73.0, 150.3, 140
41.0, 134.5, 140
35.0, 136.3, 140
77.0, 136.1, 140
44.0, 132.9, 140
42.0, 141.5, 140
44.0, 142.8, 140
45.0, 138.3, 140
31.0, 138.3, 140
33.0, 106.4, 140
36.0, 139.1, 140
33.0, 135.0, 140
33.0, 150.6, 140
81.0, 151.2, 140
36.0, 124.30000000000001, 140
42.0, 141.0, 140
82.0, 146.3, 140
32.0, 136.0, 140
37.0, 134.3, 140
34.0, 142.6, 140
31.0, 126.0, 140
27.0, 69.0, 140
84.0, 139.7, 140
37.0, 140.2, 140
42.0, 129.0, 140
25.0, 147.8, 140
25.0, 146.3, 140
39.0, 145.7, 140
30.0, 121.5, 140
36.0, 141.3, 140
41.0, 138.4, 140
32.0, 127.0, 140
41.0, 140.7, 140
76.0, 127.4, 140
46.0, 145.6, 140
33.0, 100.3, 140
38.0, 131.3, 140
45.0, 133.9, 140
31.999999999999996, 136.1, 140
51.0, 133.1, 140
39.0, 144.5, 140
44.0, 139.7, 140
41.0, 136.1, 140
22.0, 121.5, 140
43.0, 140.3, 140
29.0, 134.5, 140
49.0, 144.1, 140
34.0, 145.7, 140
44.0, 132.2, 140
30.0, 144.9, 140
40.0, 137.1, 140
23.0, 143.3, 140
90.0, 138.1, 140
26.0, 150.6, 140
23.0, 139.7, 140
30.0, 136.5, 140
21.999999999999996, 134.1, 140
89.0, 133.0, 140
28.0, 145.1, 140
28.0, 143.3, 140
31.0, 148.3, 140
43.0, 148.9, 140
32.0, 142.1, 140
37.0, 146.3, 140
38.0, 134.1, 140
27.0, 139.4, 140
21.0, 135.1, 140
28.0, 134.8, 140
26.0, 138.1, 140
39.0, 136.1, 140
31.0, 149.4, 140
82.0, 135.0, 140
43.0, 130.5, 140
25.0, 121.80000000000001, 140
33.0, 139.7, 140
78.0, 140.4, 140
41.0, 98.9, 140
36.0, 140.3, 140
36.0, 137.2, 140
35.0, 134.1, 140
46.0, 143.7, 140
26.0, 142.2, 140
42.0, 144.0, 140
46.0, 141.0, 140
41.0, 146.1, 140
38.0, 140.3, 140
85.0, 150.6, 140
45.0, 138.7, 140
31.0, 135.1, 140
31.0, 137.0, 140
44.0, 119.6, 140
79.0, 144.8, 140
38.0, 127.4, 140
40.0, 144.8, 140
34.0, 144.8, 140
48.0, 142.8, 140
31.0, 152.1, 140
28.0, 116.19999999999999, 140
82.0, 146.4, 140
31.0, 140.6, 140
31.0, 138.6, 140
36.0, 135.2, 140
36.0, 143.0, 140
34.0, 124.0, 140
31.0, 146.9, 140
26.0, 135.1, 140
26.0, 139.9, 140
30.999999999999996, 144.1, 140
33.0, 122.30000000000001, 140
28.0, 142.2, 140
31.0, 143.0, 140
39.0, 148.8, 140
39.0, 129.2, 140
28.0, 144.9, 140
43.0, 146.1, 140
34.0, 142.8, 140
31.0, 139.9, 140
40.0, 145.7, 140
31.0, 143.5, 140
48.0, 123.6, 140
25.999999999999996, 132.6, 140
34.0, 142.1, 140
34.0, 114.1, 140
40.0, 153.5, 140
43.0, 94.4, 140
32.0, 71.2, 140
31.0, 136.0, 140
42.0, 146.1, 140
37.0, 134.2, 140
34.0, 133.3, 140
42.0, 104.8, 140
33.0, 145.3, 140
25.0, 140.0, 140
30.0, 144.5, 140
26.0, 133.7, 140
46.0, 145.7, 140
18.0, 132.5, 140
29.0, 145.4, 140
30.0, 148.3, 140
35.0, 141.6, 140
42.0, 133.2, 140
31.0, 132.9, 140
18.999999999999996, 127.80000000000001, 140
42.0, 137.0, 140
37.0, 145.8, 140
27.0, 143.6, 140
47.0, 148.6, 140
45.0, 123.6, 140
35.0, 138.1, 140
21.0, 144.6, 140
41.0, 142.9, 140
29.0, 146.3, 140
32.0, 142.1, 140
34.0, 137.8, 140
28.0, 135.0, 140
43.0, 149.9, 140
38.0, 127.5, 140
25.0, 142.8, 140
70.0, 141.3, 140
26.0, 136.4, 140
38.0, 136.5, 140
28.999999999999996, 124.6, 140
42.0, 147.9, 140
32.0, 142.8, 140
23.0, 133.9, 140
32.0, 122.80000000000001, 140
47.0, 129.0, 140
42.0, 140.7, 140
33.0, 134.7, 140
60.0, 124.0, 140
37.0, 153.5, 140
79.0, 147.0, 140
28.0, 140.0, 140
37.0, 138.0, 140
22.0, 144.0, 140
69.0, 139.0, 140
41.0, 144.5, 140
45.0, 98.9, 140
43.0, 145.7, 140
29.0, 136.8, 140
39.0, 136.5, 140
27.0, 143.0, 140
37.0, 146.4, 140
29.0, 127.5, 140
39.0, 136.1, 140
42.0, 130.7, 140
25.0, 133.4, 140
44.0, 130.7, 140
37.0, 144.2, 140
44.0, 135.0, 140
41.0, 134.3, 140
28.0, 133.9, 140
31.0, 146.3, 140
40.0, 141.1, 140
26.0, 135.0, 140
42.0, 133.7, 140
34.0, 141.6, 140
33.0, 143.7, 140
36.0, 139.7, 140
39.0, 146.7, 140
38.0, 135.7, 140
41.0, 146.6, 140
73.0, 146.4, 140
27.0, 135.0, 140
51.0, 141.1, 140
32.0, 71.2, 140
36.0, 139.7, 140
38.0, 133.8, 140
48.0, 143.0, 140
30.0, 144.0, 140
29.0, 135.6, 140
39.0, 147.9, 140
75.0, 117.80000000000001, 140
28.0, 139.2, 140
30.0, 131.7, 140
25.999999999999996, 135.7, 140
21.999999999999996, 113.19999999999999, 140
23.999999999999996, 139.8, 140
36.0, 144.0, 140
22.0, 140.9, 140
32.0, 143.5, 140
45.0, 147.3, 140
37.0, 140.6, 140
29.0, 141.8, 140
22.0, 147.3, 140
35.0, 156.8, 140
31.0, 141.3, 140
41.0, 123.30000000000001, 140
67.0, 139.8, 140
38.0, 136.0, 140
41.0, 157.3, 140
35.0, 124.6, 140
30.0, 145.7, 140
78.0, 139.3, 140
27.0, 144.7, 140
46.0, 144.2, 140
30.0, 134.8, 140
51.0, 140.0, 140
25.0, 140.5, 140
26.0, 143.1, 140
27.999999999999996, 123.4, 140
40.0, 141.0, 140
41.0, 145.7, 140
35.0, 130.7, 140
37.0, 134.3, 140
34.0, 102.2, 140
30.0, 146.1, 140
31.0, 144.6, 140
22.0, 135.0, 140
30.0, 146.9, 140
46.0, 126.80000000000001, 140
40.0, 131.7, 140
36.0, 149.4, 140
78.0, 135.0, 140
34.0, 132.8, 140
44.0, 143.5, 140
38.0, 126.80000000000001, 140
41.0, 138.6, 140
35.0, 135.1, 140
40.0, 137.2, 140
36.0, 151.6, 140
44.0, 133.1, 140
28.0, 145.6, 140
32.0, 140.4, 140
28.0, 150.8, 140
46.0, 138.1, 140
31.0, 127.4, 140
31.0, 141.9, 140
43.0, 136.5, 140
20.999999999999996, 154.3, 140
43.0, 138.1, 140
34.0, 134.7, 140
34.0, 136.0, 140
26.0, 139.4, 140
28.0, 94.4, 140
28.0, 146.1, 140
41.0, 150.6, 140
41.0, 116.0, 140
39.0, 146.9, 140
29.0, 133.2, 140
31.0, 131.7, 140
34.0, 145.2, 140
25.999999999999996, 142.3, 140
37.0, 145.1, 140
23.0, 136.4, 140
80.0, 127.5, 140
35.0, 144.2, 140
31.0, 146.9, 140
23.0, 147.8, 140
23.0, 129.8, 140
40.0, 137.2, 140
40.0, 139.3, 140
37.0, 132.0, 140
29.0, 138.3, 140
31.0, 131.4, 140
46.0, 141.8, 140
30.0, 135.0, 140
44.0, 157.9, 140
27.0, 149.1, 140
76.0, 143.5, 140
28.0, 136.8, 140
28.0, 146.9, 140
36.0, 141.2, 140
37.0, 137.4, 140
42.0, 115.6, 140
33.0, 145.1, 140
39.0, 141.3, 140
35.0, 135.0, 140
26.0, 144.6, 140
23.0, 137.2, 140
29.0, 144.5, 140
33.0, 134.3, 140
48.0, 145.6, 140
39.0, 135.0, 140
19.999999999999996, 146.6, 140
36.0, 143.7, 140
39.0, 112.19999999999999, 140
38.0, 140.5, 140
40.0, 138.3, 140
36.0, 131.7, 140
29.0, 140.4, 140
28.0, 136.5, 140
46.0, 133.4, 140
28.0, 140.8, 140
37.0, 100.3, 140
27.0, 140.4, 140
33.0, 127.80000000000001, 140
79.0, 144.7, 140
40.0, 142.4, 140
30.0, 140.9, 140
30.0, 137.0, 140
26.0, 146.8, 160
33.0, 164.1, 160
23.0, 162.3, 160
33.0, 155.8, 160
30.0, 170.2, 160
49.0, 143.0, 160
45.0, 160.6, 160
35.0, 160.2, 160
29.0, 158.5, 160
36.0, 90.2, 160
27.0, 159.2, 160
33.0, 127.0, 160
33.0, 157.4, 160
25.0, 146.5, 160
38.0, 159.1, 160
24.0, 155.0, 160
34.0, 134.8, 160
30.0, 146.2, 160
29.0, 155.0, 160
27.0, 131.3, 160
26.0, 155.1, 160
40.0, 151.1, 160
42.0, 153.5, 160
30.0, 168.4, 160
51.0, 152.9, 160
44.0, 152.1, 160
45.0, 140.4, 160
36.0, 158.9, 160
44.0, 164.1, 160
32.0, 158.7, 160
35.0, 135.2, 160
32.0, 151.4, 160
28.0, 160.8, 160
42.0, 150.6, 160
28.0, 154.0, 160
28.0, 166.0, 160
34.0, 152.4, 160
35.0, 154.1, 160
33.0, 162.7, 160
68.0, 158.6, 160
36.0, 150.4, 160
36.0, 158.9, 160
41.0, 164.7, 160
32.0, 151.4, 160
47.0, 161.4, 160
28.0, 140.5, 160
34.0, 167.9, 160
45.0, 150.0, 160
42.0, 151.3, 160
28.0, 165.7, 160
30.0, 150.4, 160
31.0, 77.5, 160
36.0, 165.6, 160
19.0, 134.5, 160
65.0, 152.2, 160
27.0, 151.2, 160
24.0, 153.8, 160
39.0, 153.1, 160
34.0, 165.6, 160
28.0, 166.6, 160
37.0, 156.8, 160
48.0, 159.8, 160
40.0, 166.3, 160
44.0, 160.5, 160
42.0, 155.2, 160
36.0, 146.2, 160
42.0, 166.3, 160
42.0, 149.8, 160
28.0, 157.6, 160
37.0, 158.6, 160
42.0, 160.8, 160
25.0, 158.1, 160
46.0, 160.3, 160
28.0, 150.4, 160
40.0, 167.8, 160
28.0, 156.2, 160
37.0, 165.1, 160
26.0, 159.3, 160
28.0, 150.1, 160
26.0, 163.9, 160
41.0, 162.6, 160
35.0, 159.1, 160
30.0, 149.9, 160
43.0, 157.1, 160
60.0, 153.2, 160
27.0, 152.0, 160
41.0, 162.1, 160
40.0, 154.6, 160
55.0, 167.7, 160
36.0, 153.2, 160
23.0, 156.8, 160
43.0, 157.6, 160
44.0, 154.2, 160
19.0, 153.7, 160
39.0, 133.0, 160
31.0, 154.6, 160
40.0, 168.4, 160
24.0, 168.4, 160
40.0, 159.3, 160
36.0, 147.3, 160
36.0, 149.9, 160
25.0, 153.7, 160
38.0, 161.8, 160
27.0, 157.5, 160
29.0, 140.9, 160
36.0, 166.8, 160
40.0, 165.2, 160
36.0, 117.9, 160
49.0, 161.6, 160
36.0, 138.6, 160
26.0, 152.2, 160
35.0, 160.5, 160
36.0, 165.3, 160
23.0, 172.5, 160
41.0, 163.5, 160
33.0, 165.3, 160
29.0, 152.2, 160
36.0, 131.3, 160
56.0, 155.4, 160
35.0, 164.8, 160
46.0, 153.2, 160
39.0, 157.4, 160
42.0, 88.0, 160
38.0, 165.2, 160
43.0, 164.1, 160
40.0, 164.2, 160
59.0, 142.3, 160
48.0, 155.0, 160
32.0, 158.7, 160
25.0, 115.1, 160
29.0, 173.5, 160
33.0, 150.7, 160
70.0, 142.4, 160
39.0, 164.7, 160
27.0, 149.8, 160
31.0, 131.3, 160
40.0, 162.8, 160
29.0, 161.7, 160
40.0, 165.0, 160
29.0, 145.8, 160
38.0, 166.8, 160
29.0, 135.2, 160
70.0, 152.2, 160
35.0, 159.6, 160
22.0, 163.2, 160
48.0, 158.7, 160
44.0, 155.5, 160
34.0, 158.7, 160
42.0, 166.0, 160
29.0, 156.8, 160
29.0, 162.7, 160
32.0, 160.1, 160
29.0, 160.9, 160
28.0, 157.1, 160
39.0, 158.7, 160
34.0, 134.5, 160
39.0, 152.2, 160
51.0, 166.8, 160
40.0, 152.4, 160
34.0, 169.6, 160
37.0, 77.5, 160
29.0, 140.4, 160
38.0, 155.6, 160
44.0, 152.6, 160
61.0, 159.6, 160
17.0, 158.3, 160
51.0, 165.3, 160
45.0, 158.9, 160
35.0, 157.1, 160
39.0, 154.0, 160
60.0, 158.6, 160
41.0, 152.7, 160
40.0, 169.6, 160
28.0, 151.5, 160
32.0, 153.1, 160
39.0, 140.4, 160
33.0, 146.3, 160
32.0, 148.8, 160
31.0, 155.4, 160
31.0, 156.2, 160
42.0, 173.5, 160
42.0, 165.2, 160
40.0, 157.3, 160
31.0, 167.7, 160
46.0, 163.7, 160
15.0, 128.0, 160
43.0, 148.2, 160
38.0, 155.3, 160
46.0, 127.9, 160
24.0, 164.8, 160
34.0, 167.7, 160
28.0, 159.3, 160
34.0, 156.4, 160
31.0, 155.1, 160
36.0, 161.9, 160
35.0, 140.9, 160
38.0, 159.7, 160
34.0, 163.7, 160
38.0, 163.0, 160
30.0, 170.2, 160
38.0, 159.0, 160
33.0, 142.6, 160
35.0, 161.0, 160
40.0, 157.3, 160
46.0, 143.1, 160
23.0, 156.2, 160
36.0, 159.1, 160
17.0, 134.6, 160
46.0, 165.1, 160
46.0, 167.9, 160
26.0, 149.9, 160
26.0, 161.1, 160
27.0, 171.1, 160
29.0, 154.0, 160
41.0, 149.1, 160
36.0, 170.1, 160
29.0, 134.5, 160
33.0, 172.0, 160
38.0, 166.6, 160
23.0, 77.5, 160
44.0, 143.8, 160
24.0, 159.4, 160
39.0, 152.5, 160
36.0, 158.0, 160
36.0, 148.2, 160
36.0, 164.7, 160
39.0, 167.3, 160
29.0, 154.1, 160
45.0, 159.4, 160
25.0, 90.2, 160
37.0, 151.2, 160
35.0, 143.0, 160
38.0, 159.5, 160
60.0, 155.3, 160
26.0, 165.9, 160
61.0, 158.8, 160
43.0, 176.3, 160
35.0, 161.3, 160
40.0, 162.3, 160
47.0, 148.0, 160
63.0, 136.4, 160
39.0, 140.5, 160
32.0, 165.4, 160
30.0, 155.5, 160
46.0, 155.4, 160
30.0, 153.1, 160
36.0, 161.4, 160
43.0, 160.3, 160
36.0, 121.2, 160
44.0, 164.7, 160
42.0, 141.3, 160
39.0, 146.2, 160
34.0, 147.3, 160
62.0, 160.5, 160
25.0, 134.4, 160
31.0, 160.3, 160
37.0, 168.9, 160
34.0, 163.9, 160
32.0, 155.3, 160
43.0, 163.2, 160
39.0, 155.0, 160
43.0, 160.3, 160
36.0, 165.3, 160
34.0, 148.8, 160
25.0, 162.1, 160
36.0, 138.3, 160
27.0, 141.8, 160
36.0, 155.0, 160
49.0, 160.3, 160
35.0, 157.6, 160
29.0, 159.5, 160
41.0, 157.4, 160
26.0, 164.7, 160
41.0, 143.1, 160
40.0, 160.9, 160
37.0, 154.7, 160
41.0, 156.5, 160
29.0, 155.8, 160
32.0, 157.7, 160
42.0, 151.3, 160
19.0, 146.2, 160
41.0, 167.7, 160
28.0, 113.4, 160
31.0, 158.0, 160
42.0, 164.6, 160
43.0, 166.0, 160
31.0, 164.3, 160
32.0, 159.0, 160
47.0, 157.4, 160
37.0, 167.5, 160
38.0, 155.1, 160
44.0, 148.2, 160
39.0, 168.4, 160
35.0, 160.5, 160
34.0, 138.3, 160
35.0, 149.7, 160
25.0, 136.4, 160
25.0, 155.4, 160
49.0, 158.4, 160
38.0, 150.4, 160
69.0, 149.5, 160
33.0, 143.6, 160
38.0, 159.6, 160
27.0, 160.8, 160
31.0, 167.1, 160
41.0, 154.1, 160
52.0, 164.2, 160
38.0, 149.7, 160
42.0, 155.1, 160
22.0, 158.0, 160
30.0, 170.4, 160
38.0, 153.2, 160
41.0, 164.6, 160
32.0, 90.2, 160
37.0, 146.4, 160
34.0, 146.9, 160
30.0, 165.7, 160
42.0, 162.3, 160
48.0, 155.7, 160
35.0, 169.6, 160
15.0, 174.1, 160
45.0, 155.1, 160
33.0, 170.2, 160
35.0, 140.5, 160
41.0, 140.9, 160
29.0, 154.0, 160
38.0, 156.8, 160
25.0, 165.3, 160
34.0, 163.9, 160
34.0, 165.0, 160
43.0, 159.4, 160
33.0, 153.1, 160
45.0, 140.9, 160
46.0, 160.9, 160
71.0, 161.8, 160
21.0, 165.4, 160
33.0, 158.0, 160
36.0, 159.0, 160
33.0, 157.8, 160
38.0, 155.4, 160
37.0, 158.0, 160
41.0, 142.4, 160
42.0, 149.2, 160
42.0, 159.9, 160
41.0, 154.1, 160
23.0, 158.9, 160
35.0, 155.1, 160
41.0, 158.9, 160
35.0, 164.6, 160
26.0, 158.0, 160
25.0, 172.5, 160
33.0, 162.9, 160
28.0, 161.3, 160
43.0, 166.8, 160
34.0, 134.5, 160
34.0, 146.8, 160
43.0, 167.4, 160
26.0, 153.7, 160
26.0, 131.2, 160
56.0, 131.3, 160
28.0, 165.3, 160
38.0, 165.2, 160
42.0, 163.0, 160
47.0, 155.2, 160
38.0, 146.8, 160
54.0, 163.2, 160
58.0, 156.5, 160
28.0, 152.8, 160
28.0, 134.4, 160
32.0, 158.2, 160
43.0, 161.3, 160
38.0, 152.5, 160
48.0, 151.9, 160
37.0, 148.8, 160
31.0, 151.9, 160
42.0, 163.0, 160
42.0, 141.8, 160
25.0, 160.1, 160
30.0, 123.8, 160
38.0, 161.0, 160
46.0, 162.3, 160
38.0, 150.7, 160
38.0, 146.2, 160
26.0, 156.7, 160
43.0, 158.6, 160
44.0, 146.2, 160
31.0, 167.1, 160
37.0, 160.9, 160
43.0, 168.4, 160
40.0, 164.1, 160
39.0, 166.0, 160
46.0, 155.0, 160
31.0, 146.8, 160
34.0, 164.1, 160
27.0, 145.8, 160
28.0, 159.0, 160
36.0, 173.3, 160
27.0, 158.5, 160
30.0, 150.0, 160
34.0, 165.9, 160
37.0, 160.3, 160
55.0, 154.1, 160
44.0, 167.3, 160
41.0, 164.5, 160
40.0, 161.8, 160
48.0, 127.9, 160
41.0, 155.8, 160
40.0, 149.9, 160
60.0, 163.0, 160
33.0, 159.3, 160
76.0, 157.4, 160
34.0, 172.4, 160
43.0, 150.0, 160
31.0, 162.9, 160
24.0, 80.1, 160
29.0, 165.2, 160
37.0, 152.7, 160
41.0, 109.6, 160
46.0, 153.8, 160
49.0, 165.8, 160
28.0, 150.7, 160
33.0, 160.0, 160
43.0, 167.9, 160
29.0, 148.0, 160
62.0, 163.2, 160
70.0, 163.0, 160
33.0, 161.1, 160
30.0, 164.6, 160
27.0, 173.5, 160
36.0, 159.4, 160
46.0, 172.5, 160
40.0, 156.3, 160
40.0, 146.5, 160
45.0, 161.8, 160
39.0, 162.3, 160
36.0, 154.0, 160
60.0, 159.7, 160
44.0, 147.1, 160
40.0, 121.2, 160
40.0, 155.8, 160
40.0, 114.9, 160
45.0, 155.3, 160
37.0, 147.3, 160
26.0, 167.9, 160
25.0, 149.7, 160
47.0, 151.9, 160
50.0, 159.0, 160
22.0, 160.5, 160
43.0, 147.1, 160
33.0, 155.3, 160
42.0, 155.1, 160
27.0, 155.4, 160
31.0, 163.6, 160
40.0, 158.6, 160
39.0, 160.3, 160
38.0, 154.0, 160
39.0, 143.1, 160
34.0, 159.4, 160
43.0, 153.8, 160
25.0, 166.3, 160
39.0, 154.1, 160
32.0, 156.2, 160
28.0, 155.0, 160
35.0, 162.0, 160
32.0, 138.6, 160
48.0, 169.5, 160
40.0, 165.6, 160
58.0, 145.9, 160
35.0, 160.1, 160
40.0, 158.7, 160
43.0, 160.3, 160
33.0, 145.8, 160
33.0, 143.3, 160
38.0, 157.3, 160
35.0, 162.1, 160
23.0, 121.1, 160
38.0, 162.3, 160
36.0, 161.6, 160
44.0, 163.6, 160
46.0, 163.8, 160
36.0, 148.2, 160
38.0, 159.7, 160
66.0, 154.2, 160
46.0, 157.1, 160
36.0, 149.1, 160
30.0, 158.3, 160
37.0, 160.1, 160
32.0, 163.5, 160
38.0, 157.4, 160
45.0, 155.2, 160
30.0, 157.3, 160
23.0, 156.0, 160
46.0, 159.4, 160
28.0, 161.4, 160
34.0, 158.7, 160
26.0, 162.7, 160
42.0, 157.3, 160
33.0, 163.1, 160
29.0, 159.7, 160
42.0, 161.4, 160
28.0, 164.6, 160
28.0, 172.4, 160
35.0, 155.7, 160
59.0, 154.0, 160
40.0, 150.4, 160
46.0, 159.2, 160
33.0, 147.3, 160
34.0, 143.0, 160
42.0, 161.1, 160
30.0, 166.3, 160
45.0, 156.9, 160
32.0, 155.5, 160
34.0, 170.4, 160
24.0, 151.4, 160
39.0, 165.3, 160
37.0, 162.1, 160
29.0, 164.4, 160
17.0, 154.1, 160
34.0, 133.0, 160
43.0, 147.3, 160
39.0, 172.5, 160
26.0, 159.1, 160
27.0, 158.4, 160
27.0, 149.8, 160
39.0, 161.8, 160
36.0, 170.6, 160
28.0, 159.3, 160
28.0, 163.0, 160
38.0, 166.0, 160
30.0, 161.7, 160
38.0, 158.6, 160
33.0, 159.7, 160
49.0, 168.9, 160
59.0, 155.1, 160
40.0, 158.0, 160
22.0, 154.7, 160
26.0, 143.0, 160
29.0, 157.9, 160
38.0, 152.6, 160
43.0, 169.3, 160
39.0, 158.1, 160
29.0, 161.8, 160
44.0, 155.5, 160
41.0, 126.6, 160
36.0, 146.8, 160
23.0, 146.8, 160
33.0, 147.3, 160
30.0, 153.1, 160
56.0, 159.0, 160
31.0, 152.5, 160
42.0, 157.4, 160
34.0, 161.8, 160
27.0, 142.3, 160
29.0, 158.2, 160
39.0, 163.5, 160
40.0, 158.3, 160
23.0, 164.8, 160
22.0, 154.0, 160
43.0, 158.1, 160
23.0, 163.8, 160
44.0, 147.1, 160
38.0, 142.9, 160
30.0, 135.6, 160
39.0, 166.3, 160
28.0, 146.4, 160
46.0, 163.3, 160
34.0, 165.1, 160
45.0, 146.9, 160
48.0, 152.6, 160
37.0, 163.7, 160
35.0, 140.9, 160
30.0, 145.0, 160
45.0, 159.9, 160
43.0, 134.8, 160
45.0, 156.0, 160
28.0, 156.8, 160
47.0, 147.3, 160
33.0, 148.0, 160
29.0, 156.2, 160
40.0, 138.6, 160
30.0, 164.1, 160
41.0, 131.3, 160
32.0, 157.0, 160
65.0, 163.3, 160
47.0, 146.8, 160
42.0, 167.3, 160
36.0, 138.6, 160
40.0, 153.5, 160
30.0, 154.1, 160
18.0, 150.0, 160
44.0, 159.7, 160
33.0, 80.1, 160
29.0, 157.3, 160
30.0, 165.3, 160
39.0, 158.3, 160
47.0, 157.4, 160
60.0, 170.1, 160
40.0, 109.6, 160
26.0, 154.0, 160
27.0, 158.8, 160
41.0, 161.9, 180
31.0, 142.6, 180
68.0, 149.1, 180
34.0, 171.1, 180
25.0, 163.8, 180
38.0, 160.6, 180
26.0, 128.0, 180
28.0, 150.4, 180
27.0, 160.8, 180
34.0, 153.5, 180
32.0, 150.0, 180
27.0, 157.0, 180
53.0, 173.3, 180
40.0, 158.4, 180
43.0, 151.5, 180
41.0, 157.7, 180
29.0, 168.9, 180
46.0, 162.9, 180
27.0, 152.7, 180
39.0, 162.1, 180
48.0, 163.8, 180
23.0, 160.9, 180
40.0, 153.5, 180
39.0, 88.0, 180
41.0, 165.3, 180
38.0, 153.2, 180
35.0, 164.2, 180
31.0, 166.9, 180
34.0, 163.5, 180
35.0, 165.9, 180
45.0, 163.3, 180
42.0, 156.9, 180
34.0, 155.0, 180
26.0, 157.1, 180
29.0, 151.0, 180
29.0, 157.3, 180
30.0, 152.2, 180
42.0, 156.1, 180
38.0, 150.3, 180
35.0, 156.7, 180
40.0, 160.3, 180
37.0, 150.0, 180
25.0, 155.4, 180
40.0, 158.8, 180
34.0, 176.9, 180
28.999999999999996, 150.0, 180
31.0, 152.5, 180
39.0, 127.0, 180
27.0, 142.3, 180
35.0, 159.7, 180
27.0, 154.0, 180
46.0, 155.3, 180
26.0, 167.6, 180
40.0, 167.7, 180
27.0, 161.4, 180
39.0, 164.8, 180
13.999999999999996, 161.0, 180
27.999999999999996, 149.8, 180
34.0, 156.0, 180
36.0, 157.5, 180
36.0, 152.8, 180
28.0, 165.1, 180
13.0, 164.7, 180
35.0, 157.4, 180
31.0, 158.3, 180
39.0, 155.5, 180
44.0, 150.4, 180
27.0, 123.0, 180
35.0, 163.8, 180
38.0, 159.0, 180
29.0, 134.4, 180
22.0, 158.3, 180
29.0, 159.2, 180
35.0, 126.6, 180
25.999999999999996, 138.6, 180
26.0, 156.0, 180
34.0, 160.5, 180
39.0, 168.4, 180
32.0, 119.1, 180
19.0, 169.3, 180
26.0, 155.2, 180
44.0, 149.7, 180
22.0, 159.7, 180
18.0, 165.3, 180
27.0, 163.7, 180
40.0, 77.5, 180
39.0, 159.4, 180
46.0, 150.1, 180
15.0, 151.5, 180
36.0, 158.3, 180
46.0, 166.0, 180
35.0, 156.4, 180
41.0, 160.6, 180
26.999999999999996, 154.1, 180
49.0, 154.2, 180
27.0, 156.9, 180
33.0, 158.7, 180
32.0, 133.0, 180
32.0, 143.1, 180
35.0, 159.1, 180
29.0, 166.2, 180
44.0, 160.5, 180
27.0, 158.6, 180
42.0, 158.9, 180
34.0, 155.3, 180
42.0, 155.1, 180
46.0, 155.4, 180
42.0, 158.9, 180
41.0, 158.3, 180
32.0, 163.4, 180
27.0, 166.2, 180
29.0, 153.2, 180
42.0, 154.1, 180
34.0, 158.4, 180
36.0, 165.9, 180
23.0, 165.7, 180
41.0, 162.3, 180
37.0, 154.0, 180
41.0, 155.4, 180
28.0, 159.6, 180
29.0, 159.2, 180
27.0, 159.8, 180
29.0, 155.4, 180
36.0, 159.0, 180
34.0, 172.0, 180
23.0, 156.2, 180
36.0, 164.4, 180
40.0, 152.6, 180
24.0, 155.4, 180
38.0, 153.1, 180
43.0, 167.6, 180
21.0, 151.0, 180
30.0, 131.2, 180
31.0, 165.2, 180
27.0, 155.0, 180
39.0, 160.2, 180
35.0, 165.7, 180
42.0, 176.9, 180
26.0, 123.0, 180
41.0, 155.3, 180
40.0, 165.6, 180
33.0, 154.2, 180
13.0, 153.3, 180
35.0, 160.5, 180
40.0, 135.2, 180
45.0, 140.8, 180
23.0, 175.8, 180
31.0, 163.3, 180
24.0, 151.5, 180
32.0, 144.3, 180
36.0, 157.6, 180
25.0, 156.2, 180
28.0, 174.1, 180
35.0, 150.0, 180
34.0, 161.0, 180
22.0, 158.7, 180
26.0, 121.2, 180
40.0, 158.1, 180
34.0, 156.0, 180
34.0, 170.2, 180
40.0, 173.1, 180
25.0, 158.1, 180
24.0, 161.7, 180
31.0, 157.4, 180
16.999999999999996, 154.0, 180
35.0, 149.1, 180
38.0, 118.2, 180
21.0, 155.1, 180
43.0, 175.8, 180
28.0, 159.9, 180
29.0, 161.8, 180
35.0, 168.4, 180
47.0, 161.4, 180
36.0, 113.4, 180
28.0, 150.0, 180
36.0, 151.9, 180
46.0, 153.7, 180
33.0, 157.3, 180
26.0, 118.2, 180
26.0, 150.3, 180
34.0, 125.4, 180
36.0, 150.3, 180
28.0, 165.3, 180
36.0, 158.3, 180
28.0, 158.2, 180
27.0, 164.7, 180
29.0, 163.6, 180
41.0, 162.1, 180
29.0, 169.8, 180
45.0, 156.0, 180
19.999999999999996, 157.1, 180
24.0, 118.2, 180
41.0, 155.3, 180
44.0, 156.9, 180
43.0, 151.8, 180
40.0, 152.4, 180
40.0, 162.3, 180
32.0, 166.8, 180
32.0, 161.8, 180
36.0, 158.0, 180
43.0, 142.3, 180
32.0, 156.9, 180
35.0, 152.2, 180
30.0, 132.1, 180
37.0, 151.2, 180
23.0, 169.8, 180
37.0, 150.7, 180
33.0, 169.3, 180
25.0, 156.2, 180
18.999999999999996, 171.1, 180
29.0, 90.2, 180
43.0, 150.0, 180
34.0, 160.3, 180
30.0, 167.8, 180
28.999999999999996, 165.1, 180
39.0, 155.0, 180
25.0, 155.3, 180
30.0, 154.0, 180
40.0, 161.9, 180
31.0, 158.0, 180
46.0, 159.7, 180
29.0, 159.7, 180
29.0, 152.8, 180
33.0, 167.7, 180
18.999999999999996, 164.8, 180
26.0, 151.1, 180
28.0, 157.3, 180
29.0, 162.7, 180
24.0, 155.5, 180
30.0, 151.0, 180
44.0, 161.4, 180
23.0, 117.9, 180
30.0, 165.9, 180
39.0, 160.3, 180
40.0, 77.5, 180
44.0, 167.4, 180
26.0, 142.3, 180
23.0, 147.3, 180
41.0, 159.5, 180
34.0, 164.4, 180
42.0, 159.1, 180
41.0, 158.3, 180
25.0, 149.1, 180
29.0, 160.5, 180
28.999999999999996, 159.5, 180
29.0, 171.1, 180
42.0, 160.5, 180
48.0, 159.5, 180
24.0, 160.5, 180
19.999999999999996, 154.1, 180
27.0, 159.6, 180
40.0, 162.9, 180
31.0, 167.4, 180
37.0, 128.0, 180
52.0, 155.5, 180
17.999999999999996, 127.9, 180
23.999999999999996, 159.2, 180
31.0, 164.3, 180
38.0, 163.3, 180
31.0, 125.4, 180
46.0, 155.7, 180
29.0, 157.7, 180
28.0, 164.6, 180
15.0, 150.3, 180
49.0, 163.2, 180
26.0, 163.6, 180
35.0, 155.7, 180
25.0, 146.8, 180
25.0, 157.1, 180
32.0, 150.6, 180
28.0, 167.7, 180
27.0, 154.0, 180
42.0, 164.2, 180
25.0, 144.1, 180
28.0, 159.9, 180
50.0, 148.8, 180
37.0, 165.3, 180
40.0, 142.4, 180
24.0, 164.1, 180
35.0, 156.4, 180
30.0, 157.1, 180
33.0, 170.2, 180
43.0, 138.2, 180
25.0, 162.8, 180
27.0, 135.0, 180
35.0, 158.9, 180
39.0, 158.7, 180
29.0, 135.0, 180
44.0, 154.6, 180
37.0, 154.7, 180
35.0, 172.4, 180
38.0, 134.5, 180
25.0, 153.1, 180
28.0, 163.0, 180
28.0, 144.1, 180
23.999999999999996, 158.0, 180
52.0, 156.2, 180
41.0, 160.5, 180
27.0, 144.1, 180
23.0, 151.4, 180
31.0, 166.2, 180
41.0, 159.9, 180
40.0, 164.8, 180
37.0, 165.1, 180
33.0, 152.9, 180
44.0, 151.1, 180
28.0, 156.2, 180
40.0, 159.9, 180
24.0, 165.1, 180
22.0, 158.6, 180
33.0, 148.2, 180
37.0, 143.0, 180
36.0, 77.5, 180
42.0, 161.8, 180
38.0, 169.6, 180
33.0, 159.5, 180
18.0, 166.8, 180
40.0, 163.0, 180
30.0, 154.6, 180
28.0, 136.4, 180
28.0, 164.8, 180
31.0, 150.4, 180
28.0, 149.9, 180
31.0, 152.2, 180
39.0, 170.6, 180
34.0, 164.7, 180
33.0, 165.2, 180
21.999999999999996, 142.4, 180
20.0, 176.3, 180
37.0, 163.3, 180
28.999999999999996, 159.6, 180
31.0, 165.1, 180
37.0, 161.1, 180
18.0, 134.4, 180
29.0, 158.1, 180
29.0, 157.5, 180
34.0, 168.1, 180
38.0, 164.3, 180
39.0, 150.0, 180
41.0, 160.8, 180
36.0, 155.8, 180
24.0, 160.5, 180
26.0, 143.8, 180
37.0, 146.9, 180
28.0, 156.1, 180
25.0, 167.5, 180
31.0, 162.9, 180
37.0, 162.9, 180
41.0, 149.1, 180
43.0, 153.7, 180
44.0, 155.2, 180
36.0, 128.0, 180
18.0, 158.7, 180
30.0, 161.8, 180
22.999999999999996, 170.6, 180
26.0, 165.7, 180
38.0, 160.5, 180
32.0, 140.8, 180
30.0, 156.2, 180
24.0, 160.3, 180
53.0, 155.4, 180
34.0, 143.6, 180
33.0, 123.0, 180
32.0, 138.6, 180
30.0, 144.3, 180
35.0, 147.1, 180
41.0, 163.6, 180
33.0, 166.9, 180
23.0, 140.9, 180
14.999999999999996, 146.0, 180
39.0, 150.7, 180
28.0, 155.2, 180
42.0, 154.2, 180
30.999999999999996, 157.9, 180
28.0, 142.6, 180
33.0, 165.0, 180
35.0, 161.7, 180
45.0, 156.8, 180
23.0, 168.4, 180
40.0, 156.0, 180
28.0, 153.1, 180
16.999999999999996, 160.9, 180
31.0, 161.8, 180
41.0, 147.3, 180
37.0, 146.4, 180
39.0, 163.5, 180
33.0, 152.7, 180
40.0, 155.4, 180
28.0, 154.0, 180
35.0, 165.4, 180
44.0, 166.3, 180
39.0, 123.0, 180
42.0, 155.2, 180
44.0, 161.0, 180
23.0, 147.4, 180
32.0, 152.0, 180
39.0, 159.6, 180
28.0, 119.1, 180
49.0, 158.9, 180
33.0, 153.2, 180
33.0, 161.8, 180
36.0, 157.8, 180
48.0, 80.1, 180
38.0, 156.9, 180
46.0, 146.4, 180
36.0, 154.1, 180
30.0, 155.5, 180
40.0, 156.2, 180
24.0, 156.2, 180
40.0, 154.6, 180
19.999999999999996, 150.6, 180
35.0, 159.1, 180
31.0, 162.9, 180
27.999999999999996, 166.2, 180
31.0, 156.9, 180
34.0, 164.6, 180
32.0, 138.2, 180
37.0, 142.6, 180
32.0, 134.6, 180
38.0, 152.1, 180
37.0, 121.1, 180
44.0, 155.8, 180
38.0, 156.2, 180
34.0, 147.6, 180
29.0, 127.0, 180
36.0, 158.1, 180
33.0, 159.2, 180
17.999999999999996, 154.7, 180
42.0, 163.8, 180
23.0, 153.1, 180
39.0, 159.8, 180
35.0, 160.8, 180
30.0, 158.4, 180
35.0, 161.4, 180
31.0, 157.4, 180
38.0, 176.3, 180
48.0, 164.6, 180
35.0, 159.3, 180
36.0, 168.4, 180
37.0, 149.7, 180
27.0, 146.4, 180
23.0, 172.5, 180
46.0, 162.3, 180
27.0, 163.7, 180
32.0, 164.7, 180
29.0, 167.7, 180
34.0, 159.9, 180
28.0, 155.4, 180
29.0, 156.7, 180
29.0, 155.5, 180
18.999999999999996, 152.8, 180
33.0, 153.1, 180
26.0, 161.8, 180
29.0, 160.2, 180
22.0, 168.1, 180
36.0, 163.3, 180
40.0, 166.3, 180
50.0, 154.0, 180
36.0, 159.6, 180
31.0, 121.2, 180
28.999999999999996, 160.1, 180
26.0, 152.8, 180
36.0, 160.8, 180
22.0, 164.6, 180
35.0, 163.3, 180
42.0, 156.1, 180
37.0, 147.4, 180
29.0, 156.8, 180
28.0, 165.3, 180
32.0, 160.0, 180
19.999999999999996, 160.6, 180
31.0, 161.4, 180
28.0, 154.6, 180
26.0, 167.7, 180
28.0, 160.6, 180
28.0, 134.4, 180
23.0, 165.3, 180
36.0, 159.5, 180
33.0, 158.7, 180
26.0, 158.0, 180
45.0, 159.3, 180
27.0, 159.6, 180
34.0, 157.7, 180
37.0, 159.8, 180
20.0, 165.3, 180
30.0, 160.6, 180
34.0, 158.9, 180
42.0, 159.3, 180
24.0, 157.1, 180
21.0, 143.6, 180
29.0, 132.2, 180
26.0, 118.2, 180
32.0, 165.3, 180
35.0, 147.6, 180
43.0, 154.0, 180
50.0, 147.6, 180
23.0, 157.3, 180
34.0, 158.4, 180
42.0, 164.6, 180
29.0, 145.0, 180
33.0, 154.1, 180
42.0, 162.3, 180
25.0, 155.8, 180
25.0, 159.1, 180
32.0, 158.3, 180
33.0, 169.3, 180
37.0, 165.3, 180
38.0, 162.9, 180
35.0, 162.9, 180
50.0, 165.7, 180
22.0, 152.7, 180
28.0, 165.1, 180
37.0, 118.2, 180
26.0, 155.2, 180
34.0, 158.9, 180
38.0, 135.6, 180
42.0, 168.1, 180
35.0, 160.8, 180
36.0, 175.8, 180
22.0, 159.3, 180
38.0, 150.4, 180
29.0, 159.8, 180
32.0, 162.0, 180
38.0, 153.3, 180
36.0, 165.6, 180
25.0, 152.4, 180
33.0, 164.1, 180
41.0, 152.8, 180
18.0, 154.0, 180
33.0, 156.2, 180
23.0, 131.2, 180
26.0, 147.3, 180
41.0, 165.1, 180
40.0, 167.4, 180
25.0, 154.0, 180
20.0, 164.6, 180
29.0, 165.3, 180
37.0, 149.8, 180
25.999999999999996, 156.1, 180
23.0, 163.3, 180
31.0, 153.3, 180
34.0, 161.1, 180
43.0, 134.8, 180
44.0, 161.9, 180
32.0, 158.8, 180
40.0, 158.1, 180
39.0, 152.1, 180
25.999999999999996, 125.4, 180
40.0, 159.0, 180
39.0, 147.1, 180
26.0, 150.4, 180
39.0, 152.9, 180
16.0, 156.0, 180
28.0, 161.1, 180
31.0, 166.2, 180
32.0, 158.0, 180
41.0, 160.1, 180
34.0, 164.1, 180
40.0, 143.6, 180
50.0, 164.7, 180
41.0, 151.2, 180
31.0, 154.3, 180
35.0, 161.3, 180
37.0, 157.9, 180
47.0, 154.1, 180
26.0, 154.2, 180
40.0, 152.6, 180
45.0, 159.4, 180
49.0, 159.7, 180
43.0, 166.2, 180
39.0, 150.3, 180
31.0, 155.1, 180
46.0, 156.0, 180
39.0, 158.9, 180
29.0, 154.3, 180
36.0, 161.2, 180
28.0, 156.7, 180
39.0, 160.2, 180
40.0, 162.0, 180
33.0, 154.3, 180
41.0, 150.7, 180
36.0, 154.7, 180
40.0, 150.7, 180
17.0, 132.2, 180
38.0, 155.1, 180
35.0, 143.0, 180
39.0, 158.3, 180
32.0, 159.3, 180
41.0, 161.3, 180
40.0, 159.8, 180
35.0, 159.6, 180
31.0, 162.7, 180
30.0, 160.9, 180
21.999999999999996, 145.8, 180
26.0, 166.3, 180
39.0, 155.4, 180
45.0, 154.3, 180
29.0, 154.7, 180
42.0, 151.0, 180
27.0, 155.3, 180
34.0, 161.3, 180
40.0, 157.4, 180
42.0, 156.0, 180
30.999999999999996, 157.1, 180
28.0, 148.0, 180
39.0, 151.3, 180
29.0, 165.2, 180
40.0, 146.5, 180
13.0, 164.2, 180
23.0, 162.5, 180
41.0, 156.1, 180
33.0, 158.3, 180
31.0, 164.5, 180
31.0, 162.9, 180
29.0, 123.0, 180
42.0, 165.9, 180
22.0, 161.8, 180
37.0, 140.9, 180
35.0, 156.2, 180
43.0, 153.1, 180
36.0, 152.8, 180
28.0, 135.0, 180
39.0, 166.8, 180
23.0, 159.1, 180
51.0, 155.5, 180
36.0, 164.3, 180
40.0, 152.8, 180
38.0, 150.4, 180
36.0, 155.5, 180
48.0, 167.4, 180
23.0, 163.3, 180
26.0, 147.6, 180
26.0, 161.4, 180
23.0, 165.4, 180
41.0, 134.4, 180
26.0, 160.6, 180
28.0, 157.1, 180
27.0, 168.9, 180
42.0, 163.4, 180
36.0, 152.7, 180
40.0, 155.1, 180
39.0, 158.3, 180
24.0, 143.0, 180
37.0, 170.4, 180
43.0, 154.6, 180
29.0, 149.7, 180
24.0, 161.8, 180
31.0, 176.3, 180
41.0, 157.3, 180
38.0, 162.7, 180
39.0, 158.3, 180
27.0, 152.4, 180
32.0, 162.0, 180
21.999999999999996, 161.4, 180
40.0, 159.6, 180
27.999999999999996, 161.8, 180
26.0, 119.1, 180
33.0, 166.3, 180
27.0, 155.3, 180
44.0, 142.4, 180
25.0, 166.3, 180
39.0, 156.2, 180
29.0, 149.2, 180
32.0, 164.2, 180
24.0, 161.6, 180
40.0, 164.1, 180
27.0, 121.2, 180
41.0, 151.9, 180
37.0, 121.2, 180
38.0, 163.0, 180
23.0, 162.9, 180
30.999999999999996, 160.2, 180
24.999999999999996, 161.8, 180
38.0, 159.2, 180
22.0, 176.3, 180
13.0, 161.1, 180
28.999999999999996, 151.0, 180
17.0, 161.0, 180
27.0, 155.1, 180
35.0, 157.1, 180
38.0, 157.9, 180
26.0, 90.2, 180
33.0, 160.6, 180
18.0, 161.0, 180
38.0, 159.8, 180
36.0, 147.1, 180
27.0, 153.7, 180
37.0, 151.5, 180
25.0, 171.1, 180
27.0, 162.7, 180
34.0, 160.3, 180
27.0, 165.9, 180
34.0, 165.8, 180
36.0, 165.2, 180
17.0, 164.6, 180
30.0, 152.5, 180
30.0, 155.3, 180
26.0, 160.1, 180
50.0, 158.3, 180
32.0, 164.8, 180
42.0, 153.8, 180
37.0, 151.3, 180
38.0, 156.3, 180
46.0, 147.3, 180
45.0, 146.8, 180
39.0, 157.2, 180
38.0, 169.6, 180
40.0, 134.6, 180
32.0, 159.1, 180
51.0, 136.8, 180
29.0, 157.2, 180
34.0, 172.0, 180
35.0, 132.1, 180
38.0, 154.1, 180
36.0, 156.9, 180
26.0, 164.6, 180
33.0, 138.2, 180
42.0, 148.0, 180
34.0, 158.0, 180
22.0, 157.3, 180
47.0, 152.9, 180
24.0, 163.8, 180
31.0, 159.7, 180
38.0, 172.5, 180
36.0, 136.8, 180
27.0, 159.7, 180
41.0, 172.5, 180
25.999999999999996, 155.5, 180
35.0, 149.7, 180
40.0, 146.5, 180
14.0, 159.3, 180
37.0, 161.0, 180
48.0, 146.5, 180
40.0, 158.7, 180
28.0, 121.2, 180
40.0, 148.8, 180
41.0, 147.4, 180
43.0, 159.3, 180
30.0, 147.1, 180
30.0, 158.0, 180
39.0, 163.8, 180
22.0, 172.0, 180
40.0, 165.2, 180
40.0, 167.1, 180
18.0, 159.6, 180
39.0, 159.5, 180
43.0, 158.9, 180
39.0, 161.1, 180
33.0, 157.3, 180
33.0, 174.1, 180
32.0, 155.4, 180
26.0, 168.4, 180
20.0, 161.9, 180
37.0, 159.9, 180
29.0, 157.1, 180
38.0, 158.7, 180
38.0, 160.8, 180
24.0, 157.4, 180
23.0, 154.0, 180
22.0, 161.1, 180
44.0, 157.3, 180
29.999999999999996, 77.5, 180
33.0, 149.2, 180
26.0, 158.0, 180
23.999999999999996, 147.1, 180
26.0, 164.5, 180
33.0, 160.4, 180
28.0, 156.0, 180
34.0, 158.7, 180
34.0, 164.1, 180
37.0, 142.3, 180
33.0, 153.3, 180
35.0, 150.0, 180
36.0, 156.4, 180
45.0, 141.3, 180
30.0, 143.3, 180
22.0, 161.5, 180
27.999999999999996, 157.4, 180
26.0, 163.8, 180
25.0, 152.5, 180
26.999999999999996, 163.2, 180
28.0, 155.8, 180
32.0, 155.1, 180
34.0, 147.6, 180
37.0, 165.3, 180
30.0, 164.7, 180
40.0, 158.3, 180
25.0, 161.4, 180
35.0, 156.9, 180
33.0, 164.1, 180
33.0, 174.1, 180
52.0, 167.7, 180
39.0, 168.9, 180
41.0, 119.3, 180
30.0, 154.7, 180
32.0, 173.3, 180
31.0, 157.3, 180
35.0, 160.3, 180
32.0, 166.9, 180
36.0, 149.7, 180
20.0, 160.3, 180
33.0, 160.3, 180
45.0, 153.2, 180
23.0, 153.1, 180
25.0, 114.9, 180
33.0, 146.0, 180
30.0, 168.4, 180
39.0, 164.7, 180
34.0, 165.1, 180
47.0, 164.8, 180
42.0, 165.2, 180
31.0, 154.0, 180
42.0, 151.6, 180
28.0, 157.6, 180
25.0, 153.7, 180
44.0, 164.6, 180
39.0, 158.3, 180
30.0, 170.2, 180
22.0, 77.5, 180
37.0, 147.6, 180
31.0, 154.2, 180
27.0, 159.8, 180
29.0, 153.7, 180
48.0, 138.6, 180
32.0, 140.9, 180
40.0, 154.6, 180
37.0, 165.7, 180
48.0, 174.1, 180
37.0, 155.1, 180
27.0, 161.3, 180
31.0, 155.8, 180
24.999999999999996, 146.5, 180
42.0, 158.1, 180
34.0, 138.6, 180
28.0, 172.4, 180
25.999999999999996, 164.8, 180
22.0, 153.7, 180
26.0, 164.7, 180
43.0, 157.8, 180
25.0, 161.4, 180
35.0, 164.3, 180
32.0, 158.6, 180
32.0, 152.8, 180
39.0, 147.1, 180
37.0, 164.2, 180
42.0, 165.7, 180
41.0, 159.9, 180
33.0, 152.9, 180
26.0, 153.7, 180
42.0, 158.0, 180
36.0, 169.5, 180
23.0, 167.7, 180
32.0, 161.6, 180
28.0, 152.9, 180
32.0, 172.5, 180
32.0, 168.9, 180
33.0, 169.5, 180
24.0, 134.4, 180
43.0, 160.1, 180
23.0, 164.2, 180
31.0, 160.3, 180
25.0, 161.4, 180
34.0, 152.7, 180
38.0, 134.5, 180
34.0, 155.3, 180
34.0, 169.5, 180
27.0, 172.5, 180
46.0, 157.1, 180
30.0, 163.8, 180
38.0, 152.6, 180
36.0, 156.4, 180
42.0, 142.3, 180
41.0, 144.3, 180
49.0, 155.5, 180
43.0, 160.6, 180
36.0, 156.1, 180
13.999999999999996, 161.5, 180
31.0, 119.3, 180
42.0, 159.8, 180
32.0, 165.3, 180
35.0, 163.0, 180
30.0, 164.1, 180
40.0, 160.1, 180
30.0, 150.3, 180
46.0, 151.1, 180
37.0, 132.2, 180
35.0, 144.3, 180
37.0, 121.2, 180
43.0, 169.3, 180
28.0, 150.4, 180
32.0, 159.1, 180
29.999999999999996, 162.0, 180
36.0, 159.6, 180
37.0, 159.6, 180
28.0, 161.1, 180
34.0, 164.5, 180
38.0, 161.6, 180
32.0, 162.9, 180
37.0, 163.1, 180
29.0, 159.6, 180
37.0, 155.2, 180
27.0, 144.1, 180
29.0, 156.9, 180
42.0, 167.6, 180
40.0, 166.0, 180
41.0, 159.0, 180
19.999999999999996, 159.9, 180
31.0, 161.3, 180
36.0, 160.3, 180
36.0, 162.5, 180
30.0, 155.4, 180
33.0, 149.7, 180
34.0, 165.6, 180
34.0, 147.3, 180
39.0, 156.2, 180
38.0, 161.8, 180
33.0, 162.6, 180
37.0, 152.7, 180
19.999999999999996, 162.7, 180
24.0, 151.2, 180
35.0, 158.8, 180
31.0, 143.8, 180
29.0, 156.5, 180
39.0, 158.1, 180
22.0, 165.3, 180
41.0, 155.0, 180
37.0, 163.3, 180
42.0, 145.0, 180
31.0, 141.3, 180
34.0, 158.7, 180
25.0, 134.8, 180
40.0, 155.1, 180
32.0, 159.1, 180
45.0, 155.4, 180
42.0, 157.7, 180
28.0, 167.7, 180
44.0, 143.8, 180
24.0, 167.7, 180
21.0, 156.1, 180
37.0, 155.3, 180
31.0, 157.4, 180
12.0, 150.7, 180
41.0, 154.0, 180
45.0, 159.5, 180
33.0, 157.4, 180
32.0, 141.8, 180
37.0, 155.3, 180
27.0, 151.0, 180
36.0, 150.0, 180
34.0, 156.2, 180
43.0, 153.7, 180
46.0, 157.4, 180
26.999999999999996, 156.1, 180
24.999999999999996, 172.0, 180
27.0, 155.4, 180
20.0, 151.9, 180
42.0, 155.6, 180
37.0, 144.3, 180
46.0, 156.4, 180
31.0, 157.5, 180
24.0, 153.7, 180
32.0, 173.3, 180
37.0, 165.3, 180
26.0, 158.0, 180
34.0, 136.8, 180
41.0, 146.8, 180
36.0, 158.7, 180
34.0, 150.3, 180
31.0, 162.3, 180
31.0, 119.1, 180
30.0, 160.8, 180
26.0, 159.7, 180
30.0, 160.3, 180
40.0, 161.9, 180
27.0, 155.0, 180
34.0, 167.6, 180
42.0, 165.9, 180
36.0, 126.6, 180
50.0, 161.8, 180
27.999999999999996, 159.6, 180
39.0, 167.5, 180
27.0, 166.9, 180
29.0, 156.8, 180
26.0, 156.9, 180
36.0, 159.3, 180
24.0, 164.7, 180
33.0, 154.1, 180
43.0, 80.1, 180
39.0, 158.3, 180
33.0, 173.3, 180
37.0, 127.0, 180
28.0, 136.4, 180
38.0, 151.4, 180
39.0, 163.6, 180
38.0, 150.3, 180
40.0, 162.0, 180
29.0, 158.1, 180
34.0, 151.0, 180
31.999999999999996, 157.6, 180
26.0, 166.6, 180
24.0, 157.5, 180
42.0, 143.0, 180
28.0, 158.3, 180
28.0, 176.3, 180
46.0, 165.6, 180
39.0, 154.2, 180
35.0, 134.4, 180
44.0, 162.3, 180
42.0, 162.7, 180
45.0, 165.7, 180
33.0, 160.4, 180
29.0, 77.5, 180
32.0, 169.6, 180
28.0, 168.9, 180
22.0, 159.1, 180
40.0, 164.1, 180
20.999999999999996, 170.6, 180
32.0, 159.9, 180
52.0, 163.7, 180
27.0, 145.8, 180
43.0, 163.3, 180
36.0, 135.2, 180
34.0, 119.3, 180
36.0, 160.3, 180
26.999999999999996, 158.3, 180
43.0, 166.2, 180
41.0, 161.0, 180
40.0, 148.8, 180
25.0, 157.5, 180
46.0, 163.1, 180
37.0, 128.0, 180
38.0, 152.5, 180
33.0, 151.2, 180
27.0, 161.8, 180
37.0, 160.8, 180
23.0, 145.8, 180
30.0, 147.1, 180
37.0, 153.1, 180
38.0, 170.2, 180
30.0, 165.2, 180
40.0, 169.6, 180
32.0, 163.1, 180
44.0, 163.4, 180
25.0, 166.0, 180
33.0, 162.0, 180
33.0, 149.1, 180
40.0, 158.9, 180
35.0, 162.5, 180
38.0, 163.0, 180
31.0, 158.4, 180
31.0, 161.4, 180
29.0, 152.2, 180
22.0, 161.7, 180
37.0, 147.1, 180
34.0, 160.5, 180
25.0, 159.8, 180
35.0, 159.8, 180
31.0, 160.0, 180
42.0, 156.8, 180
28.0, 160.3, 180
31.0, 165.9, 180
42.0, 165.6, 180
42.0, 160.4, 180
37.0, 176.9, 180
42.0, 153.1, 180
42.0, 162.9, 180
53.0, 140.8, 180
38.0, 159.0, 180
26.0, 154.7, 180
35.0, 149.9, 180
38.0, 164.6, 180
28.0, 80.1, 180
29.0, 152.3, 180
36.0, 152.8, 180
27.0, 146.9, 180
43.0, 157.4, 180
36.0, 168.4, 180
25.0, 163.2, 180
30.0, 148.2, 180
27.0, 165.3, 180
33.0, 162.7, 180
34.0, 162.9, 180
23.0, 155.1, 180
22.0, 158.9, 180
28.0, 159.1, 180
42.0, 159.8, 180
43.0, 127.0, 180
41.0, 161.4, 180
38.0, 156.0, 180
27.0, 158.9, 180
39.0, 172.5, 180
46.0, 158.3, 180
43.0, 156.2, 180
35.0, 152.6, 180
27.0, 150.8, 180
31.0, 146.3, 180
27.0, 147.6, 180
24.0, 158.1, 180
32.0, 151.2, 180
37.0, 163.4, 180
21.0, 164.5, 180
35.0, 142.9, 180
39.0, 160.0, 180
23.0, 141.3, 180
33.0, 154.0, 180
34.0, 152.3, 180
35.0, 153.1, 180
29.0, 165.2, 180
30.0, 114.9, 180
43.0, 165.6, 180
38.0, 157.4, 180
43.0, 135.0, 180
29.0, 160.4, 180
36.0, 160.5, 180
42.0, 169.6, 180
42.0, 157.4, 180
34.0, 133.0, 180
40.0, 153.7, 180
40.0, 163.7, 180
33.0, 157.4, 180
43.0, 165.3, 180
36.0, 158.6, 180
43.0, 158.1, 180
26.0, 157.4, 180
45.0, 143.8, 180
36.0, 131.2, 180
29.0, 142.9, 180
37.0, 158.3, 180
42.0, 157.2, 180
26.0, 157.2, 180
44.0, 141.3, 180
35.0, 158.4, 180
30.0, 159.1, 180
42.0, 161.4, 180
38.0, 165.3, 180
37.0, 158.7, 180
32.0, 153.2, 180
43.0, 159.3, 180
35.0, 158.9, 180
34.0, 162.3, 180
41.0, 169.6, 180
46.0, 150.0, 180
22.0, 161.8, 180
32.0, 158.4, 180
27.0, 153.7, 180
29.0, 153.2, 180
27.0, 157.1, 180
42.0, 155.4, 180
35.0, 155.0, 180
29.0, 90.2, 180
31.0, 152.6, 180
39.0, 151.1, 180
29.0, 150.8, 180
41.0, 155.1, 180
30.0, 157.5, 180
37.0, 171.2, 180
36.0, 157.4, 180
37.0, 141.3, 180
37.0, 140.9, 180
28.0, 168.9, 180
41.0, 168.4, 180
27.0, 164.8, 180
24.0, 163.7, 180
24.0, 155.5, 180
34.0, 161.9, 180
40.0, 143.8, 180
17.0, 162.7, 180
22.0, 156.2, 180
49.0, 149.9, 180
27.0, 172.5, 180
30.0, 150.7, 180
44.0, 163.3, 180
22.999999999999996, 162.1, 180
30.0, 157.1, 180
20.999999999999996, 157.4, 180
42.0, 142.4, 180
27.0, 113.4, 180
23.0, 132.1, 180
42.0, 155.1, 180
35.0, 170.2, 180
33.0, 170.6, 180
32.0, 153.2, 180
27.0, 172.8, 180
34.0, 161.1, 180
29.0, 88.0, 180
23.0, 164.8, 180
26.0, 167.7, 180
40.0, 160.8, 180
31.0, 148.0, 180
37.0, 160.8, 180
36.0, 165.2, 180
26.0, 160.5, 180
28.0, 151.3, 180
38.0, 156.2, 180
29.0, 90.2, 180
26.999999999999996, 162.0, 180
25.0, 132.2, 180
39.0, 156.2, 180
36.0, 155.1, 180
37.0, 173.1, 180
42.0, 145.9, 180
34.0, 150.0, 180
41.0, 163.8, 180
31.0, 142.4, 180
35.0, 119.1, 180
28.0, 168.4, 180
30.0, 152.9, 180
23.0, 158.2, 180
41.0, 164.1, 180
37.0, 167.9, 180
36.0, 162.9, 180
45.0, 156.9, 180
29.0, 90.2, 180
44.0, 156.2, 180
40.0, 164.8, 180
19.999999999999996, 162.3, 180
40.0, 138.6, 180
36.0, 169.6, 180
26.0, 158.1, 180
36.0, 165.1, 180
29.0, 158.7, 180
32.0, 158.9, 180
36.0, 140.4, 180
36.0, 159.2, 180
24.999999999999996, 151.9, 180
28.0, 152.8, 180
38.0, 159.3, 180
19.0, 114.9, 180
28.0, 161.3, 180
21.0, 163.0, 180
34.0, 148.8, 180
53.0, 151.9, 180
41.0, 173.3, 180
33.0, 160.8, 180
37.0, 150.3, 180
23.0, 165.1, 180
40.0, 166.8, 180
22.999999999999996, 161.8, 180
29.0, 161.6, 180
24.0, 166.2, 180
29.0, 167.7, 180
41.0, 158.0, 180
42.0, 157.1, 180
32.0, 131.3, 180
41.0, 158.7, 180
51.0, 161.1, 180
32.0, 156.2, 180
40.0, 154.0, 180
13.0, 165.8, 180
26.0, 157.3, 180
28.0, 156.5, 180
31.0, 156.3, 180
34.0, 164.7, 180
28.999999999999996, 156.0, 180
33.0, 164.8, 180
29.0, 158.3, 180
34.0, 165.3, 180
42.0, 159.7, 180
33.0, 157.7, 180
44.0, 161.3, 180
24.0, 155.2, 180
30.0, 152.5, 180
46.0, 153.5, 180
25.0, 160.6, 180
38.0, 165.6, 180
25.0, 154.1, 180
42.0, 161.1, 180
30.0, 159.3, 180
44.0, 156.3, 180
31.0, 80.1, 180
28.0, 153.5, 180
26.0, 113.4, 180
29.0, 165.7, 180
31.0, 160.2, 180
27.0, 152.6, 180
31.0, 159.8, 180
28.0, 157.4, 180
25.0, 166.8, 180
35.0, 153.2, 180
23.0, 156.0, 180
33.0, 169.3, 180
34.0, 161.3, 180
29.0, 145.8, 180
38.0, 132.1, 180
21.0, 159.3, 180
32.0, 166.3, 180
21.0, 156.2, 180
42.0, 152.3, 180
30.0, 163.7, 180
35.0, 159.2, 180
27.0, 151.0, 180
21.999999999999996, 165.3, 180
31.0, 156.1, 180
23.0, 156.2, 180
25.0, 166.8, 180
16.0, 155.4, 180
28.0, 119.3, 180
38.0, 155.4, 180
30.0, 153.2, 180
38.0, 164.1, 180
50.0, 158.1, 180
32.0, 165.1, 180
39.0, 159.5, 180
15.999999999999996, 158.9, 180
34.0, 158.1, 180
43.0, 159.8, 180
44.0, 140.8, 180
37.0, 153.2, 180
21.0, 167.9, 180
20.0, 165.6, 180
28.0, 152.5, 180
24.0, 147.3, 180
41.0, 148.0, 180
37.0, 154.2, 180
35.0, 172.0, 180
41.0, 165.3, 180
25.0, 154.1, 180
26.0, 163.5, 180
26.999999999999996, 152.2, 180
37.0, 158.3, 180
41.0, 159.0, 180
43.0, 159.3, 180
38.0, 155.5, 180
43.0, 165.9, 180
25.0, 161.4, 180
24.0, 160.6, 180
39.0, 154.2, 180
33.0, 166.3, 180
32.0, 154.7, 180
28.0, 162.3, 180
49.0, 152.2, 180
30.0, 159.5, 180
24.0, 140.9, 180
31.0, 154.6, 180
35.0, 152.7, 180
32.0, 155.5, 180
25.0, 160.9, 180
37.0, 156.9, 180
37.0, 173.3, 180
33.0, 155.0, 180
27.0, 157.4, 180
45.0, 152.1, 180
44.0, 162.1, 180
25.0, 152.7, 180
31.0, 164.4, 180
33.0, 154.3, 180
30.0, 155.3, 180
39.0, 157.6, 180
37.0, 156.4, 180
38.0, 150.7, 180
28.0, 160.5, 180
37.0, 160.2, 180
43.0, 166.8, 180
35.0, 152.7, 180
29.0, 121.2, 180
33.0, 166.6, 180
37.0, 159.6, 180
32.0, 156.1, 180
28.0, 157.4, 180
24.0, 157.1, 180
31.0, 156.7, 180
41.0, 148.8, 180
41.0, 153.2, 180
35.0, 147.6, 180
35.0, 152.2, 180
39.0, 145.8, 180
32.0, 158.0, 180
24.0, 167.9, 180
32.0, 168.9, 180
34.0, 159.9, 180
32.0, 164.6, 180
38.0, 175.8, 180
46.0, 156.9, 180
36.0, 158.7, 180
39.0, 166.3, 180
16.0, 151.5, 180
34.0, 117.9, 180
43.0, 151.5, 180
40.0, 149.2, 180
40.0, 172.8, 180
40.0, 160.6, 180
30.999999999999996, 153.2, 180
31.0, 155.5, 180
38.0, 152.7, 180
46.0, 151.5, 180
38.0, 165.3, 180
26.0, 158.7, 180
26.0, 165.3, 180
46.0, 145.8, 180
39.0, 164.6, 180
42.0, 155.4, 180
29.0, 156.2, 180
31.0, 165.2, 180
42.0, 148.2, 180
22.0, 151.1, 180
35.0, 158.9, 180
25.0, 156.9, 180
41.0, 152.5, 180
34.0, 165.3, 180
32.0, 166.2, 180
46.0, 157.4, 180
33.0, 135.6, 180
46.0, 134.6, 180
36.0, 156.2, 180
15.0, 159.7, 180
19.999999999999996, 156.3, 180
45.0, 148.8, 180
27.999999999999996, 157.1, 180
26.0, 151.8, 180
43.0, 146.2, 180
41.0, 156.1, 180
32.0, 140.5, 180
35.0, 169.0, 180
32.0, 161.6, 180
33.0, 160.6, 180
41.0, 164.6, 180
23.0, 123.0, 180
25.0, 169.5, 180
29.0, 163.8, 180
41.0, 169.6, 180
28.0, 157.7, 180
36.0, 168.4, 180
44.0, 155.5, 180
27.999999999999996, 152.5, 180
40.0, 163.3, 180
31.0, 153.2, 180
29.0, 172.5, 180
30.0, 157.3, 180
31.0, 163.0, 180
34.0, 162.3, 180
28.0, 136.8, 180
31.0, 159.8, 180
30.0, 160.3, 180
41.0, 165.1, 180
31.0, 168.1, 180
37.0, 155.4, 180
44.0, 154.2, 180
48.0, 162.1, 180
37.0, 159.8, 180
46.0, 172.0, 180
44.0, 161.8, 180
26.0, 143.3, 180
32.0, 170.1, 180
33.0, 163.7, 180
28.0, 168.9, 180
28.999999999999996, 152.1, 180
43.0, 166.3, 180
27.0, 147.6, 180
33.0, 159.9, 180
38.0, 152.9, 180
25.999999999999996, 171.2, 180
26.0, 164.6, 180
25.0, 164.8, 180
43.0, 155.1, 180
40.0, 160.8, 180
23.0, 147.3, 180
37.0, 167.6, 180
30.0, 153.1, 180
37.0, 136.4, 180
31.0, 161.3, 180
33.0, 77.5, 180
38.0, 167.6, 180
26.0, 167.8, 180
28.0, 167.9, 180
31.0, 155.0, 180
26.0, 155.5, 180
34.0, 154.2, 180
31.0, 164.4, 180
35.0, 150.7, 180
36.0, 144.1, 180
35.0, 169.5, 180
12.0, 159.0, 180
28.0, 160.0, 180
20.0, 153.5, 180
36.0, 134.4, 180
42.0, 121.1, 180
43.0, 162.0, 180
42.0, 155.3, 180
41.0, 153.8, 180
43.0, 154.1, 180
23.0, 142.4, 180
22.0, 153.1, 180
30.0, 160.8, 180
39.0, 152.7, 180
37.0, 159.7, 180
26.0, 154.7, 180
50.0, 154.0, 180
39.0, 176.9, 180
13.0, 164.7, 180
44.0, 166.6, 180
27.0, 154.0, 180
35.0, 153.2, 180
34.0, 158.4, 180
31.0, 160.3, 180
31.0, 152.4, 180
40.0, 152.2, 180
29.0, 159.1, 180
25.0, 164.7, 180
26.0, 166.6, 180
42.0, 164.5, 180
37.0, 158.9, 180
35.0, 166.3, 180
44.0, 162.9, 180
43.0, 155.8, 180
22.999999999999996, 156.0, 180
34.0, 143.1, 180
32.0, 158.3, 180
40.0, 165.6, 180
29.0, 173.1, 180
25.0, 119.1, 180
41.0, 164.1, 180
38.0, 155.1, 180
34.0, 165.7, 180
43.0, 142.4, 180
32.0, 152.6, 180
27.0, 156.7, 180
42.0, 156.0, 180
33.0, 150.0, 180
24.0, 164.1, 180
51.0, 156.2, 180
33.0, 166.3, 180
36.0, 158.0, 180
45.0, 165.1, 180
24.999999999999996, 159.2, 180
43.0, 146.4, 180
27.0, 152.8, 180
52.0, 166.8, 180
39.0, 157.2, 180
31.0, 155.2, 180
27.999999999999996, 165.9, 180
41.0, 161.8, 180
33.0, 146.9, 180
44.0, 164.1, 180
37.0, 90.2, 180
46.0, 164.6, 180
29.0, 166.6, 180
49.0, 154.2, 180
39.0, 146.2, 180
47.0, 136.8, 180
29.0, 165.2, 180
43.0, 132.1, 180
25.0, 143.0, 180
33.0, 166.1, 180
33.0, 146.5, 180
32.0, 162.9, 180
25.0, 165.9, 180
28.0, 161.2, 180
44.0, 164.2, 180
36.0, 165.9, 180
27.0, 171.2, 180
26.0, 153.7, 180
31.0, 140.8, 180
20.0, 133.1, 180
24.0, 161.6, 180
38.0, 166.2, 180
29.0, 123.8, 180
47.0, 138.6, 180
31.0, 135.6, 180
28.0, 157.0, 180
28.0, 155.5, 180
36.0, 145.9, 180
38.0, 159.8, 180
29.0, 161.9, 180
42.0, 158.4, 180
34.0, 157.4, 180
45.0, 159.1, 180
38.0, 155.2, 180
31.0, 162.5, 180
32.0, 172.0, 180
24.0, 159.3, 180
21.0, 132.2, 180
37.0, 159.3, 180
41.0, 161.4, 180
35.0, 154.0, 180
21.0, 158.1, 180
34.0, 153.7, 180
47.0, 152.5, 180
41.0, 150.6, 180
29.0, 151.2, 180
39.0, 155.3, 180
40.0, 159.8, 180
41.0, 164.1, 180
33.0, 163.9, 180
46.0, 166.6, 180
28.0, 157.3, 180
33.0, 154.1, 180
37.0, 142.3, 180
27.0, 154.0, 180
25.0, 131.3, 180
37.0, 134.8, 180
40.0, 154.2, 180
30.0, 162.1, 180
30.999999999999996, 157.0, 180
35.0, 156.1, 180
24.0, 165.1, 180
43.0, 164.8, 180
45.0, 158.3, 180
39.0, 167.6, 180
33.0, 161.5, 180
34.0, 156.8, 180
44.0, 163.5, 180
20.0, 163.8, 180
30.0, 154.6, 180
33.0, 159.3, 180
36.0, 142.4, 180
35.0, 155.1, 180
41.0, 118.2, 180
29.0, 138.6, 180
37.0, 161.4, 180
26.0, 158.4, 180
44.0, 159.1, 180
38.0, 125.4, 180
26.0, 162.0, 180
14.0, 127.9, 180
21.0, 152.9, 180
34.0, 172.0, 180
34.0, 160.6, 180
27.0, 159.6, 180
36.0, 153.1, 180
43.0, 146.8, 180
34.0, 154.7, 180
37.0, 163.0, 180
40.0, 90.2, 180
38.0, 161.7, 180
37.0, 163.2, 180
39.0, 169.5, 180
32.0, 158.2, 180
38.0, 154.0, 180
43.0, 163.2, 180
36.0, 155.5, 180
33.0, 134.4, 180
27.0, 166.0, 180
33.0, 160.2, 180
35.0, 160.5, 180
39.0, 161.5, 180
38.0, 175.8, 180
46.0, 161.0, 180
32.0, 165.3, 180
21.0, 126.6, 180
28.0, 159.8, 180
32.0, 165.4, 180
34.0, 155.0, 180
42.0, 150.3, 180
27.0, 143.1, 180
26.0, 163.8, 180
27.0, 164.2, 180
38.0, 163.9, 180
40.0, 155.8, 180
33.0, 159.1, 180
30.0, 154.6, 180
42.0, 158.8, 180
35.0, 158.8, 180
39.0, 155.8, 180
40.0, 161.9, 180
33.0, 167.8, 180
32.0, 162.3, 180
42.0, 165.9, 180
26.0, 138.2, 180
26.0, 166.3, 180
27.0, 153.2, 180
31.999999999999996, 164.2, 180
28.0, 152.2, 180
48.0, 158.9, 180
24.0, 132.2, 180
30.0, 155.1, 180
33.0, 165.2, 180
20.999999999999996, 155.5, 180
47.0, 150.7, 180
42.0, 164.6, 180
38.0, 142.6, 180
24.0, 158.9, 180
40.0, 155.2, 180
14.999999999999996, 142.9, 180
30.0, 153.5, 180
20.999999999999996, 156.2, 180
30.0, 166.3, 180
33.0, 155.4, 180
33.0, 155.5, 180
32.0, 158.9, 180
37.0, 166.0, 180
26.0, 148.8, 180
42.0, 161.5, 180
36.0, 153.2, 180
40.0, 150.7, 180
37.0, 159.8, 180
31.0, 158.4, 180
40.0, 165.2, 180
39.0, 151.8, 180
25.0, 140.9, 180
26.0, 161.8, 180
39.0, 159.1, 180
41.0, 161.8, 180
35.0, 160.5, 180
34.0, 159.6, 180
31.0, 162.9, 180
34.0, 156.2, 180
31.0, 161.1, 180
18.0, 169.6, 180
19.999999999999996, 152.7, 180
50.0, 168.4, 180
23.0, 160.2, 180
42.0, 176.9, 180
27.0, 145.8, 180
37.0, 162.1, 180
32.0, 153.1, 180
40.0, 154.6, 180
49.0, 159.6, 180
37.0, 161.8, 180
38.0, 155.5, 180
26.0, 90.2, 180
24.0, 159.0, 180
36.0, 142.6, 180
41.0, 176.9, 180
23.0, 156.3, 180
44.0, 149.9, 180
38.0, 174.1, 180
30.0, 155.5, 180
39.0, 165.9, 180
32.0, 127.0, 180
21.0, 158.5, 180
26.0, 163.6, 180
26.0, 155.0, 180
22.999999999999996, 127.9, 180
27.0, 159.0, 180
29.0, 164.6, 180
43.0, 143.8, 180
35.0, 162.7, 180
32.0, 161.8, 180
40.0, 167.9, 180
34.0, 161.3, 180
28.0, 150.7, 180
32.0, 144.3, 180
38.0, 154.7, 180
41.0, 154.2, 180
39.0, 159.6, 180
34.0, 159.3, 180
40.0, 158.4, 180
20.999999999999996, 151.5, 180
35.0, 166.3, 180
39.0, 158.7, 180
24.0, 151.6, 180
42.0, 156.1, 180
33.0, 176.9, 180
43.0, 159.0, 180
38.0, 165.7, 180
25.0, 166.8, 180
27.0, 162.0, 180
20.999999999999996, 158.5, 180
38.0, 152.1, 180
39.0, 164.6, 180
38.0, 160.8, 180
32.0, 167.4, 180
21.999999999999996, 158.4, 180
18.0, 125.4, 180
35.0, 159.3, 180
42.0, 172.5, 180
26.0, 140.4, 180
19.999999999999996, 142.3, 180
18.0, 155.6, 180
33.0, 158.7, 180
31.0, 174.1, 180
32.0, 157.1, 180
43.0, 146.9, 180
19.999999999999996, 155.0, 180
28.0, 155.5, 180
30.0, 164.6, 180
40.0, 160.9, 180
34.0, 161.9, 180
28.0, 163.7, 180
39.0, 155.5, 180
25.0, 161.3, 180
28.0, 162.7, 180
33.0, 155.5, 180
21.0, 159.6, 180
32.0, 167.6, 180
25.0, 162.9, 180
14.999999999999996, 126.6, 180
21.0, 159.1, 180
37.0, 163.6, 180
45.0, 151.3, 180
49.0, 159.9, 180
34.0, 165.3, 180
20.999999999999996, 158.4, 180
39.0, 167.7, 180
32.0, 151.2, 180
37.0, 160.5, 180
30.0, 158.7, 180
30.0, 159.8, 180
30.0, 147.1, 180
52.0, 146.5, 180
33.0, 152.8, 180
40.0, 155.3, 180
28.0, 153.5, 180
18.999999999999996, 165.3, 180
24.0, 151.9, 180
37.0, 156.2, 180
29.0, 156.9, 180
49.0, 166.6, 180
13.999999999999996, 161.8, 180
23.0, 160.5, 180
31.0, 162.3, 180
22.0, 162.3, 180
37.0, 158.4, 180
43.0, 154.3, 180
40.0, 160.1, 180
48.0, 158.1, 180
38.0, 159.6, 180
50.0, 147.6, 180
32.0, 161.1, 180
32.0, 175.8, 180
34.0, 161.3, 180
35.0, 157.7, 180
46.0, 154.6, 180
32.0, 161.4, 180
28.0, 146.8, 180
43.0, 152.5, 180
33.0, 165.4, 180
39.0, 162.9, 180
41.0, 156.8, 180
41.0, 157.4, 180
38.0, 141.8, 180
35.0, 161.3, 180
27.0, 159.5, 180
40.0, 141.3, 180
37.0, 162.3, 180
28.0, 163.0, 180
34.0, 170.6, 180
40.0, 172.8, 180
27.0, 150.6, 180
30.0, 147.4, 180
31.999999999999996, 158.3, 180
30.0, 119.1, 180
24.0, 157.5, 180
43.0, 160.0, 180
31.0, 164.4, 180
32.0, 164.8, 180
25.0, 145.0, 180
28.0, 157.9, 180
28.0, 155.1, 180
34.0, 166.6, 180
29.0, 153.5, 180
35.0, 167.7, 180
39.0, 172.0, 180
24.0, 154.1, 180
34.0, 154.6, 180
31.0, 160.2, 180
31.0, 150.3, 180
33.0, 148.2, 180
30.0, 163.4, 180
27.0, 162.9, 180
35.0, 157.4, 180
26.0, 166.3, 180
33.0, 170.6, 180
44.0, 165.1, 180
29.0, 140.8, 180
33.0, 154.6, 180
39.0, 153.2, 180
13.0, 164.8, 180
35.0, 167.7, 180
47.0, 154.2, 180
39.0, 160.0, 180
36.0, 150.3, 180
39.0, 155.4, 180
28.0, 173.5, 180
34.0, 132.1, 180
34.0, 162.1, 180
33.0, 158.2, 180
30.999999999999996, 172.5, 180
36.0, 167.9, 180
42.0, 165.3, 180
40.0, 163.9, 180
43.0, 140.9, 180
42.0, 152.7, 180
33.0, 161.0, 180
33.0, 160.9, 180
30.0, 161.3, 180
25.0, 163.5, 180
40.0, 157.4, 180
24.0, 154.0, 180
37.0, 157.6, 180
34.0, 157.4, 180
40.0, 167.9, 180
40.0, 159.3, 180
42.0, 172.8, 180
38.0, 175.8, 180
37.0, 119.3, 180
28.0, 157.4, 180
31.0, 154.6, 180
24.0, 163.5, 180
28.0, 156.9, 180
27.0, 149.9, 180
32.0, 163.8, 180
38.0, 149.7, 180
25.0, 162.1, 180
38.0, 161.5, 180
33.0, 153.3, 180
44.0, 166.3, 180
25.0, 140.9, 180
34.0, 153.8, 180
53.0, 164.5, 180
43.0, 153.8, 180
32.0, 168.9, 180
34.0, 127.0, 180
30.0, 174.1, 180
42.0, 159.3, 180
30.0, 161.5, 180
36.0, 161.1, 180
29.0, 146.3, 180
35.0, 158.3, 180
42.0, 159.7, 180
29.0, 166.6, 180
49.0, 126.6, 180
30.0, 162.0, 180
29.0, 157.1, 180
39.0, 150.7, 180
41.0, 152.5, 180
43.0, 113.4, 180
39.0, 159.9, 180
38.0, 157.1, 180
24.0, 152.9, 180
26.999999999999996, 149.8, 180
32.0, 154.2, 180
36.0, 157.1, 180
20.0, 164.5, 180
39.0, 150.8, 180
25.0, 155.0, 180
44.0, 146.9, 180
27.0, 163.8, 180
26.0, 153.8, 180
27.0, 150.1, 180
34.0, 134.5, 180
34.0, 163.8, 180
33.0, 165.3, 180
42.0, 152.7, 180
29.0, 162.9, 180
38.0, 159.3, 180
23.0, 154.7, 180
34.0, 150.8, 180
35.0, 155.0, 180
36.0, 168.9, 180
28.0, 165.3, 180
44.0, 165.3, 180
43.0, 165.3, 180
27.0, 157.8, 180
25.0, 164.6, 180
35.0, 163.6, 180
26.999999999999996, 155.1, 180
22.0, 164.5, 180
45.0, 161.4, 180
43.0, 150.3, 180
21.0, 132.2, 180
41.0, 158.0, 180
46.0, 164.1, 180
38.0, 167.5, 180
25.0, 114.9, 180
38.0, 154.0, 180
28.0, 155.6, 180
29.0, 167.9, 180
24.0, 134.8, 180
41.0, 161.8, 180
32.0, 170.1, 180
27.0, 159.9, 180
29.0, 165.6, 180
24.0, 90.2, 180
30.0, 166.2, 180
31.0, 164.8, 180
29.0, 152.6, 180
24.999999999999996, 164.8, 180
39.0, 156.8, 180
53.0, 163.0, 180
24.0, 161.4, 180
39.0, 157.6, 180
37.0, 161.5, 180
26.0, 149.2, 180
25.0, 156.9, 180
37.0, 169.5, 180
25.0, 163.8, 180
33.0, 158.4, 180
38.0, 159.2, 180
28.0, 151.5, 180
31.0, 166.3, 180
34.0, 145.0, 180
29.0, 145.9, 180
24.0, 148.0, 180
26.0, 161.3, 180
18.0, 169.5, 180
20.0, 164.8, 180
29.0, 166.3, 180
33.0, 157.7, 180
39.0, 145.9, 180
34.0, 142.4, 180
33.0, 166.2, 180
29.0, 157.2, 180
40.0, 151.1, 180
30.0, 163.0, 180
29.0, 159.3, 180
38.0, 142.3, 180
35.0, 155.7, 180
15.999999999999996, 157.2, 180
24.0, 155.3, 180
48.0, 150.7, 180
28.0, 162.0, 180
37.0, 161.4, 180
35.0, 156.2, 180
31.0, 165.0, 180
41.0, 150.4, 180
36.0, 164.1, 180
34.0, 157.7, 180
36.0, 155.2, 180
36.0, 160.1, 180
27.0, 153.8, 180
26.0, 165.3, 180
31.0, 170.6, 180
31.0, 151.4, 180
34.0, 161.4, 180
41.0, 146.0, 180
41.0, 154.1, 180
42.0, 156.3, 180
40.0, 170.6, 180
45.0, 151.1, 180
33.0, 165.3, 180
32.0, 135.2, 180
37.0, 158.2, 180
26.0, 155.5, 180
22.0, 160.8, 180
25.999999999999996, 165.2, 180
34.0, 158.4, 180
35.0, 143.6, 180
49.0, 161.3, 180
47.0, 170.1, 180
39.0, 152.5, 180
41.0, 160.3, 180
42.0, 165.4, 180
41.0, 156.2, 180
32.0, 161.3, 180
39.0, 162.3, 180
35.0, 164.8, 180
42.0, 153.7, 180
45.0, 175.8, 180
26.0, 163.2, 180
39.0, 150.3, 180
20.999999999999996, 158.9, 180
18.0, 172.5, 180
45.0, 156.2, 180
26.0, 146.3, 180
29.0, 167.3, 180
34.0, 152.5, 180
33.0, 159.3, 180
23.0, 167.7, 180
40.0, 154.0, 180
42.0, 153.5, 180
41.0, 148.0, 180
32.0, 153.5, 180
33.0, 169.6, 180
29.0, 151.4, 180
45.0, 142.4, 180
34.0, 161.6, 180
24.0, 163.7, 180
33.0, 166.1, 180
26.0, 161.7, 180
37.0, 80.1, 180
39.0, 161.1, 180
25.0, 155.1, 180
26.0, 158.6, 180
28.0, 160.9, 180
30.0, 154.0, 180
30.0, 158.9, 180
20.0, 145.0, 180
29.0, 159.1, 180
21.0, 175.8, 180
44.0, 163.3, 180
28.0, 145.9, 180
24.0, 152.6, 180
28.0, 164.7, 180
39.0, 131.3, 180
39.0, 161.3, 180
18.0, 158.6, 180
46.0, 177.7, 180
34.0, 147.4, 180
43.0, 159.3, 180
21.999999999999996, 163.0, 180
32.0, 159.0, 180
37.0, 150.8, 180
38.0, 172.1, 180
29.0, 159.7, 180
39.0, 187.6, 180
25.0, 164.1, 180
34.0, 166.3, 180
33.0, 171.6, 180
22.0, 146.9, 180
45.0, 181.9, 180
37.0, 173.5, 180
36.0, 154.6, 180
28.0, 152.1, 180
33.0, 166.6, 180
43.0, 175.8, 180
47.0, 146.2, 180
48.0, 159.3, 180
42.0, 184.1, 180
35.0, 165.2, 180
23.0, 189.3, 180
26.0, 165.4, 180
29.0, 193.1, 180
23.0, 170.0, 180
35.0, 167.7, 180
24.0, 151.5, 180
33.0, 154.2, 180
39.0, 117.9, 180
31.0, 158.9, 180
25.0, 150.6, 180
40.0, 149.2, 180
32.0, 169.8, 180
40.0, 163.3, 180
48.0, 164.1, 180
32.0, 168.2, 180
39.0, 160.2, 180
40.0, 153.3, 180
47.0, 146.5, 180
36.0, 165.3, 180
32.0, 155.0, 180
32.0, 138.6, 180
38.0, 157.3, 180
25.0, 156.0, 180
26.0, 158.9, 180
30.0, 160.6, 180
37.0, 163.8, 180
40.0, 157.3, 180
39.0, 162.9, 180
39.0, 151.9, 180
36.0, 160.3, 180
30.0, 167.5, 180
26.0, 168.1, 180
29.0, 166.8, 180
31.0, 157.6, 180
36.0, 156.2, 180
46.0, 158.5, 180
35.0, 155.2, 180
43.0, 135.2, 180
38.0, 156.4, 180
36.0, 152.4, 180
43.0, 156.0, 180
40.0, 171.1, 180
32.0, 162.0, 180
27.0, 159.6, 180
39.0, 154.0, 180
33.0, 165.9, 180
40.0, 165.0, 180
40.0, 162.9, 180
42.0, 162.0, 180
29.0, 159.1, 180
24.999999999999996, 168.4, 180
33.0, 152.7, 180
25.0, 162.9, 180
49.0, 156.2, 180
25.0, 162.5, 180
37.0, 154.0, 180
25.0, 157.3, 180
36.0, 163.0, 180
44.0, 148.2, 180
38.0, 160.9, 180
34.0, 160.6, 180
36.0, 156.5, 180
33.0, 164.8, 180
35.0, 167.3, 180
28.0, 165.9, 180
32.0, 131.2, 180
32.0, 170.2, 180
25.0, 165.3, 180
29.0, 140.8, 180
29.0, 159.3, 180
47.0, 166.3, 180
20.0, 152.1, 180
47.0, 165.6, 180
41.0, 154.0, 180
29.0, 167.6, 180
39.0, 183.1, 180
26.0, 166.0, 180
27.0, 184.3, 180
32.0, 159.0, 180
38.0, 156.9, 180
28.0, 159.4, 180
36.0, 155.8, 180
42.0, 159.4, 180
34.0, 159.6, 180
27.0, 180.6, 180
40.0, 161.9, 180
37.0, 164.4, 180
40.0, 155.5, 180
45.0, 152.2, 180
34.0, 159.4, 180
