29.999999999999996, 127.69999999999999, 140
37.0, 116.30000000000001, 140
20.0, 125.9, 140
26.0, 136.6, 140
34.0, 126.19999999999999, 140
30.0, 132.7, 140
35.0, 62.0, 140
37.0, 128.6, 140
21.999999999999996, 131.4, 140
29.0, 118.1, 140
82.0, 141.9, 140
35.0, 131.2, 140
35.0, 133.6, 140
30.0, 112.19999999999999, 140
71.0, 136.1, 140
43.0, 117.6, 140
30.0, 138.6, 140
77.0, 135.3, 140
37.0, 110.4, 140
38.0, 125.5, 140
39.0, 137.2, 140
23.0, 132.4, 140
86.0, 132.0, 140
27.0, 128.1, 140
36.0, 130.9, 140
82.0, 129.0, 140
81.0, 129.1, 140
35.0, 138.7, 140
44.0, 133.1, 140
45.0, 135.3, 140
37.0, 97.0, 140
46.0, 143.5, 140
44.0, 135.3, 140
44.0, 134.5, 140
39.0, 139.3, 140
31.0, 124.30000000000001, 140
38.0, 128.0, 140
29.0, 114.9, 140
31.0, 140.0, 140
30.0, 128.2, 140
55.0, 143.5, 140
70.0, 135.5, 140
33.0, 137.3, 140
29.0, 110.80000000000001, 140
44.0, 139.0, 140
33.0, 126.9, 140
30.0, 135.8, 140
40.0, 121.30000000000001, 140
42.0, 139.9, 140
34.0, 125.19999999999999, 140
25.0, 134.5, 140
45.0, 139.9, 140
37.0, 138.6, 140
37.0, 134.6, 140
48.0, 125.0, 140
28.0, 129.0, 140
43.0, 135.3, 140
28.0, 139.3, 140
25.0, 131.5, 140
37.0, 133.8, 140
27.0, 123.9, 140
31.0, 144.1, 140
31.0, 128.1, 140
27.0, 128.1, 140
70.0, 135.8, 140
44.0, 119.0, 140
42.0, 109.6, 140
35.0, 142.9, 140
43.0, 133.2, 140
38.0, 120.4, 140
39.0, 139.3, 140
34.0, 114.5, 140
25.0, 130.3, 140
27.0, 136.9, 140
65.0, 134.3, 140
36.0, 120.30000000000001, 140
44.0, 142.9, 140
43.0, 140.3, 140
45.0, 126.5, 140
39.0, 129.0, 140
27.0, 141.6, 140
88.0, 128.6, 140
44.0, 133.3, 140
39.0, 134.2, 140
57.0, 133.0, 140
27.0, 138.6, 140
25.0, 134.0, 140
39.0, 121.30000000000001, 140
77.0, 114.9, 140
32.0, 136.9, 140
41.0, 109.19999999999999, 140
37.0, 128.3, 140
20.0, 130.3, 140
29.999999999999996, 129.8, 140
33.0, 133.5, 140
37.0, 129.4, 140
34.0, 127.80000000000001, 140
29.0, 106.1, 140
34.0, 127.69999999999999, 140
29.0, 131.3, 140
36.0, 132.9, 140
83.0, 131.1, 140
29.0, 139.3, 140
40.0, 131.6, 140
38.0, 136.8, 140
32.0, 91.9, 140
35.0, 144.4, 140
42.0, 133.8, 140
39.0, 132.0, 140
35.0, 130.2, 140
38.0, 138.8, 140
40.0, 137.2, 140
33.0, 129.5, 140
35.0, 140.3, 140
33.0, 138.6, 140
45.0, 141.7, 140
30.0, 139.2, 140
31.0, 136.9, 140
36.0, 123.19999999999999, 140
67.0, 132.3, 140
27.0, 138.1, 140
37.0, 134.4, 140
29.0, 124.69999999999999, 140
45.0, 142.9, 140
20.999999999999996, 122.80000000000001, 140
34.0, 129.5, 140
37.0, 92.2, 140
33.0, 135.3, 140
32.0, 129.4, 140
19.999999999999996, 139.7, 140
32.0, 100.6, 140
39.0, 124.69999999999999, 140
28.0, 133.0, 140
29.0, 140.1, 140
34.0, 141.9, 140
44.0, 129.0, 140
77.0, 135.7, 140
37.0, 137.2, 140
29.0, 129.6, 140
36.0, 129.1, 140
39.0, 135.0, 140
39.0, 138.5, 140
36.0, 138.1, 140
19.999999999999996, 134.6, 140
45.0, 133.9, 140
35.0, 139.8, 140
22.999999999999996, 129.0, 140
46.0, 134.5, 140
39.0, 126.6, 140
40.0, 134.0, 140
28.0, 134.3, 140
20.0, 149.8, 140
41.0, 137.7, 140
38.0, 128.6, 140
38.0, 134.3, 140
34.0, 129.4, 140
46.0, 143.5, 140
36.0, 54.099999999999994, 140
32.0, 135.8, 140
48.0, 134.3, 140
31.0, 131.9, 140
46.0, 141.3, 140
41.0, 114.80000000000001, 140
32.0, 136.0, 140
30.0, 130.9, 140
75.0, 146.8, 140
27.0, 121.30000000000001, 140
46.0, 143.3, 140
43.0, 147.3, 140
73.0, 129.4, 140
68.0, 129.8, 140
56.0, 93.1, 140
30.0, 115.30000000000001, 140
24.999999999999996, 132.3, 140
34.0, 123.69999999999999, 140
33.0, 116.4, 140
27.999999999999996, 129.4, 140
38.0, 126.80000000000001, 140
22.0, 134.1, 140
18.999999999999996, 138.3, 140
26.0, 133.9, 140
34.0, 136.8, 140
65.0, 123.80000000000001, 140
80.0, 117.80000000000001, 140
40.0, 136.5, 140
41.0, 109.0, 140
38.0, 127.5, 140
83.0, 128.0, 140
41.0, 120.80000000000001, 140
39.0, 126.9, 140
28.0, 134.0, 140
28.0, 133.9, 140
40.0, 138.8, 140
80.0, 130.2, 140
36.0, 135.9, 140
27.0, 129.1, 140
36.0, 133.0, 140
42.0, 110.80000000000001, 140
27.0, 117.0, 140
40.0, 126.30000000000001, 140
39.0, 135.6, 140
22.0, 127.69999999999999, 140
46.0, 128.1, 140
33.0, 137.8, 140
26.0, 121.6, 140
32.0, 133.8, 140
38.0, 133.8, 140
38.0, 121.4, 140
43.0, 128.1, 140
21.0, 130.2, 140
40.0, 131.4, 140
40.0, 101.0, 140
40.0, 138.2, 140
24.0, 132.5, 140
42.0, 132.2, 140
41.0, 121.1, 140
42.0, 145.2, 140
41.0, 141.9, 140
37.0, 130.0, 140
30.0, 130.4, 140
46.0, 134.5, 140
19.0, 135.1, 140
35.0, 133.3, 140
31.0, 117.30000000000001, 140
43.0, 130.2, 140
34.0, 129.3, 140
44.0, 133.1, 140
35.0, 133.1, 140
74.0, 107.9, 140
35.0, 133.3, 140
40.0, 107.0, 140
30.0, 134.4, 140
46.0, 141.3, 140
32.0, 135.4, 140
40.0, 129.0, 140
21.0, 120.80000000000001, 140
40.0, 144.4, 140
41.0, 130.8, 140
32.0, 137.6, 140
30.0, 95.2, 140
42.0, 130.9, 140
31.0, 131.4, 140
28.0, 126.69999999999999, 140
24.0, 116.9, 140
44.0, 141.3, 140
44.0, 136.0, 140
33.0, 114.9, 140
40.0, 129.5, 140
28.0, 139.7, 140
44.0, 134.0, 140
37.0, 130.5, 140
32.0, 129.8, 140
40.0, 126.80000000000001, 140
33.0, 133.4, 140
40.0, 124.69999999999999, 140
36.0, 116.30000000000001, 140
22.0, 137.0, 140
45.0, 141.7, 140
33.0, 134.2, 140
36.0, 135.8, 140
33.0, 138.1, 140
52.0, 121.30000000000001, 140
40.0, 121.6, 140
50.0, 116.9, 140
93.0, 124.30000000000001, 140
30.0, 133.8, 140
35.0, 136.1, 140
63.0, 141.7, 140
27.0, 127.30000000000001, 140
33.0, 125.1, 140
88.0, 129.8, 140
37.0, 108.6, 140
85.0, 149.8, 140
33.0, 138.6, 140
29.0, 127.5, 140
38.0, 130.4, 140
36.0, 128.2, 140
36.0, 139.9, 140
30.0, 139.8, 140
64.0, 134.4, 140
32.0, 132.0, 140
45.0, 118.30000000000001, 140
62.0, 129.2, 140
60.0, 143.5, 140
28.999999999999996, 135.4, 140
38.0, 133.2, 140
79.0, 136.3, 140
35.0, 134.5, 140
45.0, 125.0, 140
80.0, 128.2, 140
34.0, 115.30000000000001, 140
29.0, 130.2, 140
29.0, 121.1, 140
37.0, 100.6, 140
46.0, 138.2, 140
34.0, 136.9, 140
28.0, 134.6, 140
74.0, 128.7, 140
76.0, 132.9, 140
42.0, 140.8, 140
24.0, 142.4, 140
18.999999999999996, 140.1, 140
34.0, 133.6, 140
48.0, 127.1, 140
30.0, 138.1, 140
27.0, 140.6, 140
32.0, 137.5, 140
27.0, 109.0, 140
28.0, 133.0, 140
38.0, 137.8, 140
37.0, 130.2, 140
39.0, 138.1, 140
35.0, 119.80000000000001, 140
27.0, 145.8, 140
39.0, 115.30000000000001, 140
27.0, 142.9, 140
30.0, 136.1, 140
35.0, 125.19999999999999, 140
32.0, 119.9, 140
41.0, 124.4, 140
41.0, 138.8, 140
32.0, 142.4, 140
34.0, 130.9, 140
39.0, 139.3, 140
40.0, 136.9, 140
79.0, 129.5, 140
33.0, 131.4, 140
39.0, 129.5, 140
22.0, 126.6, 140
39.0, 125.0, 140
40.0, 139.7, 140
31.0, 64.2, 140
36.0, 132.2, 140
27.0, 129.3, 140
44.0, 132.3, 140
64.0, 129.0, 140
18.999999999999996, 140.3, 140
29.0, 133.5, 140
34.0, 133.7, 140
38.0, 130.8, 140
73.0, 138.1, 140
30.0, 127.80000000000001, 140
35.0, 124.69999999999999, 140
49.0, 129.0, 140
35.0, 122.80000000000001, 140
37.0, 127.69999999999999, 140
19.999999999999996, 129.4, 140
33.0, 138.6, 140
33.0, 144.6, 140
43.0, 132.6, 140
19.0, 132.3, 140
37.0, 126.19999999999999, 140
41.0, 110.4, 140
37.0, 134.5, 140
78.0, 130.1, 140
29.0, 129.2, 140
34.0, 116.6, 140
44.0, 142.9, 140
44.0, 131.6, 140
30.0, 125.5, 140
32.0, 140.9, 140
34.0, 119.0, 140
36.0, 133.7, 140
40.0, 139.9, 140
39.0, 139.9, 140
32.0, 135.0, 140
24.0, 137.8, 140
31.0, 134.3, 140
44.0, 138.2, 140
28.0, 140.2, 140
31.0, 131.7, 140
23.0, 138.2, 140
37.0, 129.5, 140
26.0, 128.2, 140
30.0, 129.8, 140
61.0, 139.1, 140
33.0, 124.0, 140
49.0, 134.9, 140
29.0, 120.5, 140
42.0, 93.3, 140
80.0, 126.19999999999999, 140
27.0, 136.3, 140
36.0, 124.69999999999999, 140
30.0, 125.9, 140
42.0, 130.3, 140
41.0, 143.5, 140
29.0, 123.1, 140
48.0, 130.8, 140
45.0, 131.4, 140
38.0, 134.3, 140
43.0, 137.8, 140
33.0, 135.8, 140
28.0, 134.0, 140
34.0, 120.9, 140
80.0, 87.4, 140
41.0, 110.80000000000001, 140
29.0, 93.3, 140
22.0, 128.2, 140
30.0, 138.8, 140
31.0, 129.1, 140
41.0, 130.5, 140
22.0, 134.3, 140
29.0, 128.2, 140
41.0, 128.6, 140
31.999999999999996, 129.0, 140
26.0, 125.1, 140
33.0, 123.1, 140
41.0, 143.8, 140
37.0, 136.9, 140
26.0, 136.1, 140
34.0, 133.0, 140
34.0, 105.30000000000001, 140
27.0, 145.2, 140
32.0, 137.3, 140
43.0, 125.5, 140
29.0, 127.5, 140
37.0, 136.0, 140
23.0, 125.5, 140
42.0, 137.9, 140
44.0, 138.1, 140
41.0, 139.9, 140
32.0, 136.9, 140
22.0, 133.5, 140
32.0, 126.19999999999999, 140
36.0, 136.0, 140
38.0, 125.80000000000001, 140
28.0, 127.19999999999999, 140
40.0, 138.8, 140
90.0, 139.3, 140
45.0, 132.0, 140
24.0, 141.1, 140
89.0, 141.4, 140
39.0, 132.3, 140
38.0, 148.1, 140
52.0, 137.5, 140
40.0, 150.3, 140
75.0, 135.0, 140
37.0, 136.7, 140
33.0, 129.8, 140
26.0, 125.4, 140
38.0, 129.7, 140
29.0, 127.69999999999999, 140
64.0, 120.4, 140
34.0, 138.3, 140
42.0, 130.8, 140
43.0, 138.5, 140
38.0, 134.2, 140
38.0, 139.9, 140
26.0, 130.1, 140
33.0, 131.3, 140
41.0, 131.3, 140
67.0, 134.6, 140
65.0, 114.80000000000001, 140
40.0, 120.9, 140
68.0, 133.0, 140
43.0, 134.2, 140
26.0, 116.4, 140
47.0, 127.30000000000001, 140
34.0, 114.80000000000001, 140
33.0, 131.3, 140
36.0, 122.80000000000001, 140
37.0, 108.6, 140
23.0, 134.3, 140
33.0, 145.1, 140
38.0, 134.9, 140
39.0, 139.2, 140
30.0, 134.3, 140
31.0, 131.4, 140
44.0, 136.5, 140
40.0, 131.8, 140
38.0, 135.8, 140
43.0, 108.6, 140
41.0, 135.6, 140
41.0, 109.19999999999999, 140
31.0, 137.5, 140
35.0, 112.30000000000001, 140
77.0, 132.1, 140
38.0, 131.5, 140
44.0, 102.0, 140
23.0, 134.3, 140
30.0, 95.2, 140
32.0, 123.1, 140
35.0, 139.7, 140
34.0, 128.3, 140
34.0, 141.3, 140
30.0, 137.8, 140
28.0, 110.80000000000001, 140
39.0, 133.1, 140
34.0, 140.3, 140
33.0, 115.80000000000001, 140
85.0, 129.6, 140
34.0, 129.5, 140
31.0, 122.19999999999999, 140
39.0, 127.19999999999999, 140
27.0, 130.0, 140
38.0, 95.1, 140
35.0, 140.9, 140
38.0, 106.19999999999999, 140
39.0, 129.1, 140
43.0, 139.7, 140
71.0, 151.9, 180
20.0, 160.7, 180
29.999999999999996, 163.6, 180
40.0, 141.4, 180
35.0, 164.3, 180
28.0, 82.5, 180
20.0, 167.6, 180
39.0, 165.3, 180
27.0, 172.6, 180
35.0, 163.7, 180
19.999999999999996, 157.9, 180
40.0, 148.8, 180
46.0, 160.2, 180
40.0, 124.3, 180
22.0, 177.8, 180
26.0, 159.1, 180
32.0, 158.2, 180
30.0, 171.6, 180
37.0, 161.9, 180
38.0, 161.2, 180
32.0, 160.1, 180
32.0, 168.5, 180
42.0, 170.9, 180
31.0, 155.6, 180
51.0, 164.6, 180
43.0, 124.3, 180
36.0, 155.6, 180
23.999999999999996, 172.7, 180
37.0, 167.3, 180
38.0, 161.7, 180
28.0, 152.6, 180
35.0, 172.7, 180
28.0, 164.8, 180
34.0, 161.8, 180
43.0, 155.1, 180
42.0, 167.1, 180
49.0, 169.3, 180
42.0, 168.8, 180
40.0, 160.3, 180
31.0, 159.6, 180
25.0, 168.0, 180
23.0, 168.7, 180
38.0, 170.7, 180
41.0, 158.7, 180
28.0, 165.3, 180
39.0, 171.3, 180
26.0, 122.9, 180
42.0, 148.8, 180
39.0, 166.3, 180
23.0, 163.1, 180
27.0, 166.4, 180
24.999999999999996, 165.3, 180
29.0, 164.5, 180
40.0, 137.1, 180
29.0, 162.4, 180
35.0, 161.2, 180
26.0, 151.2, 180
43.0, 167.1, 180
37.0, 147.6, 180
26.0, 152.6, 180
33.0, 164.6, 180
37.0, 168.3, 180
33.0, 172.3, 180
39.0, 164.1, 180
37.0, 159.7, 180
38.0, 141.8, 180
35.0, 163.3, 180
35.0, 159.2, 180
24.0, 120.1, 180
30.0, 139.4, 180
29.0, 163.3, 180
28.999999999999996, 167.7, 180
39.0, 168.9, 180
37.0, 160.5, 180
28.0, 169.6, 180
46.0, 161.2, 180
41.0, 166.3, 180
14.999999999999996, 159.6, 180
36.0, 176.2, 180
34.0, 145.4, 180
26.0, 159.1, 180
25.0, 164.4, 180
51.0, 167.8, 180
28.0, 147.6, 180
27.0, 160.8, 180
12.0, 171.0, 180
36.0, 181.3, 180
30.0, 169.7, 180
41.0, 160.7, 180
30.0, 160.4, 180
35.0, 170.3, 180
42.0, 167.1, 180
14.0, 161.0, 180
51.0, 159.7, 180
47.0, 160.5, 180
24.999999999999996, 170.7, 180
31.0, 158.7, 180
22.0, 167.7, 180
23.0, 118.4, 180
28.0, 138.0, 180
42.0, 174.0, 180
35.0, 157.8, 180
29.0, 169.8, 180
26.0, 159.6, 180
30.0, 156.9, 180
42.0, 161.5, 180
18.0, 147.6, 180
39.0, 168.0, 180
24.0, 164.0, 180
25.999999999999996, 152.3, 180
38.0, 167.3, 180
61.0, 172.8, 180
28.0, 161.8, 180
39.0, 159.6, 180
26.0, 158.7, 180
39.0, 172.8, 180
48.0, 166.8, 180
42.0, 160.5, 180
32.0, 160.4, 180
26.999999999999996, 171.6, 180
24.0, 174.5, 180
27.0, 167.3, 180
21.0, 158.7, 180
30.0, 167.7, 180
50.0, 171.3, 180
44.0, 165.3, 180
26.0, 155.4, 180
26.0, 167.9, 180
35.0, 160.5, 180
38.0, 170.2, 180
31.999999999999996, 170.7, 180
40.0, 154.8, 180
38.0, 164.8, 180
32.0, 95.2, 180
30.0, 151.4, 180
29.0, 171.0, 180
29.0, 157.8, 180
41.0, 159.1, 180
29.0, 172.5, 180
35.0, 162.4, 180
47.0, 157.2, 180
41.0, 162.1, 180
40.0, 133.0, 180
42.0, 163.3, 180
33.0, 161.0, 180
24.999999999999996, 180.8, 180
16.999999999999996, 172.4, 180
16.0, 166.6, 180
38.0, 161.2, 180
33.0, 170.9, 180
31.0, 159.0, 180
36.0, 170.7, 180
33.0, 148.8, 180
40.0, 162.3, 180
35.0, 157.5, 180
31.0, 136.3, 180
31.0, 164.2, 180
33.0, 145.9, 180
33.0, 158.2, 180
19.0, 166.4, 180
26.0, 161.1, 180
40.0, 163.7, 180
26.0, 172.7, 180
27.0, 165.3, 180
35.0, 164.0, 180
28.0, 169.1, 180
19.999999999999996, 161.7, 180
29.0, 167.9, 180
43.0, 164.5, 180
24.999999999999996, 169.7, 180
41.0, 161.8, 180
39.0, 159.6, 180
35.0, 143.6, 180
18.999999999999996, 130.4, 180
32.0, 154.8, 180
31.0, 166.8, 180
35.0, 164.8, 180
29.0, 156.9, 180
31.0, 143.6, 180
42.0, 181.3, 180
37.0, 161.0, 180
34.0, 164.6, 180
37.0, 159.0, 180
34.0, 156.9, 180
18.0, 157.5, 180
32.0, 167.0, 180
22.0, 155.3, 180
31.0, 165.6, 180
32.0, 148.6, 180
42.0, 168.2, 180
31.0, 163.3, 180
34.0, 169.7, 180
21.999999999999996, 154.7, 180
43.0, 173.1, 180
26.999999999999996, 158.2, 180
42.0, 162.1, 180
36.0, 155.3, 180
32.0, 178.5, 180
39.0, 170.0, 180
44.0, 160.0, 180
33.0, 154.8, 180
37.0, 164.6, 180
38.0, 169.8, 180
43.0, 165.1, 180
30.0, 157.5, 180
34.0, 174.8, 180
42.0, 170.1, 180
26.0, 147.6, 180
27.0, 148.0, 180
28.0, 169.8, 180
42.0, 160.8, 180
50.0, 165.3, 180
27.0, 160.4, 180
34.0, 168.0, 180
32.0, 160.6, 180
33.0, 150.0, 180
32.0, 153.0, 180
33.0, 156.5, 180
34.0, 120.1, 180
35.0, 163.1, 180
26.999999999999996, 164.2, 180
35.0, 169.5, 180
41.0, 119.9, 180
29.0, 160.8, 180
25.0, 155.7, 180
40.0, 155.0, 180
35.0, 157.5, 180
33.0, 166.7, 180
38.0, 168.3, 180
25.0, 181.9, 180
34.0, 157.7, 180
40.0, 93.0, 180
39.0, 164.7, 180
25.0, 178.5, 180
29.999999999999996, 164.1, 180
30.0, 170.7, 180
38.0, 159.0, 180
30.0, 178.3, 180
35.0, 159.1, 180
32.0, 166.0, 180
37.0, 167.9, 180
41.0, 170.9, 180
46.0, 171.6, 180
48.0, 167.5, 180
32.0, 154.2, 180
44.0, 170.1, 180
26.0, 151.4, 180
25.0, 164.3, 180
41.0, 169.1, 180
35.0, 157.8, 180
33.0, 155.3, 180
40.0, 139.8, 180
36.0, 167.9, 180
20.0, 167.6, 180
21.0, 151.9, 180
21.0, 164.2, 180
39.0, 163.9, 180
45.0, 162.7, 180
39.0, 158.2, 180
33.0, 161.1, 180
35.0, 157.1, 180
40.0, 162.0, 180
26.0, 136.3, 180
30.0, 164.9, 180
37.0, 157.3, 180
25.0, 164.1, 180
23.999999999999996, 168.8, 180
41.0, 163.9, 180
35.0, 155.4, 180
37.0, 169.7, 180
40.0, 161.2, 180
26.0, 172.9, 180
31.0, 162.8, 180
40.0, 158.5, 180
33.0, 162.1, 180
47.0, 154.8, 180
29.0, 164.7, 180
31.0, 168.5, 180
28.0, 164.3, 180
26.0, 160.4, 180
40.0, 171.8, 180
34.0, 156.1, 180
30.0, 156.2, 180
50.0, 153.8, 180
31.0, 161.8, 180
19.999999999999996, 155.6, 180
26.0, 156.5, 180
28.0, 157.5, 180
75.0, 166.7, 180
41.0, 162.4, 180
20.0, 154.8, 180
40.0, 164.1, 180
40.0, 162.4, 180
36.0, 160.4, 180
39.0, 164.0, 180
33.0, 160.7, 180
38.0, 166.1, 180
34.0, 126.2, 180
26.0, 160.4, 180
40.0, 158.7, 180
34.0, 171.2, 180
28.0, 170.3, 180
30.0, 162.6, 180
32.0, 153.8, 180
32.0, 164.2, 180
42.0, 163.3, 180
34.0, 168.6, 180
37.0, 124.1, 180
31.0, 158.8, 180
29.0, 162.1, 180
29.0, 164.7, 180
29.0, 159.1, 180
33.0, 154.1, 180
39.0, 165.3, 180
37.0, 169.8, 180
39.0, 95.2, 180
24.0, 157.6, 180
35.0, 173.9, 180
23.0, 155.8, 180
23.0, 163.9, 180
35.0, 171.1, 180
44.0, 143.3, 180
38.0, 131.6, 180
38.0, 165.8, 180
27.0, 155.3, 180
50.0, 172.3, 180
36.0, 159.0, 180
25.0, 156.0, 180
24.0, 139.8, 180
34.0, 147.9, 180
41.0, 118.4, 180
49.0, 154.7, 180
26.0, 170.3, 180
36.0, 95.2, 180
43.0, 155.0, 180
42.0, 165.5, 180
47.0, 155.4, 180
42.0, 132.0, 180
36.0, 157.4, 180
38.0, 158.5, 180
39.0, 174.6, 180
25.0, 123.2, 180
33.0, 151.9, 180
41.0, 170.8, 180
23.0, 166.8, 180
40.0, 171.0, 180
32.0, 158.7, 180
24.0, 118.4, 180
35.0, 160.4, 180
25.0, 167.9, 180
33.0, 162.3, 180
41.0, 136.2, 180
27.0, 167.7, 180
29.0, 165.1, 180
30.0, 169.1, 180
41.0, 159.0, 180
37.0, 151.4, 180
31.0, 151.9, 180
40.0, 165.6, 180
35.0, 166.8, 180
32.0, 163.6, 180
42.0, 168.2, 180
40.0, 124.3, 180
43.0, 159.0, 180
39.0, 159.0, 180
18.0, 171.8, 180
28.0, 162.3, 180
30.0, 160.3, 180
39.0, 167.0, 180
11.0, 166.0, 180
19.0, 174.0, 180
31.0, 163.0, 180
26.999999999999996, 160.6, 180
40.0, 147.4, 180
34.0, 163.3, 180
36.0, 170.3, 180
35.0, 145.9, 180
41.0, 159.0, 180
45.0, 172.9, 180
33.0, 167.1, 180
33.0, 161.2, 180
39.0, 167.8, 180
25.999999999999996, 163.3, 180
28.999999999999996, 165.3, 180
16.0, 161.2, 180
32.0, 160.1, 180
37.0, 156.5, 180
25.0, 170.6, 180
29.0, 154.5, 180
48.0, 128.0, 180
30.0, 163.7, 180
31.0, 170.2, 180
25.0, 167.0, 180
39.0, 175.4, 180
35.0, 165.3, 180
25.0, 168.8, 180
25.0, 164.1, 180
33.0, 174.6, 180
29.0, 156.2, 180
40.0, 170.8, 180
41.0, 177.4, 180
31.0, 160.4, 180
26.0, 162.3, 180
13.0, 155.8, 180
29.0, 169.8, 180
46.0, 170.4, 180
29.0, 140.0, 180
37.0, 174.6, 180
43.0, 162.7, 180
32.0, 181.9, 180
44.0, 165.3, 180
31.0, 162.6, 180
36.0, 170.3, 180
43.0, 169.2, 180
29.999999999999996, 146.8, 180
27.0, 159.7, 180
34.0, 160.4, 180
49.0, 176.8, 180
29.0, 148.3, 180
36.0, 173.4, 180
34.0, 158.5, 180
46.0, 176.2, 180
41.0, 163.1, 180
22.0, 166.8, 180
38.0, 166.6, 180
29.0, 160.3, 180
49.0, 133.0, 180
16.0, 152.6, 180
41.0, 95.2, 180
44.0, 156.1, 180
47.0, 160.4, 180
41.0, 163.5, 180
39.0, 170.1, 180
42.0, 155.8, 180
27.0, 163.3, 180
30.0, 171.8, 180
32.0, 152.3, 180
45.0, 166.0, 180
16.0, 157.6, 180
44.0, 168.8, 180
43.0, 159.1, 180
36.0, 171.3, 180
24.0, 172.1, 180
35.0, 171.8, 180
19.0, 169.1, 180
26.0, 173.4, 180
23.0, 143.6, 180
38.0, 164.6, 180
46.0, 160.5, 180
28.0, 164.4, 180
42.0, 152.4, 180
28.0, 169.3, 180
32.0, 155.7, 180
28.0, 157.7, 180
30.0, 164.6, 180
23.999999999999996, 148.6, 180
26.0, 166.8, 180
31.0, 163.9, 180
32.0, 155.4, 180
43.0, 173.1, 180
46.0, 167.0, 180
28.0, 171.3, 180
22.0, 165.6, 180
30.0, 124.1, 180
34.0, 172.7, 180
44.0, 157.7, 180
31.0, 149.3, 180
36.0, 166.8, 180
34.0, 170.4, 180
27.0, 156.3, 180
28.0, 169.7, 180
41.0, 177.0, 180
43.0, 155.4, 180
33.0, 160.4, 180
23.0, 161.9, 180
21.0, 169.6, 180
32.0, 152.3, 180
39.0, 160.5, 180
40.0, 164.7, 180
29.0, 160.3, 180
41.0, 154.2, 180
29.0, 156.1, 180
36.0, 169.1, 180
38.0, 173.4, 180
40.0, 137.1, 180
26.0, 164.5, 180
37.0, 164.7, 180
23.0, 165.5, 180
45.0, 158.5, 180
27.0, 154.7, 180
31.0, 148.8, 180
30.0, 154.9, 180
32.0, 156.6, 180
30.0, 160.4, 180
24.999999999999996, 170.3, 180
30.0, 163.6, 180
29.999999999999996, 162.1, 180
40.0, 163.3, 180
30.0, 161.3, 180
31.0, 159.6, 180
21.0, 168.8, 180
37.0, 170.9, 180
42.0, 159.6, 180
31.0, 85.1, 180
39.0, 162.3, 180
41.0, 158.5, 180
37.0, 157.7, 180
43.0, 164.4, 180
39.0, 160.5, 180
40.0, 168.8, 180
32.0, 143.6, 180
40.0, 126.1, 180
28.0, 168.2, 180
41.0, 163.1, 180
40.0, 173.9, 180
15.0, 145.9, 180
31.0, 155.4, 180
30.0, 164.1, 180
37.0, 162.0, 180
40.0, 170.6, 180
33.0, 172.7, 180
23.999999999999996, 169.6, 180
41.0, 161.2, 180
23.999999999999996, 175.2, 180
29.0, 170.2, 180
28.0, 170.3, 180
29.0, 170.2, 180
41.0, 166.4, 180
38.0, 163.3, 180
40.0, 157.2, 180
42.0, 163.4, 180
43.0, 165.1, 180
32.0, 160.4, 180
24.0, 162.4, 180
33.0, 164.4, 180
27.0, 164.2, 180
26.0, 164.8, 180
25.0, 164.6, 180
25.0, 180.8, 180
34.0, 152.1, 180
26.0, 163.1, 180
27.0, 147.4, 180
26.0, 153.0, 180
24.0, 169.1, 180
25.0, 160.6, 180
29.0, 172.1, 180
43.0, 166.9, 180
35.0, 163.0, 180
19.0, 139.6, 180
36.0, 128.8, 180
27.0, 157.0, 180
35.0, 143.6, 180
31.0, 166.1, 180
34.0, 171.3, 180
26.0, 136.3, 180
28.0, 156.1, 180
34.0, 179.1, 180
29.999999999999996, 124.3, 180
35.0, 167.0, 180
44.0, 156.5, 180
28.0, 118.4, 180
31.0, 169.8, 180
30.0, 169.2, 180
26.0, 160.7, 180
43.0, 175.1, 180
34.0, 164.5, 180
36.0, 173.9, 180
39.0, 162.1, 180
32.0, 157.3, 180
33.0, 160.5, 180
36.0, 158.2, 180
35.0, 167.3, 180
29.999999999999996, 164.8, 180
18.999999999999996, 157.9, 180
28.0, 158.2, 180
27.0, 162.4, 180
35.0, 145.9, 180
23.0, 155.4, 180
43.0, 164.2, 180
37.0, 161.5, 180
27.0, 156.0, 180
37.0, 165.8, 180
19.999999999999996, 167.7, 180
19.0, 168.0, 180
44.0, 114.6, 180
34.0, 167.6, 180
24.0, 172.1, 180
27.0, 167.7, 180
33.0, 165.3, 180
31.0, 154.1, 180
34.0, 158.1, 180
43.0, 166.4, 180
25.0, 160.5, 180
40.0, 139.5, 180
39.0, 157.5, 180
30.0, 155.4, 180
29.0, 165.8, 180
20.0, 147.6, 180
27.0, 172.7, 180
35.0, 167.1, 180
52.0, 160.5, 180
39.0, 158.5, 180
16.0, 168.5, 180
44.0, 157.5, 180
42.0, 148.0, 180
29.0, 158.8, 180
37.0, 180.8, 180
43.0, 178.1, 180
28.0, 151.0, 180
22.0, 163.0, 180
33.0, 158.8, 180
44.0, 156.5, 180
49.0, 167.9, 180
32.0, 160.5, 180
42.0, 158.7, 180
26.0, 168.8, 180
29.0, 159.6, 180
31.0, 158.2, 180
49.0, 170.3, 180
49.0, 175.6, 180
34.0, 171.2, 180
42.0, 169.8, 180
36.0, 172.5, 180
40.0, 166.3, 180
26.0, 170.4, 180
27.0, 168.9, 180
47.0, 160.8, 180
17.999999999999996, 180.8, 180
26.0, 161.2, 180
26.0, 171.9, 180
24.0, 165.1, 180
27.999999999999996, 166.3, 180
39.0, 172.3, 180
19.0, 165.3, 180
33.0, 174.3, 180
29.0, 171.8, 180
20.0, 164.3, 180
47.0, 165.3, 180
53.0, 159.0, 180
23.999999999999996, 160.5, 180
27.0, 174.6, 180
37.0, 171.3, 180
32.0, 163.4, 180
45.0, 143.2, 180
32.0, 164.4, 180
40.0, 158.1, 180
15.999999999999996, 147.3, 180
36.0, 177.5, 180
25.0, 158.2, 180
31.0, 158.8, 180
40.0, 161.7, 180
44.0, 171.3, 180
31.0, 178.5, 180
40.0, 159.6, 180
45.0, 147.3, 180
25.0, 164.0, 180
40.0, 170.3, 180
31.0, 160.3, 180
26.0, 149.3, 180
34.0, 114.6, 180
31.0, 130.4, 180
28.0, 164.7, 180
34.0, 163.3, 180
36.0, 180.8, 180
35.0, 171.1, 180
38.0, 145.9, 180
46.0, 160.1, 180
38.0, 151.3, 180
34.0, 137.2, 180
28.0, 169.1, 180
41.0, 161.2, 180
30.0, 164.3, 180
32.0, 139.8, 180
40.0, 169.7, 180
47.0, 162.4, 180
30.0, 157.7, 180
43.0, 152.3, 180
44.0, 169.7, 180
27.0, 138.1, 180
40.0, 165.6, 180
35.0, 164.6, 180
29.0, 171.3, 180
36.0, 159.0, 180
31.0, 154.5, 180
43.0, 166.6, 180
32.0, 139.4, 180
41.0, 163.4, 180
37.0, 166.1, 180
50.0, 163.0, 180
24.0, 167.0, 180
29.0, 162.6, 180
29.0, 160.3, 180
39.0, 164.7, 180
31.0, 169.5, 180
39.0, 154.2, 180
40.0, 163.6, 180
26.0, 170.3, 180
43.0, 120.1, 180
38.0, 170.2, 180
29.0, 172.8, 180
36.0, 168.2, 180
32.0, 181.9, 180
30.0, 164.0, 180
16.0, 150.8, 180
41.0, 157.9, 180
29.0, 163.2, 180
36.0, 157.6, 180
24.0, 163.7, 180
23.0, 165.1, 180
50.0, 147.3, 180
27.0, 171.3, 180
35.0, 181.3, 180
31.0, 163.1, 180
27.0, 170.1, 180
27.0, 156.9, 180
38.0, 170.0, 180
26.0, 174.6, 180
27.0, 165.9, 180
40.0, 138.9, 180
53.0, 161.1, 180
30.0, 164.3, 180
35.0, 158.2, 180
15.0, 170.1, 180
41.0, 155.4, 180
41.0, 166.8, 180
29.0, 151.2, 180
33.0, 161.9, 180
24.0, 166.3, 180
29.0, 157.8, 180
41.0, 166.8, 180
26.0, 168.3, 180
28.0, 169.1, 180
29.0, 155.6, 180
32.0, 165.8, 180
34.0, 164.1, 180
14.0, 160.4, 180
47.0, 160.5, 180
24.0, 126.2, 180
29.0, 143.6, 180
42.0, 169.8, 180
38.0, 156.0, 180
44.0, 165.2, 180
24.0, 163.2, 180
36.0, 164.9, 180
35.0, 158.7, 180
40.0, 170.3, 180
21.0, 160.1, 180
28.999999999999996, 168.2, 180
32.0, 151.8, 180
28.0, 93.0, 180
46.0, 167.6, 180
36.0, 161.0, 180
37.0, 158.1, 180
39.0, 170.9, 180
35.0, 169.5, 180
34.0, 160.1, 180
28.999999999999996, 163.0, 180
28.0, 149.3, 180
35.0, 173.4, 180
37.0, 157.8, 180
39.0, 145.5, 180
32.0, 173.9, 180
38.0, 175.4, 180
25.0, 154.5, 180
32.0, 155.1, 180
32.0, 161.3, 180
30.0, 161.9, 180
26.0, 167.7, 180
26.0, 176.1, 180
37.0, 159.0, 180
36.0, 165.3, 180
33.0, 170.1, 180
42.0, 162.3, 180
23.0, 150.8, 180
32.0, 155.1, 180
42.0, 158.5, 180
28.0, 140.2, 180
37.0, 160.4, 180
37.0, 147.6, 180
32.0, 147.3, 180
29.0, 138.1, 180
30.0, 165.5, 180
26.999999999999996, 154.2, 180
42.0, 170.3, 180
36.0, 162.3, 180
40.0, 166.2, 180
44.0, 157.2, 180
37.0, 152.1, 180
41.0, 164.5, 180
36.0, 157.5, 180
37.0, 161.8, 180
25.0, 165.5, 180
37.0, 159.0, 180
43.0, 165.6, 180
38.0, 143.6, 180
33.0, 176.8, 180
13.999999999999996, 163.6, 180
29.0, 168.7, 180
28.0, 124.1, 180
32.0, 170.2, 180
16.0, 171.0, 180
48.0, 145.5, 180
31.0, 163.7, 180
36.0, 118.4, 180
34.0, 165.3, 180
32.0, 161.1, 180
14.0, 158.3, 180
34.0, 120.1, 180
38.0, 159.6, 180
26.0, 177.4, 180
26.0, 158.5, 180
36.0, 175.6, 180
56.0, 130.4, 180
40.0, 163.3, 180
38.0, 152.6, 180
41.0, 164.7, 180
21.0, 157.7, 180
44.0, 171.1, 180
38.0, 162.5, 180
36.0, 168.3, 180
49.0, 162.3, 180
44.0, 164.8, 180
22.0, 154.5, 180
36.0, 154.7, 180
36.0, 177.8, 180
28.0, 160.0, 180
42.0, 167.9, 180
33.0, 167.8, 180
41.0, 164.9, 180
25.0, 162.4, 180
27.0, 168.8, 180
37.0, 181.3, 180
34.0, 165.8, 180
47.0, 160.0, 180
17.0, 158.1, 180
36.0, 163.1, 180
39.0, 160.2, 180
34.0, 168.6, 180
33.0, 158.5, 180
34.0, 164.3, 180
27.0, 151.8, 180
31.0, 85.1, 180
43.0, 171.3, 180
37.0, 169.1, 180
12.0, 155.7, 180
34.0, 165.0, 180
27.0, 163.3, 180
42.0, 155.7, 180
44.0, 161.9, 180
52.0, 159.1, 180
36.0, 150.8, 180
29.0, 166.3, 180
34.0, 165.5, 180
22.0, 152.1, 180
37.0, 167.1, 180
25.999999999999996, 150.0, 180
38.0, 160.0, 180
18.0, 177.5, 180
43.0, 172.1, 180
27.0, 136.2, 180
43.0, 124.1, 180
30.0, 93.0, 180
12.0, 151.5, 180
29.0, 148.6, 180
32.0, 168.0, 180
40.0, 162.2, 180
31.0, 114.6, 180
44.0, 160.1, 180
26.0, 132.0, 180
28.999999999999996, 165.6, 180
31.0, 157.9, 180
41.0, 149.3, 180
29.0, 169.8, 180
46.0, 153.0, 180
39.0, 170.1, 180
29.0, 161.8, 180
28.0, 161.8, 180
37.0, 158.2, 180
39.0, 164.8, 180
43.0, 164.8, 180
36.0, 169.8, 180
25.0, 172.7, 180
43.0, 153.2, 180
31.0, 179.1, 180
35.0, 164.1, 180
40.0, 159.0, 180
37.0, 163.7, 180
48.0, 158.7, 180
30.0, 168.2, 180
25.0, 157.0, 180
42.0, 156.1, 180
26.0, 160.1, 180
31.0, 136.2, 180
39.0, 165.3, 180
30.0, 164.8, 180
49.0, 161.2, 180
41.0, 169.7, 180
27.0, 169.7, 180
24.0, 170.8, 180
18.0, 168.8, 180
30.0, 168.3, 180
27.0, 164.8, 180
33.0, 158.7, 180
42.0, 161.0, 180
28.0, 166.4, 180
36.0, 160.0, 180
38.0, 160.2, 180
72.0, 176.8, 180
35.0, 171.3, 180
31.0, 164.1, 180
31.0, 161.4, 180
26.0, 160.4, 180
50.0, 82.5, 180
44.0, 124.3, 180
34.0, 178.5, 180
44.0, 162.4, 180
30.0, 151.5, 180
46.0, 174.6, 180
30.0, 166.8, 180
34.0, 157.7, 180
51.0, 167.0, 180
38.0, 165.5, 180
46.0, 159.1, 180
43.0, 140.6, 180
41.0, 155.6, 180
24.0, 163.1, 180
43.0, 145.9, 180
36.0, 140.0, 180
35.0, 158.5, 180
52.0, 164.5, 180
41.0, 156.0, 180
25.0, 169.1, 180
39.0, 161.2, 180
30.0, 151.3, 180
33.0, 173.9, 180
45.0, 167.7, 180
34.0, 180.8, 180
23.0, 143.2, 180
26.999999999999996, 140.2, 180
35.0, 170.0, 180
30.0, 167.0, 180
28.0, 164.0, 180
31.0, 140.2, 180
32.0, 164.4, 180
33.0, 169.6, 180
38.0, 160.5, 180
23.0, 163.8, 180
40.0, 160.1, 180
39.0, 139.4, 180
43.0, 171.3, 180
78.0, 153.2, 180
36.0, 164.0, 180
28.0, 159.2, 180
30.0, 163.9, 180
28.0, 165.1, 180
31.0, 162.1, 180
41.0, 140.0, 180
38.0, 168.6, 180
35.0, 168.5, 180
39.0, 162.1, 180
37.0, 169.7, 180
36.0, 181.9, 180
41.0, 162.7, 180
48.0, 147.6, 180
28.0, 169.7, 180
34.0, 160.5, 180
29.999999999999996, 161.0, 180
49.0, 161.2, 180
42.0, 154.1, 180
35.0, 157.6, 180
37.0, 118.4, 180
30.0, 151.4, 180
24.0, 174.6, 180
32.0, 164.3, 180
25.0, 155.7, 180
42.0, 82.5, 180
24.0, 145.5, 180
34.0, 154.7, 180
29.0, 157.3, 180
22.0, 166.9, 180
32.0, 160.4, 180
32.0, 163.9, 180
39.0, 173.4, 180
46.0, 171.8, 180
18.0, 153.8, 180
26.0, 162.5, 180
27.0, 166.3, 180
31.0, 163.9, 180
29.0, 166.2, 180
42.0, 124.1, 180
28.0, 160.1, 180
25.0, 168.0, 180
26.0, 157.3, 180
39.0, 160.4, 180
27.0, 156.8, 180
31.0, 145.9, 180
29.999999999999996, 165.0, 180
26.0, 163.6, 180
23.999999999999996, 167.7, 180
41.0, 164.0, 180
42.0, 132.9, 180
34.0, 159.1, 180
23.0, 160.5, 180
30.0, 157.6, 180
26.0, 139.8, 180
27.0, 148.0, 180
34.0, 172.7, 180
33.0, 166.8, 180
18.999999999999996, 130.4, 180
34.0, 156.6, 180
33.0, 161.2, 180
26.999999999999996, 178.5, 180
33.0, 95.2, 180
32.0, 168.0, 180
40.0, 136.2, 180
34.0, 172.9, 180
28.999999999999996, 163.6, 180
32.0, 159.0, 180
27.0, 166.4, 180
25.0, 157.7, 180
36.0, 166.0, 180
38.0, 160.0, 180
27.0, 174.8, 180
41.0, 171.6, 180
40.0, 147.3, 180
41.0, 163.0, 180
26.0, 155.3, 180
32.0, 169.1, 180
31.0, 170.3, 180
42.0, 172.8, 180
34.0, 166.8, 180
31.0, 172.4, 180
36.0, 170.7, 180
27.0, 145.4, 180
38.0, 128.8, 180
21.999999999999996, 160.1, 180
25.0, 163.9, 180
32.0, 163.1, 180
43.0, 159.6, 180
30.0, 164.3, 180
39.0, 171.0, 180
22.0, 172.4, 180
47.0, 161.4, 180
32.0, 170.6, 180
34.0, 163.3, 180
35.0, 160.3, 180
30.0, 162.7, 180
42.0, 169.1, 180
39.0, 168.2, 180
33.0, 159.2, 180
35.0, 166.8, 180
33.0, 143.2, 180
35.0, 167.9, 180
32.0, 126.1, 180
31.0, 161.8, 180
22.0, 164.9, 180
22.999999999999996, 124.3, 180
24.0, 170.7, 180
35.0, 160.4, 180
37.0, 166.4, 180
38.0, 171.3, 180
37.0, 162.6, 180
28.0, 147.4, 180
31.0, 161.1, 180
34.0, 159.0, 180
50.0, 126.1, 180
51.0, 173.4, 180
39.0, 158.7, 180
52.0, 143.6, 180
33.0, 181.9, 180
29.0, 143.6, 180
44.0, 158.2, 180
51.0, 173.9, 180
37.0, 139.4, 180
37.0, 168.1, 180
28.0, 165.3, 180
41.0, 176.1, 180
38.0, 128.0, 180
38.0, 166.3, 180
27.0, 167.0, 180
24.999999999999996, 155.7, 180
17.999999999999996, 160.5, 180
31.0, 148.1, 180
21.999999999999996, 157.7, 180
40.0, 163.2, 180
29.0, 160.4, 180
23.0, 155.7, 180
32.0, 168.2, 180
23.999999999999996, 165.6, 180
27.0, 171.6, 180
30.0, 167.3, 180
24.0, 114.6, 180
38.0, 131.6, 180
23.0, 148.8, 180
25.0, 128.0, 180
26.0, 165.6, 180
32.0, 164.8, 180
38.0, 167.1, 180
21.0, 174.6, 180
52.0, 168.0, 180
38.0, 163.6, 180
36.0, 169.1, 180
44.0, 165.3, 180
42.0, 158.8, 180
41.0, 159.0, 180
31.0, 159.1, 180
30.0, 158.7, 180
41.0, 161.7, 180
40.0, 156.9, 180
34.0, 166.7, 180
30.0, 168.9, 180
35.0, 163.2, 180
22.0, 169.5, 180
39.0, 170.0, 180
27.0, 171.8, 180
39.0, 151.3, 180
28.0, 155.4, 180
25.0, 171.3, 180
32.0, 170.6, 180
30.0, 152.1, 180
39.0, 166.3, 180
44.0, 165.8, 180
42.0, 159.0, 180
45.0, 166.5, 180
39.0, 167.9, 180
26.0, 159.1, 180
29.0, 122.9, 180
31.0, 159.6, 180
40.0, 140.0, 180
38.0, 145.9, 180
31.0, 168.8, 180
24.0, 161.2, 180
38.0, 164.9, 180
26.0, 147.3, 180
33.0, 161.2, 180
23.0, 165.1, 180
37.0, 169.6, 180
29.0, 159.0, 180
40.0, 161.4, 180
29.999999999999996, 123.2, 180
13.0, 139.6, 180
35.0, 172.4, 180
37.0, 162.1, 180
36.0, 175.2, 180
33.0, 155.7, 180
32.0, 166.7, 180
30.999999999999996, 162.3, 180
36.0, 170.9, 180
43.0, 172.9, 180
29.0, 138.9, 180
36.0, 160.3, 180
34.0, 165.5, 180
37.0, 169.4, 180
27.0, 166.0, 180
35.0, 157.6, 180
31.0, 162.9, 180
28.0, 159.0, 180
27.0, 124.1, 180
47.0, 159.0, 180
40.0, 148.8, 180
21.0, 159.1, 180
36.0, 164.0, 180
36.0, 159.0, 180
34.0, 152.6, 180
26.0, 165.2, 180
27.0, 157.1, 180
34.0, 167.3, 180
37.0, 165.1, 180
37.0, 166.3, 180
28.999999999999996, 166.6, 180
22.0, 174.6, 180
34.0, 166.4, 180
37.0, 165.8, 180
33.0, 165.9, 180
36.0, 160.1, 180
34.0, 164.0, 180
50.0, 161.7, 180
31.0, 155.7, 180
31.0, 156.1, 180
50.0, 157.7, 180
38.0, 157.7, 180
44.0, 157.7, 180
24.999999999999996, 172.9, 180
41.0, 168.9, 180
46.0, 163.1, 180
25.0, 169.4, 180
37.0, 168.6, 180
28.0, 164.7, 180
35.0, 165.2, 180
36.0, 165.0, 180
26.999999999999996, 174.8, 180
38.0, 168.4, 180
28.0, 156.9, 180
22.0, 168.8, 180
46.0, 164.9, 180
27.0, 172.1, 180
34.0, 119.9, 180
32.0, 172.7, 180
33.0, 170.3, 180
35.0, 173.4, 180
37.0, 180.8, 180
36.0, 168.0, 180
42.0, 145.9, 180
35.0, 128.8, 180
39.0, 159.6, 180
36.0, 170.3, 180
40.0, 168.8, 180
34.0, 161.1, 180
23.999999999999996, 162.5, 180
26.0, 126.1, 180
38.0, 136.2, 180
38.0, 160.4, 180
38.0, 166.4, 180
44.0, 136.3, 180
24.0, 151.5, 180
29.0, 157.5, 180
47.0, 146.3, 180
34.0, 158.8, 180
30.0, 155.4, 180
41.0, 151.5, 180
22.0, 141.4, 180
43.0, 167.0, 180
14.0, 163.9, 180
39.0, 167.7, 180
31.0, 173.4, 180
49.0, 172.7, 180
47.0, 161.3, 180
36.0, 160.6, 180
36.0, 161.9, 180
35.0, 165.3, 180
35.0, 153.2, 180
50.0, 160.0, 180
27.0, 170.9, 180
38.0, 157.9, 180
25.0, 170.6, 180
24.0, 161.2, 180
39.0, 169.1, 180
49.0, 160.1, 180
33.0, 161.9, 180
47.0, 166.6, 180
31.0, 145.9, 180
27.0, 160.5, 180
31.0, 162.6, 180
42.0, 155.7, 180
34.0, 166.8, 180
31.999999999999996, 167.0, 180
31.0, 162.7, 180
34.0, 159.0, 180
26.0, 148.3, 180
33.0, 152.3, 180
30.0, 169.6, 180
30.999999999999996, 148.0, 180
32.0, 170.1, 180
41.0, 169.4, 180
37.0, 168.8, 180
29.0, 158.3, 180
28.0, 159.1, 180
34.0, 160.6, 180
35.0, 170.7, 180
35.0, 156.5, 180
30.0, 160.3, 180
43.0, 164.0, 180
33.0, 163.0, 180
43.0, 163.6, 180
36.0, 164.3, 180
37.0, 158.5, 180
35.0, 123.2, 180
19.999999999999996, 168.6, 180
28.0, 160.7, 180
22.0, 168.3, 180
30.0, 168.2, 180
38.0, 176.8, 180
19.0, 172.7, 180
32.0, 143.6, 180
41.0, 159.0, 180
25.0, 166.6, 180
29.0, 141.8, 180
38.0, 160.5, 180
26.0, 161.8, 180
31.0, 152.4, 180
44.0, 161.9, 180
20.0, 138.9, 180
29.0, 154.7, 180
24.0, 168.9, 180
27.0, 139.6, 180
34.0, 163.0, 180
33.0, 157.5, 180
44.0, 165.5, 180
31.0, 170.2, 180
34.0, 164.7, 180
27.0, 179.1, 180
25.0, 156.4, 180
38.0, 165.4, 180
22.0, 174.5, 180
37.0, 170.3, 180
45.0, 170.3, 180
28.0, 167.7, 180
37.0, 160.4, 180
47.0, 159.0, 180
27.0, 169.1, 180
40.0, 158.2, 180
30.0, 172.4, 180
31.0, 166.8, 180
44.0, 159.0, 180
35.0, 168.0, 180
40.0, 168.2, 180
23.999999999999996, 143.6, 180
35.0, 165.3, 180
27.999999999999996, 161.3, 180
40.0, 163.3, 180
19.0, 164.5, 180
34.0, 95.2, 180
29.0, 155.3, 180
36.0, 160.8, 180
25.0, 146.3, 180
34.0, 167.9, 180
40.0, 166.6, 180
34.0, 161.3, 180
35.0, 165.5, 180
35.0, 155.4, 180
32.0, 171.2, 180
36.0, 154.7, 180
28.999999999999996, 145.9, 180
30.0, 155.3, 180
40.0, 170.1, 180
35.0, 180.8, 180
27.0, 163.3, 180
20.999999999999996, 162.4, 180
43.0, 169.1, 180
44.0, 158.2, 180
27.0, 172.6, 180
33.0, 166.8, 180
27.0, 176.2, 180
25.0, 162.1, 180
26.0, 163.1, 180
34.0, 165.3, 180
31.0, 177.4, 180
33.0, 163.4, 180
43.0, 177.5, 180
43.0, 161.3, 180
35.0, 165.3, 180
52.0, 174.5, 180
36.0, 147.6, 180
62.0, 162.4, 180
31.0, 179.1, 180
39.0, 173.4, 180
42.0, 169.6, 180
27.0, 164.9, 180
40.0, 168.4, 180
26.0, 155.3, 180
35.0, 168.5, 180
30.0, 164.8, 180
28.0, 164.4, 180
40.0, 180.8, 180
24.0, 145.5, 180
30.0, 165.3, 180
36.0, 155.8, 180
44.0, 165.1, 180
41.0, 162.7, 180
24.999999999999996, 169.4, 180
25.0, 141.4, 180
30.0, 156.3, 180
37.0, 149.3, 180
36.0, 172.7, 180
27.999999999999996, 160.8, 180
25.0, 145.5, 180
28.0, 161.2, 180
33.0, 168.4, 180
32.0, 166.4, 180
41.0, 151.5, 180
30.0, 153.8, 180
24.0, 159.2, 180
20.0, 161.2, 180
34.0, 166.8, 180
32.0, 163.5, 180
26.0, 165.6, 180
27.0, 151.4, 180
28.0, 93.0, 180
33.0, 148.3, 180
38.0, 157.5, 180
34.0, 165.3, 180
32.0, 165.5, 180
31.0, 167.9, 180
31.0, 169.1, 180
38.0, 161.3, 180
39.0, 164.0, 180
30.0, 163.4, 180
29.0, 155.3, 180
41.0, 146.8, 180
22.0, 154.7, 180
29.0, 171.0, 180
25.0, 170.9, 180
29.0, 170.2, 180
30.0, 154.7, 180
14.0, 172.7, 180
36.0, 168.4, 180
35.0, 157.8, 180
35.0, 169.2, 180
40.0, 163.0, 180
32.0, 168.7, 180
24.0, 143.6, 180
16.0, 119.9, 180
22.999999999999996, 159.3, 180
26.0, 165.5, 180
34.0, 163.3, 180
45.0, 159.0, 180
48.0, 165.3, 180
14.999999999999996, 165.3, 180
47.0, 161.2, 180
32.0, 170.8, 180
31.0, 140.6, 180
38.0, 158.7, 180
34.0, 165.2, 180
26.0, 174.6, 180
34.0, 167.7, 180
59.0, 148.1, 180
25.0, 154.1, 180
37.0, 170.2, 180
37.0, 155.1, 180
15.0, 145.9, 180
44.0, 151.3, 180
28.0, 145.5, 180
32.0, 166.4, 180
40.0, 159.7, 180
37.0, 160.1, 180
32.0, 148.3, 180
40.0, 160.2, 180
40.0, 170.9, 180
44.0, 170.7, 180
45.0, 169.7, 180
25.0, 159.3, 180
39.0, 159.3, 180
36.0, 167.1, 180
40.0, 163.8, 180
36.0, 159.1, 180
35.0, 161.0, 180
23.0, 130.4, 180
35.0, 165.6, 180
39.0, 170.9, 180
27.0, 165.2, 180
36.0, 177.0, 180
32.0, 139.5, 180
36.0, 169.1, 180
34.0, 166.1, 180
45.0, 171.0, 180
36.0, 161.8, 180
36.0, 160.4, 180
23.0, 165.1, 180
29.0, 166.3, 180
33.0, 159.0, 180
23.0, 175.4, 180
30.0, 165.9, 180
22.0, 169.1, 180
33.0, 170.9, 180
13.0, 167.9, 180
37.0, 162.4, 180
29.0, 161.9, 180
43.0, 156.0, 180
41.0, 167.9, 180
21.999999999999996, 151.0, 180
21.0, 162.4, 180
34.0, 167.9, 180
23.0, 167.3, 180
21.0, 162.5, 180
40.0, 147.3, 180
24.0, 157.1, 180
30.0, 167.9, 180
30.0, 114.6, 180
22.0, 166.3, 180
29.0, 169.1, 180
24.0, 95.2, 180
31.0, 150.8, 180
38.0, 140.6, 180
41.0, 136.2, 180
37.0, 163.0, 180
29.0, 162.4, 180
28.0, 160.2, 180
35.0, 173.9, 180
34.0, 162.9, 180
29.0, 171.9, 180
28.0, 160.6, 180
42.0, 166.1, 180
33.0, 165.3, 180
37.0, 156.9, 180
37.0, 155.7, 180
24.0, 168.2, 180
37.0, 155.0, 180
38.0, 163.3, 180
43.0, 174.5, 180
28.0, 157.5, 180
29.0, 168.8, 180
41.0, 170.6, 180
35.0, 174.6, 180
39.0, 155.8, 180
29.0, 160.0, 180
48.0, 164.6, 180
34.0, 156.3, 180
25.0, 169.2, 180
36.0, 156.9, 180
33.0, 156.9, 180
34.0, 172.6, 180
42.0, 157.0, 180
42.0, 150.8, 180
35.0, 168.1, 180
28.0, 85.1, 180
37.0, 141.8, 180
35.0, 167.5, 180
26.0, 158.1, 180
32.0, 177.4, 180
28.0, 164.9, 180
27.0, 126.2, 180
22.0, 161.2, 180
32.0, 159.6, 180
43.0, 157.8, 180
35.0, 162.4, 180
45.0, 171.3, 180
30.0, 162.3, 180
26.0, 170.4, 180
30.0, 176.2, 180
38.0, 164.2, 180
20.0, 158.3, 180
23.0, 166.4, 180
24.0, 168.1, 180
37.0, 171.8, 180
21.999999999999996, 164.8, 180
23.0, 161.1, 180
28.0, 157.3, 180
27.0, 178.5, 180
39.0, 177.5, 180
45.0, 173.4, 180
26.0, 166.8, 180
28.0, 172.4, 180
38.0, 170.3, 180
34.0, 161.1, 180
25.0, 152.3, 180
21.0, 165.3, 180
39.0, 159.0, 180
45.0, 168.9, 180
34.0, 170.1, 180
29.0, 155.7, 180
31.0, 177.5, 180
28.0, 177.8, 180
38.0, 164.0, 180
31.0, 159.0, 180
42.0, 159.0, 180
27.0, 159.3, 180
31.0, 139.8, 180
33.0, 160.4, 180
28.0, 156.9, 180
36.0, 158.3, 180
31.0, 167.0, 180
30.0, 137.2, 180
43.0, 161.0, 180
28.0, 153.8, 180
38.0, 151.5, 180
41.0, 159.0, 180
35.0, 164.9, 180
45.0, 140.0, 180
36.0, 156.6, 180
32.0, 160.2, 180
40.0, 126.1, 180
45.0, 166.6, 180
43.0, 152.6, 180
36.0, 171.3, 180
25.0, 166.4, 180
33.0, 165.6, 180
39.0, 161.9, 180
48.0, 164.0, 180
27.0, 154.7, 180
52.0, 157.8, 180
39.0, 148.0, 180
27.0, 168.7, 180
44.0, 154.1, 180
26.0, 159.6, 180
35.0, 171.3, 180
19.999999999999996, 158.7, 180
33.0, 165.1, 180
28.0, 166.1, 180
31.0, 165.6, 180
37.0, 168.6, 180
32.0, 158.3, 180
25.0, 158.1, 180
37.0, 169.3, 180
46.0, 164.6, 180
37.0, 169.8, 180
34.0, 168.7, 180
30.0, 169.6, 180
31.0, 153.8, 180
26.0, 150.9, 180
36.0, 138.1, 180
39.0, 161.0, 180
33.0, 161.9, 180
30.999999999999996, 150.0, 180
30.0, 139.4, 180
30.0, 157.8, 180
25.0, 157.6, 180
20.0, 172.7, 180
32.0, 168.5, 180
36.0, 143.6, 180
35.0, 162.7, 180
35.0, 159.2, 180
36.0, 162.3, 180
22.0, 168.4, 180
39.0, 165.2, 180
36.0, 161.5, 180
26.0, 143.6, 180
43.0, 165.8, 180
42.0, 164.9, 180
28.0, 166.9, 180
26.0, 157.9, 180
26.999999999999996, 167.8, 180
24.0, 163.0, 180
45.0, 164.8, 180
16.0, 170.1, 180
34.0, 163.3, 180
34.0, 167.1, 180
38.0, 167.3, 180
38.0, 163.0, 180
32.0, 146.8, 180
44.0, 162.1, 180
31.0, 161.3, 180
36.0, 158.1, 180
26.0, 152.4, 180
39.0, 157.7, 180
33.0, 168.0, 180
41.0, 170.6, 180
37.0, 166.3, 180
35.0, 162.7, 180
27.0, 174.3, 180
22.0, 157.9, 180
43.0, 169.8, 180
40.0, 162.0, 180
34.0, 163.4, 180
34.0, 154.7, 180
30.0, 155.3, 180
45.0, 159.0, 180
23.0, 168.7, 180
27.0, 155.3, 180
28.0, 178.1, 180
30.0, 161.4, 180
44.0, 162.4, 180
31.0, 124.1, 180
29.999999999999996, 152.6, 180
29.0, 156.0, 180
44.0, 166.9, 180
26.0, 173.1, 180
25.0, 176.2, 180
44.0, 156.0, 180
42.0, 159.1, 180
41.0, 165.3, 180
37.0, 160.4, 180
29.0, 158.1, 180
44.0, 162.3, 180
11.0, 167.3, 180
30.0, 168.8, 180
30.0, 145.9, 180
31.0, 155.1, 180
36.0, 165.5, 180
40.0, 170.2, 180
36.0, 164.9, 180
31.999999999999996, 154.9, 180
24.0, 171.3, 180
26.0, 163.0, 180
38.0, 154.9, 180
49.0, 164.6, 180
31.0, 163.4, 180
38.0, 177.0, 180
30.0, 159.0, 180
42.0, 167.7, 180
27.0, 163.1, 180
30.0, 164.8, 180
41.0, 160.2, 180
27.0, 171.0, 180
27.0, 158.8, 180
40.0, 174.8, 180
22.0, 168.0, 180
29.0, 158.7, 180
37.0, 163.7, 180
29.0, 95.2, 180
39.0, 173.1, 180
22.0, 163.9, 180
34.0, 169.7, 180
43.0, 156.3, 180
52.0, 161.0, 180
35.0, 159.0, 180
32.0, 166.8, 180
33.0, 165.2, 180
44.0, 166.4, 180
49.0, 160.5, 180
21.0, 170.3, 180
33.0, 170.9, 180
29.0, 160.3, 180
33.0, 168.8, 180
31.0, 148.0, 180
48.0, 138.9, 180
42.0, 145.8, 180
44.0, 171.6, 180
42.0, 168.9, 180
30.0, 167.5, 180
14.0, 126.2, 180
31.0, 178.1, 180
26.0, 154.7, 180
44.0, 122.9, 180
34.0, 146.8, 180
38.0, 165.3, 180
26.0, 151.2, 180
41.0, 172.4, 180
43.0, 137.2, 180
28.0, 151.2, 180
35.0, 160.5, 180
40.0, 159.6, 180
20.0, 160.4, 180
29.0, 163.4, 180
32.0, 165.1, 180
37.0, 164.5, 180
32.0, 159.1, 180
28.999999999999996, 163.5, 180
25.0, 168.8, 180
53.0, 171.8, 180
29.0, 164.5, 180
33.0, 152.6, 180
30.0, 139.8, 180
30.0, 158.2, 180
38.0, 181.9, 180
33.0, 160.8, 180
29.0, 174.8, 180
42.0, 160.8, 180
24.999999999999996, 177.5, 180
30.0, 165.2, 180
52.0, 164.9, 180
31.0, 158.1, 180
38.0, 169.3, 180
33.0, 168.0, 180
33.0, 163.1, 180
37.0, 162.4, 180
33.0, 158.8, 180
18.0, 170.3, 180
44.0, 165.0, 180
24.0, 167.3, 180
45.0, 157.6, 180
28.0, 160.0, 180
39.0, 143.6, 180
32.0, 156.3, 180
35.0, 137.2, 180
39.0, 161.8, 180
38.0, 167.0, 180
30.0, 145.9, 180
38.0, 173.9, 180
43.0, 158.2, 180
33.0, 151.8, 180
43.0, 174.5, 180
40.0, 165.3, 180
29.0, 167.1, 180
43.0, 163.3, 180
23.999999999999996, 174.6, 180
28.0, 153.2, 180
24.0, 165.9, 180
35.0, 169.6, 180
23.0, 155.3, 180
24.0, 163.9, 180
41.0, 151.3, 180
30.0, 149.1, 180
31.0, 166.9, 180
27.0, 163.3, 180
38.0, 160.2, 180
33.0, 160.2, 180
28.0, 151.5, 180
43.0, 166.8, 180
18.999999999999996, 161.2, 180
31.0, 161.2, 180
41.0, 160.8, 180
37.0, 164.5, 180
41.0, 153.8, 180
34.0, 160.1, 180
38.0, 151.3, 180
24.0, 163.5, 180
36.0, 159.0, 180
29.0, 178.3, 180
29.0, 165.4, 180
43.0, 119.9, 180
50.0, 154.5, 180
29.0, 140.2, 180
28.0, 163.9, 180
27.0, 177.5, 180
32.0, 164.8, 180
41.0, 152.1, 180
28.0, 163.3, 180
36.0, 162.0, 180
32.0, 177.5, 180
40.0, 164.8, 180
22.0, 176.2, 180
41.0, 174.6, 180
41.0, 162.7, 180
35.0, 169.5, 180
40.0, 163.1, 180
38.0, 176.1, 180
33.0, 165.5, 180
21.999999999999996, 155.3, 180
21.0, 149.1, 180
25.0, 167.9, 180
17.0, 157.6, 180
31.0, 141.4, 180
29.0, 164.7, 180
33.0, 147.4, 180
31.0, 170.9, 180
31.0, 168.5, 180
25.0, 166.4, 180
40.0, 170.3, 180
36.0, 176.8, 180
42.0, 169.2, 180
22.0, 151.8, 180
33.0, 174.6, 180
32.0, 158.7, 180
39.0, 166.8, 180
32.0, 163.1, 180
34.0, 151.4, 180
26.0, 177.5, 180
35.0, 167.8, 180
31.0, 157.8, 180
30.0, 161.9, 180
36.0, 166.9, 180
31.999999999999996, 158.8, 180
27.0, 162.6, 180
45.0, 163.3, 180
16.0, 148.1, 180
32.0, 171.3, 180
40.0, 147.9, 180
42.0, 163.0, 180
35.0, 154.9, 180
32.0, 157.3, 180
40.0, 165.5, 180
37.0, 170.0, 180
23.0, 174.5, 180
36.0, 158.1, 180
33.0, 122.9, 180
34.0, 167.9, 180
33.0, 172.8, 180
46.0, 163.8, 180
33.0, 161.4, 180
24.0, 160.7, 180
32.0, 164.6, 180
46.0, 162.1, 180
37.0, 167.3, 180
42.0, 158.7, 180
33.0, 156.9, 180
42.0, 169.5, 180
33.0, 172.7, 180
38.0, 160.0, 180
34.0, 161.2, 180
35.0, 158.2, 180
36.0, 164.9, 180
17.0, 171.3, 180
26.0, 160.1, 180
18.999999999999996, 170.3, 180
28.0, 165.3, 180
25.0, 136.3, 180
43.0, 157.2, 180
27.0, 170.3, 180
43.0, 168.6, 180
31.0, 153.2, 180
27.0, 175.4, 180
32.0, 166.4, 180
36.0, 170.3, 180
27.0, 170.3, 180
30.0, 163.6, 180
43.0, 160.4, 180
26.0, 151.2, 180
36.0, 171.3, 180
39.0, 174.5, 180
41.0, 163.1, 180
39.0, 118.4, 180
41.0, 167.5, 180
31.0, 160.8, 180
27.0, 143.2, 180
47.0, 159.2, 180
26.0, 155.4, 180
34.0, 167.7, 180
25.0, 158.5, 180
40.0, 153.2, 180
35.0, 143.6, 180
37.0, 164.2, 180
40.0, 152.6, 180
26.0, 157.9, 180
40.0, 162.9, 180
29.0, 161.2, 180
31.0, 172.4, 180
36.0, 164.5, 180
38.0, 161.1, 180
27.999999999999996, 171.1, 180
46.0, 160.0, 180
25.0, 174.3, 180
32.0, 175.6, 180
32.0, 168.1, 180
37.0, 159.6, 180
41.0, 171.3, 180
26.0, 165.8, 180
38.0, 175.4, 180
34.0, 170.3, 180
24.999999999999996, 161.3, 180
28.0, 154.9, 180
33.0, 170.3, 180
17.0, 165.8, 180
45.0, 162.6, 180
34.0, 165.5, 180
35.0, 162.1, 180
41.0, 156.4, 180
31.0, 147.3, 180
30.0, 159.0, 180
21.0, 151.3, 180
34.0, 172.7, 180
24.0, 164.8, 180
14.0, 160.4, 180
29.0, 145.4, 180
33.0, 148.8, 180
39.0, 159.6, 180
40.0, 139.8, 180
32.0, 170.1, 180
35.0, 166.8, 180
32.0, 148.0, 180
38.0, 163.3, 180
37.0, 145.9, 180
21.0, 164.1, 180
40.0, 161.8, 180
38.0, 178.3, 180
43.0, 154.7, 180
33.0, 172.8, 180
22.0, 163.7, 180
42.0, 163.0, 180
25.0, 161.2, 180
24.0, 157.3, 180
31.0, 155.8, 180
30.0, 168.6, 180
37.0, 161.0, 180
33.0, 141.8, 180
24.0, 162.4, 180
33.0, 147.3, 180
28.0, 157.5, 180
36.0, 169.2, 180
37.0, 145.9, 180
36.0, 162.3, 180
29.0, 163.6, 180
34.0, 163.6, 180
31.0, 164.4, 180
28.0, 145.9, 180
39.0, 168.7, 180
25.0, 159.7, 180
28.0, 152.6, 180
32.0, 159.0, 180
31.0, 166.4, 180
43.0, 166.4, 180
28.0, 161.2, 180
41.0, 157.9, 180
30.999999999999996, 138.1, 180
39.0, 157.9, 180
26.0, 163.9, 180
28.0, 155.7, 180
34.0, 167.0, 180
33.0, 159.1, 180
32.0, 164.3, 180
36.0, 155.1, 180
42.0, 171.3, 180
26.0, 158.2, 180
33.0, 159.0, 180
44.0, 162.4, 180
29.0, 169.1, 180
41.0, 165.5, 180
30.0, 166.4, 180
21.0, 159.3, 180
40.0, 167.0, 180
33.0, 155.1, 180
39.0, 172.7, 180
29.0, 168.3, 180
44.0, 166.4, 180
37.0, 145.8, 180
25.0, 159.2, 180
32.0, 161.2, 180
30.0, 159.1, 180
36.0, 167.1, 180
43.0, 163.8, 180
30.0, 167.3, 180
43.0, 161.2, 180
27.0, 160.4, 180
28.0, 157.3, 180
35.0, 170.3, 180
40.0, 178.5, 180
31.0, 140.0, 180
32.0, 163.7, 180
23.0, 171.6, 180
21.0, 160.5, 180
33.0, 160.1, 180
37.0, 161.1, 180
34.0, 152.4, 180
29.0, 179.1, 180
39.0, 170.9, 180
42.0, 177.4, 180
38.0, 148.1, 180
23.0, 168.6, 180
26.0, 159.7, 180
35.0, 160.2, 180
50.0, 164.6, 180
25.0, 172.9, 180
39.0, 165.3, 180
41.0, 164.9, 180
42.0, 160.8, 180
41.0, 133.0, 180
24.0, 171.3, 180
23.0, 161.7, 180
37.0, 162.1, 180
29.0, 170.2, 180
32.0, 156.9, 180
27.0, 170.7, 180
28.0, 159.7, 180
30.0, 161.1, 180
25.0, 138.9, 180
31.0, 169.3, 180
35.0, 164.8, 180
37.0, 165.3, 180
42.0, 160.4, 180
33.0, 156.2, 180
44.0, 165.6, 180
44.0, 141.8, 180
36.0, 156.9, 180
26.0, 140.2, 180
45.0, 176.8, 180
31.0, 155.3, 180
45.0, 169.7, 180
36.0, 159.7, 180
16.0, 158.3, 180
37.0, 168.8, 180
29.0, 147.3, 180
16.0, 166.9, 180
28.0, 170.3, 180
27.0, 147.4, 180
40.0, 167.9, 180
23.0, 114.6, 180
24.0, 162.3, 180
25.0, 151.0, 180
44.0, 171.6, 180
30.0, 157.5, 180
24.0, 163.7, 180
44.0, 177.0, 180
36.0, 154.7, 180
20.0, 159.0, 180
29.0, 119.9, 180
37.0, 165.0, 180
21.0, 148.0, 180
39.0, 179.1, 180
27.0, 159.2, 180
43.0, 160.8, 180
33.0, 157.8, 180
24.0, 159.7, 180
32.0, 160.5, 180
34.0, 161.7, 180
24.0, 166.4, 180
41.0, 151.8, 180
30.0, 156.0, 180
35.0, 163.0, 180
19.0, 150.0, 180
40.0, 164.4, 180
26.0, 151.3, 180
34.0, 177.8, 180
31.0, 160.3, 180
28.0, 159.6, 180
42.0, 163.0, 180
38.0, 157.4, 180
29.0, 174.5, 180
59.0, 158.7, 180
43.0, 174.6, 180
44.0, 148.3, 180
26.0, 150.8, 180
33.0, 160.4, 180
39.0, 159.0, 180
46.0, 161.0, 180
40.0, 165.9, 180
29.0, 155.7, 180
37.0, 161.2, 180
31.0, 174.0, 180
21.999999999999996, 161.5, 180
59.0, 163.0, 180
28.0, 157.2, 180
29.0, 171.6, 180
47.0, 163.6, 180
27.0, 170.3, 180
24.0, 145.5, 180
38.0, 171.0, 180
52.0, 172.3, 180
42.0, 165.9, 180
28.0, 155.4, 180
34.0, 118.4, 180
48.0, 166.7, 180
33.0, 169.6, 180
40.0, 170.3, 180
41.0, 167.6, 180
46.0, 171.3, 180
50.0, 169.2, 180
32.0, 160.3, 180
35.0, 172.6, 180
40.0, 180.8, 180
33.0, 169.8, 180
30.0, 173.9, 180
25.0, 154.7, 180
42.0, 158.3, 180
43.0, 136.2, 180
29.0, 156.4, 180
26.0, 163.3, 180
26.0, 168.8, 180
35.0, 151.0, 180
36.0, 168.0, 180
20.0, 151.5, 180
42.0, 160.5, 180
39.0, 85.1, 180
42.0, 147.9, 180
48.0, 170.4, 180
29.0, 152.1, 180
31.0, 161.0, 180
38.0, 172.8, 180
14.0, 161.0, 180
30.0, 168.7, 180
14.0, 161.2, 180
39.0, 171.9, 180
33.0, 138.9, 180
32.0, 164.8, 180
38.0, 154.5, 180
46.0, 167.0, 180
44.0, 169.7, 180
34.0, 161.0, 180
33.0, 160.1, 180
39.0, 160.8, 180
25.0, 164.2, 180
37.0, 168.5, 180
28.0, 169.2, 180
31.0, 170.4, 180
35.0, 161.2, 180
57.0, 178.3, 180
32.0, 157.8, 180
24.0, 157.8, 180
40.0, 151.5, 180
28.0, 161.2, 180
48.0, 157.9, 180
26.0, 164.6, 180
26.0, 147.4, 180
42.0, 169.6, 180
29.0, 156.4, 180
27.0, 168.0, 180
27.0, 151.5, 180
37.0, 177.8, 180
44.0, 169.1, 180
29.0, 166.4, 180
41.0, 126.1, 180
35.0, 124.3, 180
29.0, 175.2, 180
40.0, 145.4, 180
36.0, 124.1, 180
25.0, 161.2, 180
25.999999999999996, 155.4, 180
34.0, 114.6, 180
26.0, 166.3, 180
28.0, 156.5, 180
29.999999999999996, 85.1, 180
38.0, 169.1, 180
30.0, 158.5, 180
44.0, 162.4, 180
34.0, 114.6, 180
34.0, 151.0, 180
29.0, 157.9, 180
44.0, 168.2, 180
33.0, 173.9, 180
38.0, 143.2, 180
33.0, 167.0, 180
25.0, 170.7, 180
38.0, 156.4, 180
45.0, 151.2, 180
26.0, 169.7, 180
34.0, 163.0, 180
36.0, 168.9, 180
32.0, 150.0, 180
39.0, 162.3, 180
27.0, 171.1, 180
24.0, 148.6, 180
24.0, 162.3, 180
30.999999999999996, 154.8, 180
21.999999999999996, 177.0, 180
29.0, 164.1, 180
23.0, 154.7, 180
34.0, 164.2, 180
38.0, 148.0, 180
18.0, 158.5, 180
33.0, 157.1, 180
27.0, 172.5, 180
18.999999999999996, 162.4, 180
28.0, 147.3, 180
43.0, 160.1, 180
32.0, 162.4, 180
34.0, 165.9, 180
28.0, 171.3, 180
24.0, 164.7, 180
22.0, 168.8, 180
43.0, 160.5, 180
24.0, 165.8, 180
28.0, 160.0, 180
25.0, 162.8, 180
25.0, 158.3, 180
40.0, 165.8, 180
49.0, 157.4, 180
35.0, 166.4, 180
15.999999999999996, 156.4, 180
31.0, 157.7, 180
25.0, 165.3, 180
28.0, 167.1, 180
36.0, 168.6, 180
25.0, 160.0, 180
38.0, 172.9, 180
41.0, 159.0, 180
43.0, 155.7, 180
28.0, 157.3, 180
36.0, 149.3, 180
18.0, 172.3, 180
32.0, 165.6, 180
30.0, 156.1, 180
44.0, 171.6, 180
32.0, 171.3, 180
35.0, 165.5, 180
14.999999999999996, 178.3, 180
38.0, 175.2, 180
35.0, 155.7, 180
22.0, 161.8, 180
27.0, 164.6, 180
37.0, 170.2, 180
35.0, 128.0, 180
35.0, 160.6, 180
17.999999999999996, 167.9, 180
29.0, 158.5, 180
26.0, 175.6, 180
33.0, 160.6, 180
24.0, 167.7, 180
24.0, 163.4, 180
29.0, 167.3, 180
28.0, 158.5, 180
40.0, 164.0, 180
36.0, 167.6, 180
25.0, 148.0, 180
26.0, 162.4, 180
41.0, 151.5, 180
28.0, 140.2, 180
35.0, 175.6, 180
33.0, 171.6, 180
33.0, 165.5, 180
43.0, 155.3, 180
20.0, 158.7, 180
33.0, 169.1, 180
41.0, 160.1, 180
23.999999999999996, 164.0, 180
27.0, 181.9, 180
37.0, 157.6, 180
32.0, 166.8, 180
31.0, 175.6, 180
27.0, 166.5, 180
35.0, 169.1, 180
24.999999999999996, 152.6, 180
42.0, 159.0, 180
29.0, 174.8, 180
31.0, 153.0, 180
45.0, 162.3, 180
39.0, 156.4, 180
33.0, 160.3, 180
33.0, 157.6, 180
43.0, 164.0, 180
46.0, 154.7, 180
20.0, 155.7, 180
40.0, 168.8, 180
29.0, 160.4, 180
41.0, 168.3, 180
49.0, 163.0, 180
35.0, 168.0, 180
41.0, 170.9, 180
24.0, 165.5, 180
44.0, 122.9, 180
35.0, 162.7, 180
30.0, 137.2, 180
31.0, 165.0, 180
27.0, 166.0, 180
37.0, 166.4, 180
35.0, 162.1, 180
31.0, 161.9, 180
40.0, 152.1, 180
26.0, 164.6, 180
40.0, 145.9, 180
27.0, 174.0, 180
39.0, 158.5, 180
32.0, 166.4, 180
29.0, 145.9, 180
33.0, 165.1, 180
28.0, 155.3, 180
25.0, 172.7, 180
17.0, 170.7, 180
31.0, 177.8, 180
49.0, 164.3, 180
46.0, 158.7, 180
44.0, 163.6, 180
18.999999999999996, 177.8, 180
38.0, 168.8, 180
15.0, 157.7, 180
32.0, 157.5, 180
29.0, 159.1, 180
23.0, 128.8, 180
32.0, 163.8, 180
33.0, 175.6, 180
36.0, 155.7, 180
35.0, 170.1, 180
39.0, 157.6, 180
26.0, 168.3, 180
26.0, 173.4, 180
43.0, 164.5, 180
33.0, 152.3, 180
39.0, 162.9, 180
34.0, 155.0, 180
37.0, 153.2, 180
47.0, 162.3, 180
42.0, 167.7, 180
26.0, 167.7, 180
27.999999999999996, 174.6, 180
25.0, 145.8, 180
25.0, 165.9, 180
47.0, 158.5, 180
33.0, 167.1, 180
28.0, 140.0, 180
46.0, 160.4, 180
37.0, 162.7, 180
24.999999999999996, 157.1, 180
25.0, 151.2, 180
40.0, 165.9, 180
34.0, 164.6, 180
39.0, 170.9, 180
25.0, 157.8, 180
26.0, 162.3, 180
29.0, 171.6, 180
31.0, 169.6, 180
29.0, 164.9, 180
36.0, 158.2, 180
37.0, 164.9, 180
29.0, 161.0, 180
39.0, 151.0, 180
31.0, 160.0, 180
41.0, 166.4, 180
30.0, 162.4, 180
40.0, 149.1, 180
40.0, 171.1, 180
40.0, 164.0, 180
34.0, 164.5, 180
33.0, 159.1, 180
42.0, 170.3, 180
28.0, 175.6, 180
31.0, 162.2, 180
32.0, 155.1, 180
37.0, 138.9, 180
32.0, 166.3, 180
38.0, 154.7, 180
40.0, 166.4, 180
25.999999999999996, 162.3, 180
25.0, 163.7, 180
31.0, 167.7, 180
39.0, 162.5, 180
24.0, 177.8, 180
27.0, 160.4, 180
35.0, 152.1, 180
45.0, 164.7, 180
30.999999999999996, 162.5, 180
31.0, 161.4, 180
39.0, 170.8, 180
34.0, 95.2, 180
32.0, 164.8, 180
28.0, 162.4, 180
33.0, 148.0, 180
38.0, 152.3, 180
27.0, 165.2, 180
24.0, 167.0, 180
42.0, 118.4, 180
48.0, 137.2, 180
25.0, 170.8, 180
24.0, 170.9, 180
39.0, 169.1, 180
24.0, 160.4, 180
23.0, 163.7, 180
24.0, 181.3, 180
29.0, 162.6, 180
36.0, 165.3, 180
37.0, 163.7, 180
30.0, 165.3, 180
24.0, 164.8, 180
36.0, 168.1, 180
47.0, 172.8, 180
36.0, 158.2, 180
25.0, 167.3, 180
30.0, 159.6, 180
26.0, 171.9, 180
30.0, 160.0, 180
42.0, 163.4, 180
28.0, 164.9, 180
33.0, 160.4, 180
29.0, 151.5, 180
20.0, 128.8, 180
63.0, 82.5, 180
31.0, 162.3, 180
13.0, 162.6, 180
37.0, 161.0, 180
26.0, 161.0, 180
26.0, 171.9, 180
26.0, 164.6, 180
35.0, 177.8, 180
36.0, 133.0, 180
29.0, 132.9, 180
37.0, 160.1, 180
29.0, 166.3, 180
42.0, 172.6, 180
33.0, 178.3, 180
40.0, 170.9, 180
24.0, 155.6, 180
41.0, 137.1, 180
43.0, 171.2, 180
30.0, 158.8, 180
39.0, 166.3, 180
24.0, 157.2, 180
27.0, 163.9, 180
36.0, 165.3, 180
18.0, 161.7, 180
41.0, 165.6, 180
42.0, 157.1, 180
31.0, 166.4, 180
28.0, 172.7, 180
39.0, 159.2, 180
38.0, 169.1, 180
18.0, 162.5, 180
43.0, 179.1, 180
18.0, 122.9, 180
31.0, 163.8, 180
33.0, 162.0, 180
25.0, 164.7, 180
33.0, 155.6, 180
26.0, 165.1, 180
40.0, 153.2, 180
46.0, 169.2, 180
39.0, 163.9, 180
42.0, 153.2, 180
24.0, 163.8, 180
32.0, 171.3, 180
37.0, 169.3, 180
36.0, 161.9, 180
27.0, 168.6, 180
32.0, 177.5, 180
30.0, 164.7, 180
25.0, 161.4, 180
37.0, 157.8, 180
36.0, 160.4, 180
31.0, 173.9, 180
31.0, 174.6, 180
21.0, 164.5, 180
39.0, 175.1, 180
39.0, 170.2, 180
33.0, 157.6, 180
36.0, 158.2, 180
22.0, 170.4, 180
32.0, 156.3, 180
39.0, 178.1, 180
24.0, 157.6, 180
35.0, 168.8, 180
35.0, 164.6, 180
38.0, 143.2, 180
23.0, 147.6, 180
41.0, 159.3, 180
41.0, 140.2, 180
40.0, 171.1, 180
37.0, 158.2, 180
34.0, 164.2, 180
35.0, 167.9, 180
37.0, 164.0, 180
59.0, 168.0, 180
33.0, 162.4, 180
38.0, 165.5, 180
39.0, 131.6, 180
29.0, 171.2, 180
18.0, 163.3, 180
29.0, 163.7, 180
36.0, 170.7, 180
22.0, 159.2, 180
44.0, 151.0, 180
33.0, 162.3, 180
34.0, 133.0, 180
42.0, 155.8, 180
26.0, 165.3, 180
25.0, 137.1, 180
34.0, 156.2, 180
31.0, 148.3, 180
41.0, 165.6, 180
42.0, 159.0, 180
33.0, 159.2, 180
20.999999999999996, 139.4, 180
30.0, 160.1, 180
35.0, 160.3, 180
30.0, 119.9, 180
36.0, 162.6, 180
43.0, 138.1, 180
34.0, 168.8, 180
37.0, 158.8, 180
38.0, 166.7, 180
33.0, 167.9, 180
30.0, 169.8, 180
34.0, 166.6, 180
37.0, 157.7, 180
32.0, 166.9, 180
40.0, 177.0, 180
15.0, 122.9, 180
37.0, 158.8, 180
34.0, 164.1, 180
36.0, 165.3, 180
31.0, 156.3, 180
37.0, 126.2, 180
44.0, 164.4, 180
39.0, 147.3, 180
31.0, 152.1, 180
28.0, 155.6, 180
26.0, 163.0, 180
25.0, 163.1, 180
28.0, 162.4, 180
38.0, 162.6, 180
31.0, 157.0, 180
30.0, 162.7, 180
27.0, 159.1, 180
43.0, 171.2, 180
23.0, 177.0, 180
49.0, 174.6, 180
34.0, 161.1, 180
28.0, 170.0, 180
37.0, 168.4, 180
45.0, 167.9, 180
37.0, 160.4, 180
42.0, 169.7, 180
26.0, 159.6, 180
18.0, 164.8, 180
40.0, 165.3, 180
24.0, 133.0, 180
31.0, 155.7, 180
31.0, 167.9, 180
36.0, 166.4, 180
35.0, 163.4, 180
40.0, 172.5, 180
34.0, 171.3, 180
30.0, 169.6, 180
26.0, 174.0, 180
26.0, 172.8, 180
37.0, 163.7, 180
30.0, 123.2, 180
34.0, 149.3, 180
31.0, 162.1, 180
33.0, 176.1, 180
37.0, 160.1, 180
30.0, 160.8, 180
36.0, 163.9, 180
37.0, 148.1, 180
30.0, 161.1, 180
37.0, 159.0, 180
20.999999999999996, 160.7, 180
29.0, 163.0, 180
33.0, 148.1, 180
72.0, 152.1, 180
32.0, 155.3, 180
43.0, 165.1, 180
42.0, 165.0, 180
30.0, 162.3, 180
32.0, 160.4, 180
43.0, 154.7, 180
38.0, 143.2, 180
34.0, 159.0, 180
21.0, 161.4, 180
31.0, 177.5, 180
43.0, 167.7, 180
27.0, 164.9, 180
45.0, 166.6, 180
28.0, 174.5, 180
32.0, 157.6, 180
23.0, 169.5, 180
44.0, 164.3, 180
45.0, 157.7, 180
31.0, 172.9, 180
45.0, 163.4, 180
34.0, 174.5, 180
37.0, 166.8, 180
31.0, 166.1, 180
18.999999999999996, 150.8, 180
28.0, 156.6, 180
26.999999999999996, 156.1, 180
45.0, 170.1, 180
26.0, 140.2, 180
29.0, 146.8, 180
25.0, 140.2, 180
33.0, 165.8, 180
30.0, 163.1, 180
29.0, 160.5, 180
30.0, 147.6, 180
30.0, 150.8, 180
52.0, 166.4, 180
28.0, 165.2, 180
44.0, 164.1, 180
32.0, 150.9, 180
36.0, 150.0, 180
35.0, 155.7, 180
26.0, 170.9, 180
24.0, 160.0, 180
40.0, 157.7, 180
31.0, 178.3, 180
43.0, 160.8, 180
25.0, 163.3, 180
43.0, 166.0, 180
34.0, 169.5, 180
23.0, 172.7, 180
35.0, 163.3, 180
43.0, 157.1, 180
27.0, 163.6, 180
40.0, 170.3, 180
39.0, 163.7, 180
40.0, 167.3, 180
27.0, 149.3, 180
27.0, 143.2, 180
35.0, 158.1, 180
35.0, 146.3, 180
26.0, 167.9, 180
53.0, 168.9, 180
39.0, 165.8, 180
38.0, 147.3, 180
24.0, 157.5, 180
35.0, 173.9, 180
37.0, 170.3, 180
42.0, 153.8, 180
39.0, 170.8, 180
34.0, 161.1, 180
33.0, 160.2, 180
45.0, 141.8, 180
20.0, 169.3, 180
20.0, 166.8, 180
25.0, 162.3, 180
27.0, 161.4, 180
44.0, 167.1, 180
36.0, 162.3, 180
26.0, 155.4, 180
25.0, 151.9, 180
35.0, 153.2, 180
36.0, 157.9, 180
32.0, 157.5, 180
39.0, 152.1, 180
32.0, 166.3, 180
36.0, 167.7, 180
40.0, 166.3, 180
37.0, 169.1, 180
40.0, 166.8, 180
34.0, 167.9, 180
28.0, 165.3, 180
19.0, 161.8, 180
34.0, 172.7, 180
38.0, 154.7, 180
36.0, 154.8, 180
37.0, 171.6, 180
42.0, 167.0, 180
30.0, 160.6, 180
44.0, 160.8, 180
37.0, 164.6, 180
36.0, 177.4, 180
29.0, 171.6, 180
34.0, 165.2, 180
41.0, 163.2, 180
29.0, 172.6, 180
33.0, 155.7, 180
27.0, 140.6, 180
39.0, 161.8, 180
37.0, 169.7, 180
26.999999999999996, 157.2, 180
38.0, 170.3, 180
35.0, 151.5, 180
21.0, 166.4, 180
30.0, 171.8, 180
23.0, 150.8, 180
27.0, 148.1, 180
38.0, 181.9, 180
25.0, 161.4, 180
35.0, 166.6, 180
44.0, 120.1, 180
32.0, 161.2, 180
41.0, 165.5, 180
40.0, 159.1, 180
38.0, 164.2, 180
30.0, 159.0, 180
24.0, 168.8, 180
34.0, 176.2, 180
40.0, 168.4, 180
32.0, 155.6, 180
22.0, 165.3, 180
28.0, 165.5, 180
37.0, 160.6, 180
22.0, 163.3, 180
39.0, 166.8, 180
32.0, 166.3, 180
33.0, 152.3, 180
37.0, 155.4, 180
22.0, 166.9, 180
27.0, 156.9, 180
31.0, 157.5, 180
29.0, 136.3, 180
22.0, 164.0, 180
34.0, 158.8, 180
38.0, 165.8, 180
38.0, 133.0, 180
31.0, 165.8, 180
23.0, 126.2, 180
37.0, 170.9, 180
24.0, 181.9, 180
24.0, 170.9, 180
30.0, 166.4, 180
36.0, 158.2, 180
33.0, 165.6, 180
13.999999999999996, 164.3, 180
37.0, 169.8, 180
36.0, 147.3, 180
38.0, 166.8, 180
41.0, 167.9, 180
35.0, 156.9, 180
26.0, 151.5, 180
36.0, 148.0, 180
28.0, 167.7, 180
32.0, 163.0, 180
22.0, 172.8, 180
41.0, 164.1, 180
38.0, 159.0, 180
41.0, 163.2, 180
23.0, 162.2, 180
25.0, 167.9, 180
25.0, 160.4, 180
34.0, 163.3, 180
31.0, 156.3, 180
32.0, 156.9, 180
45.0, 171.6, 180
28.0, 169.6, 180
43.0, 170.2, 180
38.0, 166.8, 180
44.0, 163.3, 180
28.0, 162.3, 180
22.0, 169.6, 180
32.0, 168.9, 180
28.0, 156.0, 180
41.0, 176.2, 180
43.0, 161.1, 180
37.0, 161.2, 180
32.0, 161.2, 180
24.0, 165.8, 180
40.0, 167.3, 180
20.999999999999996, 169.7, 180
37.0, 169.6, 180
39.0, 161.3, 180
32.0, 168.8, 180
38.0, 166.8, 180
25.0, 156.4, 180
43.0, 169.8, 180
32.0, 164.0, 180
34.0, 166.7, 180
41.0, 166.0, 180
79.0, 160.5, 180
41.0, 159.0, 180
38.0, 162.4, 180
46.0, 166.3, 180
24.0, 160.5, 180
32.0, 159.7, 180
20.999999999999996, 172.7, 180
31.0, 147.6, 180
37.0, 151.5, 180
30.0, 173.4, 180
25.0, 160.2, 180
36.0, 162.4, 180
26.0, 167.8, 180
41.0, 170.3, 180
24.0, 163.7, 180
32.0, 153.8, 180
30.0, 154.7, 180
33.0, 155.4, 180
35.0, 164.3, 180
19.0, 168.0, 180
43.0, 148.3, 180
28.0, 164.3, 180
26.0, 166.8, 180
21.0, 140.6, 180
37.0, 164.4, 180
35.0, 95.2, 180
26.0, 177.5, 180
39.0, 162.1, 180
18.0, 152.6, 180
39.0, 169.7, 180
26.0, 168.4, 180
26.0, 171.3, 180
23.0, 165.8, 180
25.0, 157.9, 180
29.0, 164.2, 180
32.0, 165.9, 180
39.0, 139.8, 180
40.0, 164.5, 180
39.0, 164.9, 180
43.0, 163.7, 180
34.0, 148.1, 180
38.0, 175.6, 180
35.0, 169.2, 180
32.0, 166.8, 180
37.0, 155.3, 180
41.0, 168.3, 180
38.0, 136.3, 180
32.0, 156.2, 180
28.0, 175.2, 180
40.0, 157.1, 180
23.0, 171.0, 180
34.0, 128.8, 180
38.0, 154.9, 180
27.0, 166.4, 180
27.0, 162.1, 180
32.0, 166.2, 180
31.0, 160.0, 180
40.0, 170.1, 180
35.0, 165.4, 180
52.0, 163.0, 180
35.0, 160.4, 180
28.0, 175.6, 180
21.0, 168.0, 180
32.0, 163.3, 180
39.0, 162.9, 180
43.0, 170.9, 180
26.0, 162.4, 180
22.0, 136.3, 180
44.0, 168.1, 180
38.0, 160.2, 180
52.0, 161.4, 180
28.0, 158.7, 180
29.0, 163.7, 180
48.0, 168.9, 180
33.0, 161.9, 180
28.0, 156.0, 180
40.0, 158.7, 180
36.0, 152.3, 180
47.0, 160.2, 180
29.0, 166.3, 180
42.0, 120.1, 180
27.0, 160.1, 180
30.0, 163.1, 180
24.999999999999996, 169.3, 180
33.0, 168.7, 180
42.0, 160.1, 180
35.0, 160.0, 180
36.0, 152.1, 180
30.0, 164.1, 180
33.0, 119.9, 180
26.0, 171.3, 180
29.0, 177.0, 180
37.0, 137.2, 180
28.0, 160.4, 180
38.0, 148.0, 180
40.0, 166.3, 180
37.0, 163.0, 180
22.0, 133.0, 180
39.0, 163.7, 180
34.0, 160.8, 180
50.0, 170.8, 180
27.0, 169.8, 180
30.0, 137.1, 180
27.0, 160.4, 180
36.0, 159.0, 180
29.0, 168.2, 180
25.0, 172.7, 180
42.0, 170.6, 180
35.0, 172.3, 180
43.0, 159.0, 180
37.0, 158.7, 180
29.0, 160.1, 180
33.0, 158.7, 180
24.0, 171.3, 180
19.0, 155.4, 180
25.0, 166.9, 180
37.0, 165.9, 180
36.0, 163.0, 180
24.0, 163.9, 180
25.0, 166.0, 180
32.0, 169.8, 180
35.0, 128.8, 180
36.0, 165.3, 180
39.0, 170.3, 180
26.0, 171.3, 180
30.0, 157.5, 180
32.0, 163.1, 180
24.0, 177.4, 180
33.0, 160.8, 180
30.999999999999996, 162.8, 180
27.0, 169.1, 180
18.0, 164.1, 180
24.0, 166.3, 180
35.0, 164.3, 180
23.0, 168.9, 180
40.0, 169.5, 180
26.0, 151.0, 180
27.0, 145.5, 180
36.0, 156.0, 180
42.0, 162.4, 180
30.0, 165.4, 180
27.0, 177.5, 180
24.0, 167.0, 180
24.0, 169.6, 180
35.0, 170.3, 180
40.0, 163.0, 180
40.0, 174.0, 180
28.999999999999996, 154.1, 180
26.0, 164.9, 180
36.0, 162.8, 180
32.0, 157.8, 180
42.0, 165.8, 180
37.0, 170.6, 180
32.0, 148.0, 180
35.0, 133.0, 180
31.0, 162.6, 180
40.0, 145.4, 180
35.0, 166.4, 180
22.0, 159.0, 180
33.0, 156.9, 180
33.0, 165.2, 180
40.0, 147.3, 180
27.0, 157.2, 180
32.0, 158.1, 180
35.0, 159.6, 180
35.0, 156.5, 180
28.0, 157.0, 180
30.0, 132.0, 180
36.0, 168.5, 180
40.0, 171.6, 180
53.0, 159.1, 180
35.0, 169.6, 180
34.0, 171.2, 180
49.0, 162.6, 180
38.0, 156.8, 180
25.0, 155.3, 180
35.0, 168.8, 180
30.0, 169.3, 180
28.0, 163.0, 180
40.0, 169.6, 180
32.0, 167.7, 180
40.0, 162.4, 180
36.0, 157.5, 180
37.0, 145.9, 180
39.0, 160.0, 180
30.0, 150.8, 180
33.0, 138.0, 180
36.0, 150.8, 180
37.0, 167.3, 180
38.0, 160.0, 180
43.0, 170.4, 180
47.0, 161.3, 180
26.0, 161.2, 180
23.0, 159.0, 180
41.0, 165.6, 180
38.0, 170.1, 180
26.0, 170.6, 180
44.0, 158.2, 180
30.0, 174.5, 180
29.0, 159.0, 180
28.999999999999996, 138.9, 180
46.0, 157.0, 180
31.0, 148.1, 180
30.0, 160.2, 180
40.0, 119.9, 180
44.0, 157.9, 180
32.0, 161.2, 180
40.0, 164.1, 180
31.0, 162.0, 180
39.0, 163.5, 180
40.0, 154.7, 180
39.0, 157.4, 180
34.0, 157.3, 180
27.0, 169.6, 180
29.0, 169.3, 180
23.0, 149.1, 180
26.0, 161.8, 180
31.0, 171.8, 180
19.999999999999996, 162.3, 180
31.0, 159.0, 180
33.0, 157.2, 180
40.0, 159.0, 180
28.0, 163.1, 180
43.0, 156.6, 180
35.0, 170.4, 180
28.0, 174.3, 180
42.0, 168.6, 180
40.0, 164.9, 180
34.0, 160.8, 180
31.0, 156.0, 180
39.0, 122.9, 180
38.0, 162.7, 180
29.0, 166.8, 180
29.0, 163.7, 180
44.0, 164.2, 180
34.0, 166.6, 180
25.0, 160.1, 180
32.0, 170.6, 180
28.0, 160.7, 180
36.0, 166.9, 180
45.0, 166.8, 180
34.0, 155.3, 180
33.0, 169.1, 180
36.0, 157.5, 180
33.0, 176.8, 180
25.0, 167.0, 180
38.0, 166.0, 180
38.0, 157.4, 180
31.0, 165.4, 180
34.0, 164.8, 180
45.0, 171.0, 180
24.0, 163.1, 180
33.0, 173.4, 180
20.0, 164.8, 180
35.0, 161.2, 180
32.0, 152.3, 180
27.0, 170.3, 180
37.0, 156.1, 180
41.0, 95.2, 180
22.0, 152.1, 180
40.0, 157.6, 180
43.0, 164.9, 180
66.0, 164.8, 180
45.0, 149.1, 180
25.0, 163.1, 180
46.0, 163.0, 180
39.0, 160.4, 180
26.0, 155.7, 180
26.0, 154.7, 180
24.0, 143.3, 180
36.0, 147.3, 180
36.0, 174.8, 180
39.0, 170.1, 180
34.0, 143.2, 180
37.0, 163.7, 180
28.0, 160.1, 180
34.0, 164.2, 180
40.0, 161.2, 180
27.0, 169.6, 180
30.0, 171.1, 180
24.0, 162.3, 180
29.0, 147.4, 180
25.0, 158.5, 180
37.0, 156.4, 180
28.0, 167.7, 180
32.0, 156.0, 180
38.0, 164.9, 180
23.0, 153.2, 180
34.0, 164.7, 180
23.0, 147.6, 180
29.0, 177.0, 180
32.0, 161.4, 180
34.0, 159.6, 180
41.0, 160.0, 180
18.0, 155.4, 180
17.0, 165.1, 180
28.0, 164.3, 180
43.0, 150.0, 180
36.0, 148.8, 180
42.0, 175.2, 180
31.0, 167.3, 180
41.0, 172.9, 180
45.0, 168.7, 180
41.0, 162.5, 180
27.0, 154.7, 180
31.999999999999996, 155.3, 180
25.0, 160.7, 180
42.0, 165.9, 180
37.0, 171.8, 180
45.0, 119.9, 180
29.0, 159.0, 180
37.0, 171.8, 180
37.0, 167.5, 180
37.0, 160.4, 180
34.0, 161.1, 180
40.0, 160.1, 180
31.0, 159.1, 180
44.0, 151.0, 180
36.0, 162.1, 180
33.0, 165.6, 180
29.0, 162.3, 180
38.0, 163.3, 180
24.0, 178.3, 180
27.0, 138.9, 180
47.0, 154.8, 180
43.0, 173.4, 180
40.0, 166.3, 180
49.0, 165.8, 180
36.0, 160.5, 180
36.0, 139.6, 180
48.0, 170.0, 180
35.0, 139.4, 180
32.0, 174.6, 180
40.0, 159.6, 180
42.0, 157.7, 180
33.0, 169.2, 180
37.0, 169.5, 180
29.0, 168.5, 180
32.0, 174.6, 180
34.0, 164.8, 180
28.0, 168.3, 180
24.0, 171.3, 180
40.0, 165.5, 180
31.0, 132.0, 180
30.0, 132.0, 180
21.0, 167.7, 180
42.0, 168.4, 180
30.0, 177.0, 180
42.0, 138.1, 180
36.0, 170.0, 180
39.0, 166.8, 180
40.0, 148.6, 180
17.999999999999996, 160.3, 180
43.0, 163.3, 180
27.0, 157.5, 180
21.0, 166.8, 180
44.0, 163.3, 180
36.0, 164.4, 180
41.0, 153.8, 180
50.0, 161.5, 180
18.0, 166.4, 180
35.0, 154.7, 180
26.0, 157.4, 180
24.999999999999996, 164.9, 180
33.0, 159.1, 180
29.0, 171.6, 180
39.0, 138.1, 180
40.0, 170.8, 180
37.0, 164.2, 180
29.999999999999996, 166.3, 180
41.0, 160.2, 180
27.0, 166.4, 180
31.0, 160.4, 180
28.999999999999996, 164.7, 180
37.0, 161.2, 180
43.0, 163.2, 180
38.0, 161.9, 180
27.0, 168.2, 180
36.0, 166.1, 180
31.0, 145.8, 180
41.0, 170.1, 180
48.0, 156.0, 180
47.0, 165.9, 180
34.0, 148.8, 180
31.0, 160.6, 180
15.0, 157.7, 180
35.0, 176.8, 180
39.0, 139.8, 180
34.0, 165.5, 180
28.0, 176.2, 180
33.0, 166.6, 180
29.0, 164.2, 180
26.0, 163.2, 180
34.0, 171.3, 180
27.0, 168.3, 180
24.0, 160.4, 180
20.999999999999996, 153.0, 180
29.0, 167.9, 180
36.0, 169.2, 180
30.999999999999996, 140.0, 180
38.0, 148.6, 180
40.0, 162.8, 180
36.0, 169.2, 180
30.0, 165.5, 180
38.0, 164.7, 180
44.0, 159.0, 180
40.0, 166.4, 180
28.0, 157.6, 180
35.0, 170.9, 180
45.0, 166.5, 180
26.0, 168.2, 180
38.0, 136.3, 180
27.0, 169.6, 180
36.0, 159.1, 180
28.0, 156.2, 180
27.0, 159.1, 180
43.0, 166.8, 180
39.0, 139.4, 180
41.0, 152.1, 180
32.0, 155.8, 180
26.0, 162.4, 180
24.0, 177.4, 180
37.0, 152.1, 180
37.0, 165.4, 180
34.0, 158.8, 180
34.0, 155.3, 180
28.0, 172.1, 180
32.0, 169.6, 180
24.0, 159.0, 180
21.0, 157.5, 180
27.0, 168.0, 180
32.0, 165.3, 180
41.0, 164.2, 180
29.0, 167.1, 180
40.0, 114.6, 180
32.0, 159.7, 180
20.0, 154.8, 180
43.0, 159.2, 180
41.0, 177.5, 180
41.0, 168.1, 180
39.0, 171.6, 180
25.0, 147.6, 180
28.0, 138.1, 180
14.0, 162.4, 180
32.0, 169.4, 180
32.0, 173.1, 180
29.0, 157.9, 180
39.0, 138.9, 180
33.0, 164.5, 180
33.0, 170.3, 180
20.0, 123.2, 180
31.0, 155.0, 180
40.0, 172.3, 180
27.0, 165.5, 180
35.0, 157.3, 180
28.0, 170.9, 180
25.999999999999996, 174.3, 180
30.0, 177.8, 180
37.0, 166.9, 180
22.0, 175.1, 180
41.0, 136.2, 180
42.0, 155.8, 180
43.0, 126.1, 180
39.0, 143.6, 180
42.0, 161.9, 180
30.0, 161.3, 180
36.0, 166.2, 180
38.0, 156.4, 180
23.999999999999996, 165.8, 180
23.0, 169.1, 180
29.0, 161.5, 180
24.0, 163.5, 180
18.999999999999996, 154.7, 180
26.0, 165.2, 180
35.0, 160.0, 180
34.0, 178.1, 180
26.0, 169.1, 180
44.0, 165.4, 180
34.0, 171.3, 180
30.0, 163.7, 180
27.0, 159.6, 180
49.0, 145.8, 180
33.0, 157.6, 180
27.0, 171.2, 180
32.0, 172.7, 180
36.0, 160.2, 180
44.0, 170.7, 180
26.0, 164.3, 180
29.0, 158.8, 180
32.0, 162.4, 180
45.0, 165.1, 180
27.0, 132.0, 180
30.0, 163.7, 180
27.0, 159.2, 180
24.999999999999996, 160.6, 180
36.0, 161.8, 180
19.999999999999996, 153.8, 180
41.0, 162.3, 180
32.0, 159.1, 180
34.0, 163.3, 180
30.0, 168.0, 180
21.999999999999996, 164.9, 180
33.0, 159.2, 180
25.0, 175.6, 180
44.0, 133.0, 180
40.0, 140.0, 180
26.0, 124.3, 180
34.0, 126.2, 180
37.0, 173.9, 180
30.0, 147.4, 180
33.0, 151.3, 180
33.0, 178.3, 180
34.0, 181.3, 180
34.0, 170.7, 180
30.0, 166.4, 180
29.0, 162.3, 180
33.0, 164.8, 180
26.0, 149.1, 180
25.0, 165.0, 180
21.999999999999996, 150.9, 180
45.0, 148.8, 180
30.0, 170.0, 180
38.0, 141.8, 180
45.0, 152.6, 180
44.0, 155.4, 180
27.999999999999996, 162.3, 180
32.0, 154.5, 180
40.0, 160.6, 180
47.0, 163.1, 180
34.0, 172.3, 180
37.0, 122.9, 180
26.0, 148.8, 180
43.0, 159.0, 180
42.0, 175.6, 180
31.0, 165.3, 180
30.0, 155.1, 180
36.0, 154.7, 180
24.0, 130.4, 180
25.0, 167.9, 180
26.0, 159.0, 180
38.0, 161.9, 180
27.0, 176.8, 180
36.0, 163.3, 180
29.0, 155.3, 180
32.0, 157.7, 180
24.0, 165.2, 180
41.0, 164.0, 180
36.0, 168.8, 180
32.0, 168.4, 180
39.0, 171.1, 180
43.0, 165.5, 180
35.0, 168.4, 180
31.999999999999996, 143.2, 180
30.0, 170.6, 180
26.0, 159.3, 180
45.0, 82.5, 180
36.0, 159.0, 180
35.0, 164.1, 180
25.999999999999996, 160.6, 180
33.0, 157.6, 180
34.0, 159.0, 180
42.0, 162.4, 180
30.0, 157.0, 180
31.0, 172.9, 180
42.0, 172.3, 180
29.999999999999996, 161.4, 180
40.0, 167.8, 180
24.0, 170.7, 180
40.0, 164.2, 180
36.0, 160.5, 180
31.0, 163.3, 180
43.0, 156.8, 180
28.0, 162.3, 180
26.0, 160.4, 180
41.0, 163.0, 180
41.0, 171.6, 180
41.0, 160.8, 180
39.0, 156.8, 180
30.0, 154.2, 180
71.0, 173.1, 180
33.0, 156.5, 180
32.0, 145.4, 180
34.0, 159.3, 180
32.0, 145.4, 180
38.0, 173.4, 180
41.0, 160.0, 180
32.0, 170.1, 180
34.0, 164.1, 180
41.0, 156.6, 180
34.0, 152.4, 180
32.0, 153.8, 180
37.0, 167.9, 180
25.0, 161.4, 180
35.0, 165.3, 180
22.0, 158.3, 180
33.0, 162.1, 180
25.0, 181.3, 180
28.0, 171.3, 180
36.0, 150.9, 180
29.0, 156.4, 180
25.0, 165.3, 180
34.0, 165.5, 180
25.0, 163.6, 180
38.0, 162.4, 180
34.0, 163.8, 180
35.0, 155.3, 180
22.0, 156.5, 180
33.0, 170.9, 180
42.0, 158.2, 180
34.0, 159.2, 180
31.0, 160.5, 180
30.0, 156.5, 180
38.0, 160.4, 180
40.0, 157.7, 180
28.0, 165.3, 180
30.0, 154.5, 180
24.0, 172.9, 180
38.0, 169.8, 180
40.0, 164.8, 180
29.0, 158.1, 180
26.0, 164.7, 180
42.0, 140.6, 180
24.0, 162.1, 180
39.0, 177.5, 180
42.0, 174.5, 180
37.0, 164.6, 180
44.0, 160.2, 180
39.0, 123.2, 180
47.0, 128.0, 180
40.0, 167.3, 180
47.0, 169.6, 180
20.999999999999996, 153.2, 180
33.0, 164.3, 180
44.0, 156.8, 180
34.0, 119.9, 180
