35.0, 151.4, 160
34.0, 146.9, 160
43.0, 154.2, 160
47.0, 160.8, 160
43.0, 162.3, 160
38.0, 165.5, 160
25.0, 155.6, 160
29.0, 166.3, 160
43.0, 162.4, 160
32.0, 155.0, 160
25.0, 155.7, 160
29.0, 160.6, 160
30.0, 162.8, 160
41.0, 152.4, 160
30.0, 163.1, 160
42.0, 166.3, 160
52.0, 153.6, 160
32.0, 141.9, 160
43.0, 158.1, 160
28.0, 173.5, 160
33.0, 159.7, 160
32.0, 147.8, 160
26.0, 158.0, 160
31.0, 160.1, 160
20.0, 164.5, 160
34.0, 146.0, 160
38.0, 151.7, 160
43.0, 165.7, 160
30.0, 162.8, 160
38.0, 161.5, 160
39.0, 167.0, 160
49.0, 160.6, 160
32.0, 156.1, 160
28.0, 151.4, 160
29.0, 155.1, 160
31.0, 156.0, 160
34.0, 158.4, 160
42.0, 139.2, 160
41.0, 145.3, 160
42.0, 160.9, 160
33.0, 166.6, 160
33.0, 162.4, 160
30.0, 163.8, 160
32.0, 160.8, 160
45.0, 153.6, 160
43.0, 151.8, 160
27.0, 157.8, 160
24.0, 162.2, 160
53.0, 158.3, 160
64.0, 164.5, 160
45.0, 157.9, 160
33.0, 155.6, 160
36.0, 159.2, 160
38.0, 168.9, 160
25.0, 155.2, 160
43.0, 167.3, 160
43.0, 157.0, 160
20.0, 157.2, 160
32.0, 166.0, 160
38.0, 160.4, 160
43.0, 150.9, 160
36.0, 148.3, 160
28.0, 159.2, 160
30.0, 162.9, 160
43.0, 160.0, 160
24.0, 155.1, 160
39.0, 153.5, 160
37.0, 163.6, 160
44.0, 160.6, 160
29.0, 167.0, 160
27.0, 152.8, 160
61.0, 144.6, 160
39.0, 162.4, 160
34.0, 150.1, 160
32.0, 143.4, 160
34.0, 156.1, 160
30.0, 173.0, 160
34.0, 129.0, 160
39.0, 159.7, 160
25.0, 171.6, 160
24.0, 156.1, 160
24.0, 157.4, 160
40.0, 152.0, 160
33.0, 166.3, 160
35.0, 153.7, 160
30.0, 159.7, 160
27.0, 143.4, 160
24.0, 173.5, 160
38.0, 153.7, 160
26.0, 162.6, 160
32.0, 157.2, 160
35.0, 159.1, 160
32.0, 158.1, 160
29.0, 144.8, 160
29.0, 153.2, 160
38.0, 168.7, 160
31.0, 136.6, 160
26.0, 156.1, 160
35.0, 161.5, 160
41.0, 152.3, 160
33.0, 160.8, 160
44.0, 151.7, 160
30.0, 154.5, 160
26.0, 158.7, 160
31.0, 169.1, 160
36.0, 153.6, 160
36.0, 146.8, 160
43.0, 162.0, 160
38.0, 159.3, 160
30.0, 134.9, 160
33.0, 156.0, 160
20.0, 169.1, 160
35.0, 167.0, 160
30.0, 163.9, 160
37.0, 163.9, 160
29.0, 161.1, 160
73.0, 162.1, 160
26.0, 163.7, 160
30.0, 142.3, 160
27.0, 153.6, 160
59.0, 163.1, 160
61.0, 166.6, 160
39.0, 159.1, 160
43.0, 115.9, 160
31.0, 78.5, 160
53.0, 155.1, 160
34.0, 157.1, 160
39.0, 167.1, 160
37.0, 158.1, 160
41.0, 166.9, 160
40.0, 159.7, 160
27.0, 164.8, 160
41.0, 167.2, 160
25.0, 152.2, 160
66.0, 172.1, 160
17.0, 165.1, 160
27.0, 160.3, 160
32.0, 161.1, 160
46.0, 160.3, 160
35.0, 166.9, 160
36.0, 155.1, 160
42.0, 158.2, 160
33.0, 157.5, 160
28.0, 168.9, 160
46.0, 122.1, 160
40.0, 160.9, 160
39.0, 159.1, 160
60.0, 136.2, 160
26.0, 168.8, 160
33.0, 149.2, 160
41.0, 169.4, 160
35.0, 133.2, 160
39.0, 151.6, 160
48.0, 164.6, 160
32.0, 166.7, 160
35.0, 164.9, 160
33.0, 170.6, 160
26.0, 161.2, 160
34.0, 163.9, 160
41.0, 162.1, 160
33.0, 158.4, 160
39.0, 141.5, 160
36.0, 155.0, 160
34.0, 154.2, 160
29.0, 160.6, 160
45.0, 134.1, 160
39.0, 156.0, 160
21.0, 151.8, 160
33.0, 165.1, 160
38.0, 156.4, 160
33.0, 160.0, 160
40.0, 163.9, 160
41.0, 156.1, 160
30.0, 153.9, 160
38.0, 159.1, 160
41.0, 159.3, 160
36.0, 160.9, 160
48.0, 148.1, 160
33.0, 162.3, 160
31.0, 155.3, 160
33.0, 172.2, 160
30.0, 157.3, 160
32.0, 159.7, 160
65.0, 128.9, 160
23.0, 141.9, 160
79.0, 160.6, 160
35.0, 167.6, 160
37.0, 164.8, 160
26.0, 156.4, 160
50.0, 146.8, 160
29.0, 166.3, 160
35.0, 126.4, 160
44.0, 156.5, 160
29.0, 159.9, 160
27.0, 158.3, 160
54.0, 152.5, 160
41.0, 157.3, 160
41.0, 160.0, 160
22.0, 146.8, 160
31.0, 161.6, 160
31.0, 155.1, 160
24.0, 162.6, 160
34.0, 152.5, 160
47.0, 165.1, 160
44.0, 165.8, 160
24.0, 171.2, 160
30.0, 164.2, 160
43.0, 169.1, 160
32.0, 160.2, 160
35.0, 163.1, 160
31.0, 166.1, 160
34.0, 147.0, 160
36.0, 159.2, 160
39.0, 159.6, 160
33.0, 170.8, 160
35.0, 166.3, 160
44.0, 158.6, 160
42.0, 143.3, 160
35.0, 154.7, 160
45.0, 134.1, 160
44.0, 147.5, 160
26.0, 141.9, 160
41.0, 166.1, 160
61.0, 171.6, 160
32.0, 160.0, 160
35.0, 156.3, 160
31.0, 160.7, 160
49.0, 162.9, 160
42.0, 151.8, 160
37.0, 161.2, 160
29.0, 166.9, 160
33.0, 163.7, 160
29.0, 152.4, 160
37.0, 158.7, 160
40.0, 159.7, 160
44.0, 160.9, 160
38.0, 158.4, 160
17.0, 170.5, 160
40.0, 151.4, 160
68.0, 170.6, 160
26.0, 162.0, 160
26.0, 154.5, 160
57.0, 161.4, 160
28.0, 161.3, 160
29.0, 166.3, 160
38.0, 162.5, 160
43.0, 161.6, 160
33.0, 161.3, 160
34.0, 151.3, 160
41.0, 160.6, 160
40.0, 161.2, 160
46.0, 167.2, 160
41.0, 157.7, 160
32.0, 161.3, 160
35.0, 158.7, 160
39.0, 158.0, 160
44.0, 160.8, 160
33.0, 151.1, 160
31.0, 164.8, 160
35.0, 162.0, 160
34.0, 160.4, 160
38.0, 162.1, 160
41.0, 164.0, 160
38.0, 166.3, 160
39.0, 166.3, 160
42.0, 162.6, 160
30.0, 155.0, 160
35.0, 161.4, 160
39.0, 157.2, 160
40.0, 164.6, 160
34.0, 151.8, 160
42.0, 165.8, 160
44.0, 165.6, 160
32.0, 157.0, 160
25.0, 160.5, 160
35.0, 161.3, 160
37.0, 152.2, 160
31.0, 150.5, 160
29.0, 163.9, 160
37.0, 141.8, 160
58.0, 155.0, 160
40.0, 156.8, 160
38.0, 163.9, 160
34.0, 162.1, 160
43.0, 150.8, 160
41.0, 164.7, 160
32.0, 156.1, 160
43.0, 152.4, 160
30.0, 162.1, 160
70.0, 164.6, 160
40.0, 161.3, 160
43.0, 160.3, 160
31.0, 154.2, 160
40.0, 158.3, 160
29.0, 172.2, 160
33.0, 153.5, 160
25.0, 158.4, 160
35.0, 161.0, 160
33.0, 173.4, 160
31.0, 152.5, 160
53.0, 155.0, 160
37.0, 152.4, 160
43.0, 161.2, 160
31.0, 159.7, 160
38.0, 153.4, 160
32.0, 150.2, 160
43.0, 154.2, 160
42.0, 158.4, 160
39.0, 164.9, 160
40.0, 169.9, 160
32.0, 165.4, 160
38.0, 163.9, 160
40.0, 165.5, 160
32.0, 162.6, 160
33.0, 160.5, 160
25.0, 151.0, 160
51.0, 155.2, 160
44.0, 175.1, 160
32.0, 157.3, 160
30.0, 159.9, 160
51.0, 159.9, 160
35.0, 170.8, 160
33.0, 160.0, 160
34.0, 127.6, 160
43.0, 110.6, 160
40.0, 172.8, 160
35.0, 119.2, 160
24.0, 164.8, 160
32.0, 159.3, 160
21.0, 164.0, 160
36.0, 162.2, 160
31.0, 151.0, 160
38.0, 135.5, 160
28.0, 150.2, 160
36.0, 159.0, 160
31.0, 168.6, 160
39.0, 155.1, 160
36.0, 148.4, 160
35.0, 154.5, 160
31.0, 168.7, 160
28.0, 166.9, 160
39.0, 162.9, 160
22.0, 144.6, 160
48.0, 157.7, 160
42.0, 161.5, 160
43.0, 171.4, 160
41.0, 161.3, 160
34.0, 155.1, 160
43.0, 155.0, 160
22.0, 161.9, 160
44.0, 116.1, 160
39.0, 159.4, 160
44.0, 159.0, 160
36.0, 167.3, 160
32.0, 128.9, 160
36.0, 150.9, 160
27.0, 161.8, 160
45.0, 162.4, 160
66.0, 122.2, 160
37.0, 145.1, 160
43.0, 141.4, 160
32.0, 166.3, 160
39.0, 166.3, 160
40.0, 168.4, 160
39.0, 158.0, 160
40.0, 164.2, 160
33.0, 128.9, 160
25.0, 163.7, 160
35.0, 120.1, 160
30.0, 163.1, 160
30.0, 122.2, 160
43.0, 161.2, 160
34.0, 168.9, 160
44.0, 161.9, 160
37.0, 153.5, 160
48.0, 163.7, 160
37.0, 155.0, 160
38.0, 142.8, 160
26.0, 143.6, 160
31.0, 153.9, 160
33.0, 157.0, 160
41.0, 160.3, 160
41.0, 144.3, 160
45.0, 122.2, 160
43.0, 159.7, 160
27.0, 139.2, 160
33.0, 170.8, 160
41.0, 164.8, 160
28.0, 158.3, 160
26.0, 148.6, 160
41.0, 155.0, 160
38.0, 154.7, 160
36.0, 157.3, 160
46.0, 132.3, 160
34.0, 154.7, 160
41.0, 157.3, 160
38.0, 155.6, 160
31.0, 156.4, 160
34.0, 163.9, 160
63.0, 136.6, 160
43.0, 155.6, 160
42.0, 161.5, 160
38.0, 174.3, 160
36.0, 151.7, 160
25.0, 155.6, 160
22.0, 151.7, 160
30.0, 148.1, 160
60.0, 152.9, 160
36.0, 164.6, 160
34.0, 156.2, 160
70.0, 153.5, 160
41.0, 159.0, 160
32.0, 159.2, 160
67.0, 157.2, 160
25.0, 151.3, 160
28.0, 157.9, 160
25.0, 158.8, 160
29.0, 158.7, 160
33.0, 162.3, 160
25.0, 128.9, 160
31.0, 162.4, 160
28.0, 167.0, 160
39.0, 166.0, 160
38.0, 167.9, 160
32.0, 168.5, 160
22.0, 166.3, 160
38.0, 158.1, 160
39.0, 163.0, 160
34.0, 161.2, 160
47.0, 158.6, 160
39.0, 166.4, 160
39.0, 144.3, 160
46.0, 151.3, 160
34.0, 155.0, 160
36.0, 167.8, 160
30.0, 161.3, 160
71.0, 173.8, 160
35.0, 152.1, 160
25.0, 159.8, 160
42.0, 162.8, 160
34.0, 164.2, 160
38.0, 141.9, 160
39.0, 162.8, 160
46.0, 166.2, 160
27.0, 155.0, 160
36.0, 159.7, 160
38.0, 151.7, 160
45.0, 165.2, 160
29.0, 155.0, 160
32.0, 164.3, 160
32.0, 158.5, 160
41.0, 161.0, 160
46.0, 166.3, 160
47.0, 159.8, 160
33.0, 135.5, 160
50.0, 159.0, 160
39.0, 166.1, 160
27.0, 158.8, 160
25.0, 152.3, 160
25.0, 155.2, 160
43.0, 166.9, 160
23.0, 163.1, 160
46.0, 162.0, 160
31.0, 148.6, 160
31.0, 156.8, 160
21.0, 164.6, 160
42.0, 148.3, 160
32.0, 159.9, 160
28.0, 152.5, 160
34.0, 160.1, 160
25.0, 161.2, 160
39.0, 166.8, 160
45.0, 148.4, 160
30.0, 159.3, 160
39.0, 153.8, 160
28.0, 155.0, 160
30.0, 156.3, 160
27.0, 161.2, 160
37.0, 162.4, 160
45.0, 164.4, 160
45.0, 159.3, 160
53.0, 164.5, 160
29.0, 139.2, 160
46.0, 158.3, 160
33.0, 164.5, 160
38.0, 162.9, 160
43.0, 170.6, 160
51.0, 165.7, 160
48.0, 141.9, 160
41.0, 161.1, 160
37.0, 162.8, 160
34.0, 167.6, 160
42.0, 165.3, 160
35.0, 163.1, 160
25.0, 165.8, 160
39.0, 151.3, 160
45.0, 173.8, 160
32.0, 155.1, 160
33.0, 162.4, 160
38.0, 144.6, 160
48.0, 199.6, 220
45.0, 189.6, 220
32.0, 192.8, 220
40.0, 150.2, 220
28.0, 189.0, 220
24.0, 199.2, 220
44.0, 182.1, 220
42.0, 190.9, 220
41.0, 175.2, 220
36.0, 185.2, 220
27.0, 184.0, 220
26.0, 193.1, 220
33.0, 193.2, 220
25.0, 191.3, 220
21.999999999999996, 184.4, 220
48.0, 185.2, 220
33.0, 190.0, 220
29.0, 156.0, 220
30.0, 201.0, 220
25.999999999999996, 192.7, 220
33.0, 175.4, 220
28.0, 175.3, 220
29.0, 186.4, 220
61.0, 188.9, 220
32.0, 181.2, 220
41.0, 199.2, 220
31.999999999999996, 199.2, 220
34.0, 188.7, 220
28.0, 188.9, 220
27.0, 175.4, 220
25.0, 179.4, 220
29.0, 191.1, 220
35.0, 185.1, 220
25.0, 203.1, 220
44.0, 193.3, 220
38.0, 194.3, 220
30.0, 188.3, 220
42.0, 198.0, 220
31.0, 186.3, 220
39.0, 182.1, 220
27.0, 187.3, 220
31.0, 192.8, 220
43.0, 186.7, 220
40.0, 178.2, 220
39.0, 183.0, 220
24.0, 192.3, 220
30.0, 193.3, 220
36.0, 177.8, 220
32.0, 182.8, 220
40.0, 187.9, 220
35.0, 183.0, 220
29.0, 186.4, 220
36.0, 186.4, 220
39.0, 202.3, 220
18.0, 187.9, 220
42.0, 188.3, 220
24.0, 179.7, 220
39.0, 180.0, 220
29.0, 191.7, 220
32.0, 194.3, 220
26.999999999999996, 195.0, 220
39.0, 195.0, 220
21.0, 195.0, 220
33.0, 138.6, 220
23.0, 194.3, 220
31.0, 177.2, 220
25.0, 194.2, 220
24.0, 197.1, 220
28.0, 167.6, 220
36.0, 180.8, 220
38.0, 117.0, 220
30.0, 194.3, 220
26.0, 179.3, 220
37.0, 186.8, 220
25.0, 183.2, 220
59.0, 192.0, 220
41.0, 193.7, 220
59.0, 177.8, 220
30.0, 186.4, 220
23.999999999999996, 190.8, 220
42.0, 167.6, 220
41.0, 186.1, 220
38.0, 188.3, 220
30.0, 106.5, 220
25.0, 163.4, 220
36.0, 182.8, 220
25.0, 194.4, 220
31.999999999999996, 183.7, 220
40.0, 167.3, 220
32.0, 188.8, 220
27.0, 192.0, 220
27.999999999999996, 181.9, 220
38.0, 201.5, 220
25.0, 191.0, 220
28.0, 190.0, 220
20.0, 193.1, 220
33.0, 188.8, 220
26.0, 180.2, 220
30.0, 178.1, 220
36.0, 189.0, 220
22.999999999999996, 185.4, 220
28.0, 194.7, 220
38.0, 200.2, 220
29.0, 184.3, 220
38.0, 142.4, 220
22.0, 205.3, 220
31.0, 185.2, 220
28.0, 190.8, 220
26.0, 186.4, 220
35.0, 187.3, 220
47.0, 184.1, 220
42.0, 181.2, 220
40.0, 183.0, 220
42.0, 195.9, 220
26.0, 180.3, 220
68.0, 184.5, 220
38.0, 186.1, 220
33.0, 176.3, 220
28.0, 172.3, 220
33.0, 173.1, 220
30.0, 180.4, 220
21.0, 184.2, 220
24.0, 194.4, 220
32.0, 194.3, 220
63.0, 195.3, 220
32.0, 183.0, 220
22.999999999999996, 187.7, 220
29.0, 195.6, 220
26.0, 181.7, 220
22.0, 192.1, 220
24.0, 204.8, 220
27.0, 181.7, 220
41.0, 193.2, 220
34.0, 183.1, 220
32.0, 189.8, 220
23.0, 183.0, 220
40.0, 183.0, 220
32.0, 176.6, 220
31.0, 194.7, 220
19.0, 194.1, 220
31.0, 189.0, 220
23.0, 187.4, 220
36.0, 187.3, 220
27.0, 181.0, 220
33.0, 194.6, 220
39.0, 191.9, 220
38.0, 189.3, 220
20.0, 186.3, 220
44.0, 193.1, 220
27.0, 154.4, 220
45.0, 180.0, 220
45.0, 160.2, 220
25.0, 188.6, 220
32.0, 189.5, 220
28.0, 163.8, 220
40.0, 191.7, 220
22.0, 194.0, 220
26.0, 184.8, 220
36.0, 187.0, 220
19.999999999999996, 202.3, 220
29.0, 180.1, 220
31.0, 175.9, 220
21.0, 109.1, 220
39.0, 185.2, 220
43.0, 187.0, 220
43.0, 187.4, 220
30.0, 192.6, 220
42.0, 194.3, 220
21.0, 201.0, 220
41.0, 189.8, 220
33.0, 183.1, 220
35.0, 169.8, 220
30.0, 191.0, 220
21.999999999999996, 194.1, 220
41.0, 191.0, 220
35.0, 194.3, 220
47.0, 191.7, 220
30.0, 196.1, 220
26.0, 192.3, 220
29.0, 197.4, 220
22.0, 178.1, 220
29.0, 167.6, 220
30.0, 189.3, 220
34.0, 192.8, 220
33.0, 202.5, 220
33.0, 185.2, 220
40.0, 176.6, 220
32.0, 189.8, 220
24.999999999999996, 193.7, 220
35.0, 177.0, 220
38.0, 194.7, 220
36.0, 187.4, 220
20.0, 185.3, 220
25.0, 174.9, 220
32.0, 188.3, 220
24.0, 194.2, 220
61.0, 179.4, 220
36.0, 195.0, 220
41.0, 195.1, 220
32.0, 184.5, 220
18.999999999999996, 187.4, 220
33.0, 190.8, 220
28.0, 177.0, 220
33.0, 188.0, 220
38.0, 196.6, 220
25.0, 189.2, 220
29.0, 119.2, 220
45.0, 194.1, 220
43.0, 190.4, 220
29.0, 191.8, 220
42.0, 194.6, 220
20.0, 179.7, 220
40.0, 194.3, 220
43.0, 185.3, 220
34.0, 185.9, 220
34.0, 117.0, 220
24.0, 194.1, 220
40.0, 193.6, 220
38.0, 188.2, 220
33.0, 188.8, 220
32.0, 156.9, 220
29.0, 184.5, 220
46.0, 154.4, 220
41.0, 183.0, 220
29.0, 197.4, 220
34.0, 189.8, 220
34.0, 186.1, 220
29.0, 202.1, 220
38.0, 157.0, 220
27.0, 196.3, 220
46.0, 190.6, 220
36.0, 182.7, 220
20.0, 174.8, 220
30.0, 188.3, 220
31.999999999999996, 189.8, 220
32.0, 186.3, 220
40.0, 190.3, 220
44.0, 163.6, 220
29.999999999999996, 184.2, 220
28.0, 196.1, 220
38.0, 181.5, 220
28.0, 184.4, 220
37.0, 187.1, 220
40.0, 187.3, 220
21.0, 163.8, 220
40.0, 192.7, 220
32.0, 193.2, 220
30.0, 184.0, 220
28.0, 195.3, 220
37.0, 186.0, 220
29.0, 172.0, 220
37.0, 176.6, 220
23.0, 195.9, 220
60.0, 198.3, 220
37.0, 171.9, 220
55.0, 194.1, 220
27.0, 146.9, 220
31.0, 163.6, 220
47.0, 194.3, 220
37.0, 181.5, 220
59.0, 191.9, 220
37.0, 198.0, 220
30.0, 192.8, 220
28.0, 179.3, 220
25.0, 188.6, 220
41.0, 189.3, 220
39.0, 189.2, 220
28.0, 193.8, 220
40.0, 194.8, 220
27.0, 191.7, 220
36.0, 193.2, 220
31.0, 186.4, 220
55.0, 192.7, 220
37.0, 188.7, 220
26.0, 181.6, 220
28.0, 195.3, 220
25.999999999999996, 191.7, 220
33.0, 186.3, 220
21.0, 187.6, 220
38.0, 183.0, 220
35.0, 190.7, 220
31.0, 148.3, 220
29.0, 163.4, 220
23.0, 194.2, 220
36.0, 191.0, 220
28.0, 179.3, 220
42.0, 196.8, 220
36.0, 179.8, 220
29.0, 172.8, 220
13.0, 195.6, 220
19.0, 196.7, 220
41.0, 172.1, 220
29.0, 191.3, 220
55.0, 194.9, 220
39.0, 184.1, 220
36.0, 182.5, 220
25.0, 177.8, 220
23.0, 181.8, 220
34.0, 191.3, 220
30.999999999999996, 188.4, 220
27.0, 178.8, 220
24.0, 155.6, 220
35.0, 142.4, 220
32.0, 186.1, 220
34.0, 190.4, 220
26.0, 190.4, 220
24.999999999999996, 144.1, 220
36.0, 187.3, 220
30.0, 184.4, 220
21.0, 194.2, 220
28.999999999999996, 194.1, 220
20.0, 191.3, 220
25.0, 167.2, 220
32.0, 167.3, 220
22.0, 184.6, 220
32.0, 191.3, 220
36.0, 201.4, 220
32.0, 176.3, 220
34.0, 190.6, 220
29.0, 199.2, 220
38.0, 188.5, 220
26.0, 190.4, 220
36.0, 192.9, 220
33.0, 198.0, 220
41.0, 192.4, 220
38.0, 183.6, 220
24.0, 188.0, 220
27.0, 199.6, 220
45.0, 187.3, 220
30.0, 193.3, 220
32.0, 187.8, 220
26.0, 200.2, 220
30.0, 193.1, 220
26.0, 198.3, 220
23.0, 201.4, 220
41.0, 173.3, 220
29.0, 191.9, 220
26.0, 199.4, 220
32.0, 185.5, 220
33.0, 191.3, 220
33.0, 180.3, 220
34.0, 194.9, 220
25.999999999999996, 194.3, 220
27.0, 180.2, 220
41.0, 181.6, 220
23.0, 180.1, 220
27.0, 187.0, 220
30.0, 196.7, 220
32.0, 162.1, 220
25.0, 157.0, 220
29.0, 183.2, 220
22.0, 198.8, 220
27.0, 195.3, 220
43.0, 188.8, 220
29.0, 193.1, 220
43.0, 192.2, 220
33.0, 192.8, 220
39.0, 198.8, 220
30.0, 191.1, 220
31.0, 189.3, 220
25.0, 117.0, 220
33.0, 192.5, 220
36.0, 198.6, 220
23.0, 179.4, 220
44.0, 186.6, 220
25.0, 187.6, 220
26.0, 203.1, 220
46.0, 189.2, 220
34.0, 161.2, 220
24.0, 188.1, 220
34.0, 162.0, 220
31.0, 189.4, 220
28.0, 176.1, 220
28.0, 178.2, 220
26.0, 188.7, 220
34.0, 172.3, 220
39.0, 195.0, 220
33.0, 163.5, 220
23.999999999999996, 180.2, 220
44.0, 187.5, 220
26.0, 188.6, 220
29.0, 157.0, 220
33.0, 192.1, 220
33.0, 189.1, 220
31.0, 190.3, 220
23.0, 179.7, 220
48.0, 200.1, 220
32.0, 189.3, 220
33.0, 172.3, 220
32.0, 199.1, 220
30.0, 181.2, 220
36.0, 201.0, 220
33.0, 185.3, 220
26.0, 193.3, 220
33.0, 189.8, 220
29.0, 182.8, 220
37.0, 191.6, 220
38.0, 180.2, 220
41.0, 189.5, 220
29.0, 144.1, 220
35.0, 195.9, 220
35.0, 169.9, 220
41.0, 182.2, 220
22.999999999999996, 180.5, 220
37.0, 181.0, 220
41.0, 186.8, 220
29.0, 119.2, 220
27.0, 186.4, 220
31.0, 198.8, 220
28.0, 162.9, 220
36.0, 163.5, 220
62.0, 193.6, 220
25.0, 182.5, 220
31.0, 176.4, 220
36.0, 193.2, 220
30.999999999999996, 185.1, 220
33.0, 184.7, 220
33.0, 182.1, 220
37.0, 182.7, 220
39.0, 185.2, 220
41.0, 169.4, 220
29.0, 188.9, 220
40.0, 201.0, 220
26.0, 190.3, 220
48.0, 180.0, 220
44.0, 192.8, 220
36.0, 193.6, 220
50.0, 180.9, 220
37.0, 186.6, 220
33.0, 189.3, 220
47.0, 178.5, 220
31.0, 185.2, 220
30.0, 190.5, 220
37.0, 186.3, 220
37.0, 197.1, 220
24.0, 181.9, 220
29.0, 179.4, 220
26.0, 195.2, 220
23.999999999999996, 185.0, 220
21.0, 189.2, 220
25.0, 172.3, 220
28.0, 187.9, 220
35.0, 187.3, 220
28.999999999999996, 187.3, 220
30.0, 187.8, 220
43.0, 193.1, 220
39.0, 193.6, 220
31.0, 196.5, 220
30.0, 182.5, 220
43.0, 119.2, 220
20.0, 187.7, 220
42.0, 190.3, 220
22.0, 185.2, 220
22.0, 191.1, 220
25.0, 181.7, 220
38.0, 175.5, 220
38.0, 193.6, 220
27.0, 180.2, 220
28.0, 189.0, 220
32.0, 181.3, 220
41.0, 195.3, 220
34.0, 119.2, 220
24.0, 175.0, 220
39.0, 183.6, 220
34.0, 180.6, 220
44.0, 189.3, 220
19.0, 181.6, 220
22.999999999999996, 150.1, 220
28.0, 184.1, 220
37.0, 194.1, 220
35.0, 189.3, 220
38.0, 193.6, 220
25.0, 190.8, 220
27.0, 195.8, 220
31.0, 182.2, 220
39.0, 172.1, 220
27.0, 186.0, 220
29.0, 188.9, 220
18.0, 193.8, 220
22.999999999999996, 181.7, 220
27.0, 184.1, 220
17.0, 156.9, 220
28.0, 186.3, 220
31.999999999999996, 192.3, 220
28.999999999999996, 189.8, 220
33.0, 180.0, 220
25.0, 192.2, 220
21.999999999999996, 194.3, 220
25.0, 202.3, 220
27.0, 196.7, 220
27.0, 197.1, 220
43.0, 172.1, 220
33.0, 191.3, 220
33.0, 186.1, 220
27.0, 189.3, 220
41.0, 187.4, 220
31.0, 194.1, 220
32.0, 187.9, 220
34.0, 162.0, 220
33.0, 194.2, 220
31.0, 184.0, 220
38.0, 191.0, 220
31.0, 157.0, 220
41.0, 191.5, 220
35.0, 184.6, 220
29.0, 185.0, 220
35.0, 176.3, 220
35.0, 169.9, 220
21.0, 181.1, 220
27.0, 202.5, 220
42.0, 191.7, 220
45.0, 184.3, 220
33.0, 200.8, 220
41.0, 193.6, 220
37.0, 162.9, 220
32.0, 183.0, 220
23.0, 186.4, 220
71.0, 191.7, 220
27.0, 188.1, 220
22.0, 185.9, 220
23.0, 167.6, 220
18.999999999999996, 119.2, 220
40.0, 176.1, 220
25.0, 188.8, 220
21.0, 182.3, 220
49.0, 183.1, 220
35.0, 185.2, 220
42.0, 184.3, 220
43.0, 201.0, 220
37.0, 190.2, 220
38.0, 190.3, 220
20.0, 188.6, 220
25.0, 171.6, 220
12.0, 174.0, 220
42.0, 191.9, 220
34.0, 183.0, 220
22.0, 184.0, 220
28.0, 193.6, 220
37.0, 187.7, 220
22.0, 192.2, 220
33.0, 194.4, 220
35.0, 176.6, 220
30.999999999999996, 188.9, 220
27.0, 183.1, 220
25.999999999999996, 175.5, 220
22.999999999999996, 175.2, 220
34.0, 187.5, 220
28.0, 184.5, 220
23.0, 175.5, 220
28.0, 179.3, 220
36.0, 175.9, 220
33.0, 184.1, 220
40.0, 193.6, 220
23.0, 175.5, 220
47.0, 193.1, 220
38.0, 171.3, 220
33.0, 144.1, 220
28.0, 172.1, 220
33.0, 163.8, 220
18.0, 183.0, 220
34.0, 186.4, 220
33.0, 183.1, 220
28.0, 176.6, 220
24.0, 185.2, 220
24.0, 199.1, 220
30.999999999999996, 174.8, 220
33.0, 148.1, 220
34.0, 185.0, 220
27.0, 164.0, 220
30.0, 175.0, 220
37.0, 194.6, 220
35.0, 189.3, 220
24.0, 194.3, 220
24.0, 187.0, 220
43.0, 188.6, 220
28.0, 189.0, 220
29.999999999999996, 176.6, 220
22.999999999999996, 188.2, 220
31.0, 188.6, 220
33.0, 193.8, 220
23.0, 185.1, 220
25.0, 198.6, 220
39.0, 195.1, 220
41.0, 184.3, 220
27.0, 182.7, 220
43.0, 184.5, 220
26.0, 177.0, 220
39.0, 182.5, 220
26.0, 199.2, 220
32.0, 185.4, 220
29.0, 172.6, 220
33.0, 163.5, 220
25.0, 195.8, 220
33.0, 181.8, 220
24.0, 193.1, 220
39.0, 181.2, 220
37.0, 192.0, 220
32.0, 187.3, 220
65.0, 185.9, 220
33.0, 192.8, 220
20.0, 187.1, 220
28.0, 200.2, 220
36.0, 196.4, 220
18.999999999999996, 175.5, 220
33.0, 194.6, 220
23.999999999999996, 187.6, 220
25.0, 185.0, 220
43.0, 189.3, 220
29.0, 187.5, 220
44.0, 193.7, 220
38.0, 178.5, 220
34.0, 183.1, 220
42.0, 186.4, 220
29.0, 189.5, 220
25.0, 186.1, 220
25.0, 181.7, 220
22.0, 181.8, 220
29.0, 164.0, 220
26.0, 188.1, 220
31.0, 177.2, 220
39.0, 185.2, 220
33.0, 180.5, 220
38.0, 181.5, 220
29.0, 180.9, 220
31.0, 188.3, 220
36.0, 169.4, 220
23.0, 174.9, 220
24.0, 190.5, 220
19.999999999999996, 188.3, 220
28.0, 183.1, 220
20.0, 189.3, 220
43.0, 188.9, 220
28.0, 189.8, 220
34.0, 181.9, 220
35.0, 179.6, 220
23.0, 193.7, 220
39.0, 198.6, 220
28.0, 187.3, 220
39.0, 192.6, 220
39.0, 186.6, 220
26.0, 194.4, 220
60.0, 185.2, 220
38.0, 188.6, 220
32.0, 187.7, 220
34.0, 189.5, 220
42.0, 185.4, 220
36.0, 188.1, 220
36.0, 176.6, 220
34.0, 181.4, 220
35.0, 196.9, 220
35.0, 194.2, 220
32.0, 180.4, 220
32.0, 188.7, 220
29.0, 185.2, 220
31.0, 188.7, 220
40.0, 186.4, 220
25.0, 187.3, 220
46.0, 187.1, 220
21.0, 189.5, 220
39.0, 185.8, 220
41.0, 154.4, 220
36.0, 191.1, 220
24.999999999999996, 197.1, 220
28.0, 184.0, 220
32.0, 194.3, 220
35.0, 194.6, 220
23.0, 184.5, 220
27.0, 184.4, 220
25.0, 186.1, 220
36.0, 179.7, 220
26.0, 179.7, 220
31.0, 183.7, 220
22.0, 174.0, 220
38.0, 194.2, 220
38.0, 196.6, 220
21.999999999999996, 180.1, 220
39.0, 182.2, 220
35.0, 180.5, 220
22.0, 169.9, 220
26.0, 194.7, 220
35.0, 184.8, 220
23.0, 188.5, 220
27.0, 189.9, 220
36.0, 187.4, 220
30.0, 186.1, 220
37.0, 183.0, 220
31.0, 192.5, 220
27.0, 194.2, 220
36.0, 185.7, 220
32.0, 192.8, 220
41.0, 179.3, 220
20.0, 175.9, 220
44.0, 188.2, 220
19.999999999999996, 189.8, 220
26.0, 191.7, 220
34.0, 164.2, 220
42.0, 189.2, 220
40.0, 183.0, 220
43.0, 179.7, 220
26.0, 191.3, 220
26.0, 201.8, 220
37.0, 196.4, 220
38.0, 179.4, 220
47.0, 188.9, 220
29.0, 181.7, 220
37.0, 190.4, 220
35.0, 184.5, 220
47.0, 177.8, 220
25.0, 188.3, 220
30.0, 182.2, 220
31.999999999999996, 194.7, 220
23.0, 152.8, 220
29.999999999999996, 184.5, 220
41.0, 184.8, 220
36.0, 184.1, 220
36.0, 192.8, 220
37.0, 142.4, 220
43.0, 186.7, 220
34.0, 193.7, 220
19.0, 179.7, 220
33.0, 177.0, 220
33.0, 202.5, 220
25.0, 175.8, 220
20.999999999999996, 185.9, 220
32.0, 178.7, 220
67.0, 167.3, 220
41.0, 184.8, 220
36.0, 191.5, 220
30.0, 187.7, 220
34.0, 162.0, 220
25.0, 195.0, 220
27.0, 181.4, 220
35.0, 183.6, 220
24.0, 187.8, 220
38.0, 188.3, 220
23.999999999999996, 183.1, 220
39.0, 178.7, 220
40.0, 180.4, 220
34.0, 190.1, 220
35.0, 189.1, 220
30.0, 190.8, 220
22.0, 194.2, 220
38.0, 195.8, 220
37.0, 193.3, 220
42.0, 188.1, 220
33.0, 184.2, 220
24.999999999999996, 165.4, 220
30.0, 192.2, 220
22.0, 189.9, 220
23.999999999999996, 109.1, 220
33.0, 190.3, 220
25.0, 194.9, 220
28.0, 186.6, 220
25.0, 195.1, 220
37.0, 185.2, 220
33.0, 183.3, 220
44.0, 193.1, 220
45.0, 193.1, 220
28.0, 189.2, 220
30.0, 163.6, 220
35.0, 179.4, 220
23.0, 183.0, 220
34.0, 188.1, 220
28.0, 150.1, 220
24.0, 188.4, 220
34.0, 194.7, 220
30.0, 182.2, 220
26.0, 196.7, 220
36.0, 188.2, 220
36.0, 186.8, 220
22.0, 179.7, 220
26.0, 186.6, 220
32.0, 185.2, 220
28.0, 185.9, 220
42.0, 186.9, 220
22.0, 189.9, 220
30.0, 171.3, 220
41.0, 181.9, 220
23.0, 170.8, 220
32.0, 180.2, 220
32.0, 190.7, 220
24.0, 188.8, 220
24.0, 194.6, 220
24.0, 195.3, 220
28.0, 204.8, 220
25.0, 193.5, 220
38.0, 190.9, 220
21.0, 169.9, 220
29.0, 177.8, 220
38.0, 202.5, 220
64.0, 174.0, 220
22.0, 186.3, 220
28.0, 193.2, 220
37.0, 183.1, 220
37.0, 190.5, 220
33.0, 190.7, 220
32.0, 193.5, 220
25.999999999999996, 183.1, 220
43.0, 188.9, 220
40.0, 186.4, 220
34.0, 199.6, 220
29.999999999999996, 191.7, 220
33.0, 146.9, 220
32.0, 186.9, 220
25.0, 193.2, 220
20.0, 192.2, 220
20.0, 196.7, 220
38.0, 190.3, 220
42.0, 147.2, 220
40.0, 189.3, 220
24.0, 183.0, 220
42.0, 181.4, 220
36.0, 185.4, 220
25.0, 188.0, 220
25.0, 119.2, 220
27.0, 157.0, 220
24.0, 189.6, 220
34.0, 188.9, 220
31.0, 179.1, 220
33.0, 188.6, 220
39.0, 188.8, 220
64.0, 178.1, 220
30.0, 188.0, 220
47.0, 195.9, 220
36.0, 184.8, 220
35.0, 186.1, 220
25.999999999999996, 190.0, 220
32.0, 181.9, 220
29.999999999999996, 191.3, 220
34.0, 191.9, 220
20.0, 190.8, 220
27.0, 185.4, 220
28.0, 185.8, 220
57.0, 188.9, 220
37.0, 194.4, 220
21.0, 183.0, 220
34.0, 199.6, 220
40.0, 186.4, 220
25.0, 179.7, 220
30.0, 196.7, 220
42.0, 191.0, 220
37.0, 181.2, 220
49.0, 174.9, 220
34.0, 179.7, 220
25.0, 193.8, 220
34.0, 189.9, 220
37.0, 202.1, 220
37.0, 148.1, 220
37.0, 180.9, 220
38.0, 186.1, 220
39.0, 188.1, 220
31.0, 183.6, 220
30.0, 184.7, 220
28.0, 191.0, 220
31.0, 194.1, 220
38.0, 179.4, 220
43.0, 180.0, 220
34.0, 184.0, 220
37.0, 193.6, 220
44.0, 187.9, 220
32.0, 195.9, 220
17.0, 205.9, 220
31.0, 138.6, 220
26.0, 185.9, 220
37.0, 193.6, 220
49.0, 191.9, 220
28.0, 195.9, 220
30.0, 175.9, 220
15.0, 192.0, 220
21.999999999999996, 187.7, 220
41.0, 177.8, 220
38.0, 193.2, 220
25.999999999999996, 192.0, 220
33.0, 190.3, 220
30.0, 192.3, 220
30.0, 186.4, 220
23.0, 164.6, 220
28.0, 189.2, 220
30.999999999999996, 179.8, 220
38.0, 186.1, 220
38.0, 184.2, 220
27.0, 192.7, 220
39.0, 191.9, 220
38.0, 187.0, 220
37.0, 175.9, 220
31.0, 189.6, 220
22.0, 188.3, 220
39.0, 181.8, 220
43.0, 180.2, 220
25.0, 193.8, 220
29.0, 152.8, 220
21.999999999999996, 190.4, 220
29.0, 178.1, 220
30.0, 156.0, 220
27.0, 183.7, 220
29.0, 199.1, 220
31.0, 183.0, 220
35.0, 150.2, 220
35.0, 188.0, 220
39.0, 190.8, 220
36.0, 150.2, 220
38.0, 195.6, 220
31.0, 192.8, 220
21.999999999999996, 183.0, 220
26.0, 119.2, 220
43.0, 182.1, 220
58.0, 188.8, 220
22.0, 190.0, 220
18.999999999999996, 191.0, 220
28.0, 183.1, 220
40.0, 180.0, 220
30.0, 171.4, 220
33.0, 181.6, 220
30.0, 188.0, 220
28.0, 202.5, 220
64.0, 193.1, 220
33.0, 188.8, 220
26.0, 164.0, 220
25.0, 181.6, 220
40.0, 200.8, 220
21.0, 160.3, 220
44.0, 179.3, 220
30.0, 194.3, 220
23.0, 192.0, 220
31.0, 184.0, 220
28.0, 161.1, 220
37.0, 185.2, 220
31.0, 176.4, 220
39.0, 189.3, 220
41.0, 190.4, 220
34.0, 194.8, 220
34.0, 201.0, 220
46.0, 189.3, 220
29.0, 191.9, 220
28.0, 187.8, 220
34.0, 184.5, 220
29.0, 183.6, 220
43.0, 172.8, 220
39.0, 183.1, 220
44.0, 185.0, 220
25.0, 202.3, 220
19.0, 169.9, 220
22.0, 197.9, 220
39.0, 143.9, 220
28.0, 180.5, 220
24.0, 185.2, 220
26.0, 198.3, 220
26.0, 180.9, 220
31.0, 184.7, 220
37.0, 189.2, 220
38.0, 189.3, 220
26.0, 160.3, 220
31.999999999999996, 192.0, 220
26.0, 182.7, 220
34.0, 146.9, 220
38.0, 203.1, 220
22.0, 190.8, 220
43.0, 192.9, 220
28.0, 187.8, 220
30.0, 188.3, 220
35.0, 192.8, 220
39.0, 175.9, 220
27.0, 194.1, 220
33.0, 183.1, 220
38.0, 193.7, 220
24.999999999999996, 189.6, 220
36.0, 199.6, 220
29.0, 184.3, 220
34.0, 191.0, 220
21.0, 186.7, 220
34.0, 119.2, 220
30.0, 175.4, 220
29.0, 183.0, 220
28.0, 188.8, 220
32.0, 190.6, 220
35.0, 185.2, 220
34.0, 174.8, 220
37.0, 167.3, 220
33.0, 186.7, 220
29.0, 190.8, 220
41.0, 172.3, 220
22.0, 164.2, 220
38.0, 192.9, 220
35.0, 190.4, 220
46.0, 162.0, 220
22.0, 184.4, 220
26.0, 185.5, 220
31.0, 181.7, 220
26.0, 192.6, 220
28.999999999999996, 119.2, 220
27.0, 184.5, 220
39.0, 180.0, 220
26.0, 186.4, 220
27.999999999999996, 154.4, 220
31.0, 193.7, 220
41.0, 186.4, 220
42.0, 188.3, 220
33.0, 181.7, 220
21.999999999999996, 178.8, 220
28.0, 204.8, 220
38.0, 181.6, 220
25.0, 200.1, 220
36.0, 187.4, 220
34.0, 199.2, 220
30.0, 197.9, 220
22.0, 194.3, 220
30.999999999999996, 189.8, 220
25.0, 190.8, 220
30.0, 176.1, 220
36.0, 181.3, 220
21.0, 190.0, 220
32.0, 194.2, 220
37.0, 186.3, 220
34.0, 188.1, 220
39.0, 183.6, 220
20.0, 187.1, 220
42.0, 193.3, 220
28.0, 184.3, 220
25.0, 181.0, 220
21.0, 169.8, 220
21.0, 179.3, 220
29.0, 188.9, 220
25.0, 185.5, 220
26.0, 169.4, 220
34.0, 196.3, 220
35.0, 185.2, 220
37.0, 192.5, 220
34.0, 188.8, 220
23.0, 150.1, 220
43.0, 190.8, 220
28.999999999999996, 183.1, 220
33.0, 186.7, 220
36.0, 185.9, 220
42.0, 191.9, 220
31.0, 184.5, 220
28.0, 186.4, 220
43.0, 200.8, 220
37.0, 193.5, 220
25.0, 194.3, 220
33.0, 192.0, 220
33.0, 190.4, 220
31.0, 181.2, 220
26.0, 194.1, 220
31.999999999999996, 167.6, 220
36.0, 176.3, 220
37.0, 190.8, 220
37.0, 183.6, 220
31.0, 191.3, 220
27.999999999999996, 189.3, 220
39.0, 184.4, 220
18.0, 190.7, 220
35.0, 201.8, 220
27.0, 150.2, 220
27.999999999999996, 172.6, 220
22.0, 190.1, 220
34.0, 194.7, 220
26.0, 192.3, 220
33.0, 201.8, 220
27.0, 185.2, 220
25.0, 189.6, 220
41.0, 193.1, 220
42.0, 188.7, 220
30.0, 188.7, 220
24.999999999999996, 119.2, 220
35.0, 194.3, 220
38.0, 188.9, 220
30.0, 198.0, 220
32.0, 205.9, 220
36.0, 179.6, 220
38.0, 193.8, 220
27.0, 198.6, 220
27.0, 181.0, 220
25.0, 187.6, 220
39.0, 186.7, 220
26.999999999999996, 183.2, 220
28.0, 184.8, 220
40.0, 193.1, 220
32.0, 184.5, 220
42.0, 150.2, 220
33.0, 200.8, 220
23.999999999999996, 186.1, 220
19.0, 183.0, 220
37.0, 171.9, 220
22.0, 180.0, 220
34.0, 187.1, 220
23.0, 181.6, 220
43.0, 185.0, 220
43.0, 187.3, 220
39.0, 193.8, 220
38.0, 195.0, 220
38.0, 171.9, 220
36.0, 193.1, 220
34.0, 179.6, 220
30.0, 188.0, 220
28.0, 183.6, 220
36.0, 186.1, 220
24.0, 170.8, 220
35.0, 176.3, 220
23.0, 190.4, 220
35.0, 199.6, 220
33.0, 181.8, 220
30.0, 184.1, 220
38.0, 191.3, 220
32.0, 185.2, 220
25.0, 143.9, 220
26.0, 182.2, 220
32.0, 167.2, 220
37.0, 172.0, 220
24.0, 181.4, 220
31.0, 189.2, 220
42.0, 187.6, 220
21.0, 190.4, 220
24.0, 182.8, 220
25.0, 195.2, 220
23.0, 172.3, 220
29.0, 191.0, 220
27.0, 184.8, 220
33.0, 189.2, 220
22.0, 192.3, 220
33.0, 194.9, 220
63.0, 191.9, 220
33.0, 186.6, 220
34.0, 174.9, 220
33.0, 196.5, 220
32.0, 184.5, 220
34.0, 163.8, 220
34.0, 194.9, 220
19.0, 189.0, 220
40.0, 182.2, 220
34.0, 148.1, 220
22.0, 185.2, 220
21.0, 187.7, 220
39.0, 189.6, 220
18.0, 190.5, 220
39.0, 163.5, 220
19.0, 187.3, 220
29.0, 174.0, 220
33.0, 181.3, 220
22.0, 188.0, 220
34.0, 177.2, 220
17.0, 194.1, 220
36.0, 203.1, 220
34.0, 185.8, 220
45.0, 187.6, 220
35.0, 186.1, 220
42.0, 181.7, 220
27.0, 186.7, 220
36.0, 193.6, 220
30.0, 192.7, 220
40.0, 174.0, 220
35.0, 182.3, 220
35.0, 176.1, 220
36.0, 179.4, 220
38.0, 181.5, 220
33.0, 192.8, 220
30.0, 187.3, 220
33.0, 182.7, 220
22.0, 180.6, 220
33.0, 192.9, 220
31.0, 187.7, 220
28.0, 186.5, 220
42.0, 180.1, 220
26.0, 188.0, 220
27.0, 154.4, 220
27.0, 181.7, 220
26.0, 194.7, 220
27.0, 193.1, 220
36.0, 160.3, 220
33.0, 190.9, 220
33.0, 202.3, 220
37.0, 189.3, 220
30.0, 186.7, 220
33.0, 194.3, 220
42.0, 181.8, 220
32.0, 186.3, 220
29.999999999999996, 190.8, 220
33.0, 188.5, 220
32.0, 188.9, 220
44.0, 190.8, 220
34.0, 188.0, 220
26.0, 185.4, 220
31.0, 194.3, 220
29.0, 142.4, 220
28.0, 163.5, 220
44.0, 182.2, 220
30.0, 201.5, 220
35.0, 171.4, 220
24.999999999999996, 193.5, 220
42.0, 174.8, 220
31.0, 194.3, 220
49.0, 193.8, 220
24.0, 192.8, 220
33.0, 193.6, 220
41.0, 193.8, 220
30.0, 181.1, 220
27.0, 183.6, 220
24.0, 188.7, 220
35.0, 154.4, 220
43.0, 188.4, 220
29.0, 182.1, 220
38.0, 185.2, 220
36.0, 187.0, 220
30.0, 189.2, 220
32.0, 187.9, 220
29.0, 169.9, 220
43.0, 109.1, 220
28.0, 182.3, 220
26.0, 179.8, 220
40.0, 199.6, 220
36.0, 189.5, 220
36.0, 182.1, 220
27.0, 181.7, 220
25.0, 183.0, 220
32.0, 205.3, 220
20.0, 192.2, 220
32.0, 184.2, 220
24.0, 192.8, 220
41.0, 195.6, 220
31.0, 162.9, 220
34.0, 201.8, 220
32.0, 181.6, 220
41.0, 176.3, 220
27.0, 183.3, 220
30.0, 186.4, 220
35.0, 160.3, 220
40.0, 191.1, 220
35.0, 195.3, 220
15.0, 193.1, 220
42.0, 181.5, 220
28.0, 181.0, 220
27.0, 195.3, 220
22.0, 190.1, 220
33.0, 195.3, 220
34.0, 202.5, 220
29.0, 177.2, 220
38.0, 194.0, 220
39.0, 191.8, 220
19.999999999999996, 194.3, 220
37.0, 189.3, 220
37.0, 181.9, 220
27.0, 186.4, 220
54.0, 175.2, 220
35.0, 164.0, 220
27.0, 184.0, 220
20.0, 195.6, 220
45.0, 194.2, 220
22.0, 185.4, 220
41.0, 179.7, 220
40.0, 191.8, 220
16.0, 183.6, 220
24.0, 160.3, 220
31.0, 185.5, 220
33.0, 188.1, 220
26.0, 177.0, 220
41.0, 175.8, 220
38.0, 181.7, 220
42.0, 175.9, 220
42.0, 181.4, 220
21.0, 190.2, 220
26.999999999999996, 190.9, 220
45.0, 193.7, 220
22.0, 171.3, 220
39.0, 194.7, 220
31.0, 187.2, 220
22.0, 106.5, 220
44.0, 169.9, 220
29.0, 180.0, 220
27.0, 185.0, 220
39.0, 172.0, 220
25.0, 181.6, 220
33.0, 195.3, 220
38.0, 187.7, 220
27.0, 187.7, 220
33.0, 180.0, 220
50.0, 198.8, 220
29.0, 183.1, 220
37.0, 187.3, 220
33.0, 191.0, 220
24.0, 192.8, 220
38.0, 178.2, 220
23.0, 189.6, 220
26.0, 195.8, 220
19.0, 203.1, 220
30.0, 183.3, 220
35.0, 169.5, 220
25.0, 187.4, 220
43.0, 181.7, 220
42.0, 169.8, 220
41.0, 155.6, 220
40.0, 196.7, 220
28.0, 155.6, 220
21.0, 189.0, 220
27.0, 186.9, 220
22.999999999999996, 162.1, 220
34.0, 179.8, 220
39.0, 163.5, 220
31.0, 193.1, 220
37.0, 172.8, 220
30.0, 179.7, 220
31.0, 169.9, 220
34.0, 177.2, 220
33.0, 195.9, 220
34.0, 195.3, 220
27.0, 192.6, 220
40.0, 191.3, 220
28.0, 187.2, 220
31.0, 186.6, 220
28.0, 178.9, 220
35.0, 181.5, 220
23.999999999999996, 171.9, 220
26.999999999999996, 180.3, 220
16.0, 175.8, 220
19.999999999999996, 192.2, 220
34.0, 190.3, 220
28.0, 147.2, 220
20.0, 193.6, 220
36.0, 178.9, 220
34.0, 193.2, 220
29.0, 186.9, 220
66.0, 183.1, 220
25.0, 106.5, 220
23.999999999999996, 185.1, 220
42.0, 185.3, 220
28.0, 180.4, 220
30.0, 198.6, 220
40.0, 184.2, 220
24.0, 185.2, 220
33.0, 185.1, 220
41.0, 193.2, 220
24.0, 184.3, 220
28.0, 190.1, 220
36.0, 181.5, 220
37.0, 183.0, 220
37.0, 201.8, 220
37.0, 186.4, 220
27.0, 189.3, 220
33.0, 187.0, 220
35.0, 160.3, 220
41.0, 187.9, 220
26.0, 181.6, 220
36.0, 199.2, 220
36.0, 183.6, 220
19.999999999999996, 192.3, 220
18.999999999999996, 185.5, 220
25.999999999999996, 162.1, 220
27.999999999999996, 192.0, 220
40.0, 179.3, 220
30.0, 196.9, 220
36.0, 180.1, 220
27.0, 189.9, 220
58.0, 187.6, 220
24.0, 191.9, 220
39.0, 180.5, 220
36.0, 194.1, 220
25.0, 186.4, 220
41.0, 178.9, 220
26.0, 190.6, 220
34.0, 184.1, 220
39.0, 190.8, 220
22.0, 156.0, 220
33.0, 184.6, 220
31.0, 192.7, 220
41.0, 194.1, 220
60.0, 192.6, 220
28.999999999999996, 183.0, 220
39.0, 202.5, 220
25.0, 188.6, 220
19.0, 182.7, 220
44.0, 189.3, 220
42.0, 186.4, 220
25.0, 185.8, 220
36.0, 188.6, 220
31.999999999999996, 183.0, 220
36.0, 185.0, 220
27.0, 179.6, 220
22.999999999999996, 193.2, 220
33.0, 119.2, 220
30.999999999999996, 194.1, 220
34.0, 190.4, 220
38.0, 197.4, 220
22.999999999999996, 188.6, 220
25.0, 199.6, 220
48.0, 182.2, 220
19.0, 179.7, 220
36.0, 189.8, 220
21.0, 180.2, 220
34.0, 193.4, 220
36.0, 203.1, 220
23.999999999999996, 172.6, 220
26.0, 192.0, 220
26.0, 191.0, 220
27.0, 185.4, 220
25.999999999999996, 192.8, 220
39.0, 193.3, 220
41.0, 182.8, 220
31.0, 183.0, 220
26.0, 189.6, 220
28.0, 185.2, 220
29.999999999999996, 185.4, 220
28.0, 148.3, 220
31.0, 198.5, 220
27.0, 183.6, 220
20.0, 183.0, 220
41.0, 186.6, 220
31.0, 162.0, 220
40.0, 201.4, 220
30.0, 200.2, 220
23.0, 199.6, 220
38.0, 148.1, 220
25.0, 184.4, 220
46.0, 184.4, 220
57.0, 187.9, 220
25.0, 190.8, 220
37.0, 195.6, 220
32.0, 178.8, 220
29.999999999999996, 190.4, 220
40.0, 186.3, 220
33.0, 195.8, 220
26.0, 183.3, 220
26.0, 201.0, 220
30.0, 175.2, 220
28.0, 196.7, 220
35.0, 185.2, 220
32.0, 193.4, 220
42.0, 198.8, 220
30.0, 200.1, 220
24.0, 197.9, 220
28.0, 193.1, 220
25.0, 187.3, 220
30.0, 186.3, 220
47.0, 191.3, 220
32.0, 184.4, 220
37.0, 192.8, 220
40.0, 190.8, 220
36.0, 179.7, 220
31.0, 183.0, 220
37.0, 186.5, 220
30.0, 177.2, 220
19.999999999999996, 185.3, 220
36.0, 188.6, 220
39.0, 185.2, 220
21.0, 186.8, 220
26.0, 191.6, 220
29.0, 190.2, 220
24.0, 170.8, 220
42.0, 194.3, 220
35.0, 178.9, 220
47.0, 190.8, 220
37.0, 195.9, 220
15.0, 189.8, 220
23.0, 177.8, 220
37.0, 189.3, 220
37.0, 193.8, 220
42.0, 187.5, 220
38.0, 190.6, 220
32.0, 180.9, 220
42.0, 142.4, 220
32.0, 174.8, 220
46.0, 185.4, 220
33.0, 190.4, 220
20.0, 193.6, 220
39.0, 193.1, 220
24.0, 194.3, 220
38.0, 185.1, 220
22.0, 181.4, 220
24.999999999999996, 183.7, 220
27.999999999999996, 189.1, 220
27.999999999999996, 179.7, 220
19.999999999999996, 171.4, 220
27.0, 169.9, 220
40.0, 152.8, 220
31.0, 186.3, 220
14.0, 187.0, 220
33.0, 190.4, 220
34.0, 154.4, 220
21.999999999999996, 185.2, 220
26.0, 191.8, 220
31.0, 187.1, 220
42.0, 175.8, 220
44.0, 177.0, 220
30.0, 162.0, 220
33.0, 184.6, 220
43.0, 194.3, 220
18.999999999999996, 188.9, 220
38.0, 194.1, 220
58.0, 189.5, 220
38.0, 180.6, 220
25.0, 184.5, 220
26.0, 193.4, 220
36.0, 172.6, 220
33.0, 184.6, 220
35.0, 195.3, 220
34.0, 188.0, 220
29.0, 190.3, 220
28.0, 162.1, 220
45.0, 176.1, 220
30.0, 196.7, 220
37.0, 170.3, 220
29.0, 186.3, 220
38.0, 180.0, 220
42.0, 189.5, 220
26.0, 191.0, 220
13.0, 165.4, 220
32.0, 182.7, 220
34.0, 188.1, 220
40.0, 188.8, 220
32.0, 190.9, 220
43.0, 190.8, 220
26.0, 188.5, 220
32.0, 161.1, 220
42.0, 188.6, 220
41.0, 184.8, 220
36.0, 192.0, 220
41.0, 176.1, 220
27.0, 181.7, 220
25.999999999999996, 195.3, 220
27.0, 183.1, 220
23.0, 180.6, 220
37.0, 201.5, 220
40.0, 191.6, 220
33.0, 169.4, 220
22.0, 195.3, 220
34.0, 172.0, 220
22.0, 186.3, 220
22.0, 196.1, 220
25.0, 188.1, 220
22.0, 195.2, 220
26.0, 193.5, 220
28.0, 193.6, 220
43.0, 174.0, 220
30.0, 195.6, 220
33.0, 183.0, 220
35.0, 184.0, 220
35.0, 195.3, 220
35.0, 193.6, 220
27.0, 171.4, 220
14.0, 182.2, 220
30.0, 167.3, 220
35.0, 196.6, 220
38.0, 193.7, 220
31.0, 181.2, 220
38.0, 180.4, 220
41.0, 194.0, 220
34.0, 193.5, 220
36.0, 169.9, 220
30.0, 187.1, 220
21.0, 172.0, 220
41.0, 189.8, 220
27.0, 188.0, 220
35.0, 197.4, 220
30.0, 190.0, 220
36.0, 176.4, 220
33.0, 177.0, 220
24.0, 194.6, 220
33.0, 198.0, 220
41.0, 177.8, 220
32.0, 201.5, 220
37.0, 196.7, 220
36.0, 184.8, 220
34.0, 154.4, 220
31.0, 183.0, 220
40.0, 184.2, 220
31.0, 180.2, 220
29.0, 194.9, 220
33.0, 186.2, 220
28.0, 191.9, 220
44.0, 192.7, 220
28.0, 195.1, 220
39.0, 175.0, 220
33.0, 181.6, 220
32.0, 186.4, 220
41.0, 186.3, 220
49.0, 187.9, 220
21.0, 192.2, 220
32.0, 176.6, 220
31.0, 164.0, 220
37.0, 183.0, 220
31.0, 192.0, 220
37.0, 183.1, 220
31.0, 179.4, 220
28.0, 189.3, 220
29.0, 192.7, 220
29.0, 189.3, 220
35.0, 180.4, 220
26.0, 186.3, 220
46.0, 167.3, 220
36.0, 199.4, 220
39.0, 191.7, 220
34.0, 174.8, 220
39.0, 183.1, 220
24.0, 188.5, 220
30.0, 194.4, 220
44.0, 182.8, 220
43.0, 187.3, 220
39.0, 188.9, 220
32.0, 190.4, 220
38.0, 199.6, 220
26.0, 184.5, 220
38.0, 178.7, 220
37.0, 187.8, 220
24.0, 170.8, 220
28.0, 109.1, 220
38.0, 195.1, 220
33.0, 189.8, 220
36.0, 195.0, 220
33.0, 184.1, 220
21.0, 184.4, 220
33.0, 192.6, 220
35.0, 196.7, 220
37.0, 192.6, 220
33.0, 163.6, 220
38.0, 185.3, 220
43.0, 167.6, 220
35.0, 190.7, 220
29.999999999999996, 180.0, 220
32.0, 181.4, 220
31.0, 184.4, 220
26.0, 186.6, 220
36.0, 187.6, 220
27.0, 176.4, 220
21.0, 190.8, 220
34.0, 169.8, 220
27.0, 192.8, 220
23.999999999999996, 185.1, 220
25.0, 184.5, 220
25.0, 191.8, 220
44.0, 201.0, 220
23.0, 117.0, 220
25.0, 186.6, 220
23.0, 184.4, 220
40.0, 162.9, 220
27.0, 175.8, 220
41.0, 186.3, 220
25.0, 175.4, 220
40.0, 187.7, 220
28.0, 184.8, 220
24.999999999999996, 196.7, 220
28.0, 194.3, 220
22.0, 193.4, 220
37.0, 184.4, 220
35.0, 187.3, 220
39.0, 179.4, 220
30.0, 183.2, 220
25.0, 184.1, 220
34.0, 189.6, 220
29.0, 184.7, 220
34.0, 188.2, 220
39.0, 189.5, 220
20.0, 185.3, 220
34.0, 169.8, 220
33.0, 200.2, 220
35.0, 194.1, 220
24.0, 181.7, 220
22.0, 174.8, 220
31.0, 189.9, 220
29.0, 156.9, 220
39.0, 186.1, 220
33.0, 201.5, 220
42.0, 186.4, 220
35.0, 187.7, 220
34.0, 192.7, 220
27.0, 185.1, 220
22.999999999999996, 179.7, 220
31.0, 190.8, 220
34.0, 184.0, 220
27.0, 199.6, 220
25.0, 185.4, 220
38.0, 198.6, 220
49.0, 190.2, 220
25.0, 201.0, 220
28.999999999999996, 194.6, 220
35.0, 190.4, 220
31.0, 184.5, 220
42.0, 183.2, 220
24.0, 180.1, 220
29.0, 181.6, 220
32.0, 179.8, 220
28.0, 190.8, 220
44.0, 192.0, 220
33.0, 194.3, 220
41.0, 179.7, 220
35.0, 169.9, 220
22.0, 148.1, 220
27.0, 195.2, 220
22.0, 188.1, 220
26.999999999999996, 199.6, 220
36.0, 186.3, 220
22.0, 179.7, 220
37.0, 181.0, 220
30.0, 184.2, 220
43.0, 184.5, 220
40.0, 186.7, 220
25.0, 161.2, 220
29.0, 179.7, 220
30.0, 187.3, 220
32.0, 184.3, 220
42.0, 190.1, 220
38.0, 205.3, 220
36.0, 195.9, 220
29.0, 188.7, 220
26.0, 201.0, 220
42.0, 183.0, 220
37.0, 181.7, 220
47.0, 187.0, 220
43.0, 193.2, 220
40.0, 175.5, 220
33.0, 193.6, 220
34.0, 188.0, 220
39.0, 195.1, 220
21.999999999999996, 185.4, 220
26.0, 205.3, 220
38.0, 193.6, 220
28.0, 201.8, 220
24.0, 170.3, 220
30.0, 161.2, 220
21.0, 189.2, 220
26.0, 196.4, 220
27.0, 186.4, 220
32.0, 180.9, 220
24.0, 188.4, 220
24.0, 183.6, 220
34.0, 190.1, 220
30.0, 190.1, 220
24.0, 194.4, 220
41.0, 192.8, 220
28.0, 184.3, 220
37.0, 165.4, 220
38.0, 188.1, 220
38.0, 192.2, 220
34.0, 185.1, 220
27.0, 181.8, 220
31.0, 183.0, 220
23.0, 189.3, 220
22.0, 191.0, 220
35.0, 179.4, 220
24.0, 184.4, 220
27.0, 180.5, 220
27.0, 188.6, 220
43.0, 165.8, 220
25.0, 194.3, 220
21.0, 187.7, 220
27.0, 174.8, 220
22.0, 169.5, 220
19.999999999999996, 184.6, 220
22.0, 194.7, 220
42.0, 188.7, 220
27.0, 185.0, 220
31.0, 196.5, 220
43.0, 196.7, 220
43.0, 194.3, 220
35.0, 187.1, 220
39.0, 193.6, 220
18.0, 190.3, 220
23.0, 189.2, 220
40.0, 188.4, 220
25.0, 180.6, 220
33.0, 148.1, 220
34.0, 203.1, 220
41.0, 190.4, 220
37.0, 142.4, 220
43.0, 194.8, 220
21.0, 191.9, 220
25.999999999999996, 196.3, 220
24.0, 186.4, 220
27.0, 187.1, 220
33.0, 163.5, 220
32.0, 189.0, 220
28.0, 195.3, 220
39.0, 182.5, 220
70.0, 189.4, 220
43.0, 193.7, 220
18.0, 189.3, 220
40.0, 174.8, 220
34.0, 183.0, 220
20.0, 192.5, 220
30.999999999999996, 192.4, 220
24.0, 190.5, 220
32.0, 192.5, 220
42.0, 187.9, 220
31.0, 176.3, 220
47.0, 156.9, 220
25.0, 181.7, 220
27.0, 186.1, 220
35.0, 182.7, 220
35.0, 199.4, 220
26.0, 193.7, 220
27.0, 190.3, 220
31.0, 194.2, 220
38.0, 189.9, 220
30.0, 190.3, 220
26.0, 189.6, 220
32.0, 196.3, 220
27.0, 180.0, 220
26.0, 189.2, 220
36.0, 188.4, 220
33.0, 184.4, 220
20.0, 199.6, 220
32.0, 190.8, 220
32.0, 189.5, 220
30.0, 196.7, 220
25.0, 190.3, 220
37.0, 176.6, 220
27.0, 187.5, 220
24.0, 190.4, 220
37.0, 203.1, 220
34.0, 196.7, 220
31.0, 181.6, 220
26.0, 187.7, 220
32.0, 205.9, 220
24.0, 181.7, 220
25.0, 201.4, 220
27.0, 119.2, 220
38.0, 189.1, 220
57.0, 152.8, 220
27.0, 198.0, 220
37.0, 180.5, 220
39.0, 184.1, 220
29.0, 189.8, 220
36.0, 199.6, 220
34.0, 190.0, 220
21.0, 180.2, 220
42.0, 183.0, 220
51.0, 180.0, 220
26.0, 194.6, 220
36.0, 193.4, 220
24.0, 196.7, 220
27.0, 197.9, 220
36.0, 180.2, 220
39.0, 184.1, 220
35.0, 178.5, 220
40.0, 191.6, 220
39.0, 171.3, 220
34.0, 174.9, 220
25.0, 194.3, 220
52.0, 184.5, 220
41.0, 190.1, 220
40.0, 181.5, 220
37.0, 195.3, 220
36.0, 196.7, 220
32.0, 193.4, 220
42.0, 184.8, 220
33.0, 177.8, 220
19.0, 194.0, 220
23.0, 192.3, 220
25.0, 175.5, 220
36.0, 167.6, 220
24.0, 189.5, 220
47.0, 188.5, 220
36.0, 195.6, 220
44.0, 187.3, 220
40.0, 179.8, 220
34.0, 201.5, 220
33.0, 184.5, 220
25.0, 143.9, 220
30.999999999999996, 189.1, 220
26.0, 182.2, 220
30.0, 187.9, 220
38.0, 200.8, 220
41.0, 186.4, 220
42.0, 183.0, 220
43.0, 183.0, 220
39.0, 186.3, 220
26.0, 192.9, 220
30.0, 189.1, 220
26.0, 184.4, 220
21.999999999999996, 175.2, 220
34.0, 186.1, 220
30.0, 185.8, 220
19.999999999999996, 179.7, 220
31.0, 186.4, 220
29.0, 182.2, 220
26.0, 184.4, 220
33.0, 171.3, 220
21.0, 197.4, 220
26.0, 188.0, 220
33.0, 174.0, 220
26.0, 181.3, 220
28.0, 167.6, 220
24.0, 194.9, 220
37.0, 167.6, 220
37.0, 186.1, 220
32.0, 194.0, 220
31.0, 189.6, 220
36.0, 180.2, 220
43.0, 194.4, 220
37.0, 189.6, 220
26.0, 154.4, 220
35.0, 178.9, 220
44.0, 185.3, 220
34.0, 194.9, 220
40.0, 174.8, 220
23.999999999999996, 187.9, 220
29.999999999999996, 162.0, 220
30.999999999999996, 183.6, 220
35.0, 189.9, 220
40.0, 162.0, 220
37.0, 160.2, 220
21.0, 194.2, 220
29.0, 183.1, 220
14.0, 194.6, 220
43.0, 106.5, 220
25.0, 178.7, 220
33.0, 164.6, 220
39.0, 182.1, 220
39.0, 184.5, 220
27.0, 198.3, 220
21.999999999999996, 198.0, 220
37.0, 171.4, 220
25.0, 177.8, 220
36.0, 194.7, 220
30.0, 181.7, 220
31.999999999999996, 172.0, 220
31.0, 187.1, 220
27.0, 190.8, 220
37.0, 188.8, 220
32.0, 205.3, 220
30.0, 194.4, 220
41.0, 185.0, 220
25.0, 184.8, 220
22.0, 191.0, 220
22.0, 183.6, 220
60.0, 191.3, 220
33.0, 187.1, 220
25.0, 187.7, 220
24.0, 187.0, 220
42.0, 186.4, 220
40.0, 180.5, 220
38.0, 185.2, 220
42.0, 185.0, 220
23.0, 185.9, 220
31.0, 194.0, 220
20.999999999999996, 182.3, 220
39.0, 184.5, 220
33.0, 185.8, 220
30.0, 184.8, 220
29.0, 182.2, 220
41.0, 177.8, 220
22.999999999999996, 188.8, 220
23.0, 162.1, 220
36.0, 200.1, 220
46.0, 181.1, 220
30.0, 174.8, 220
40.0, 178.9, 220
23.0, 185.7, 220
37.0, 192.8, 220
35.0, 191.9, 220
35.0, 193.7, 220
30.0, 161.2, 220
48.0, 172.6, 220
35.0, 180.4, 220
33.0, 199.1, 220
37.0, 179.7, 220
40.0, 161.1, 220
25.0, 185.8, 220
41.0, 184.6, 220
33.0, 138.6, 220
40.0, 185.3, 220
26.0, 200.1, 220
32.0, 187.9, 220
30.0, 189.6, 220
35.0, 185.3, 220
41.0, 189.5, 220
26.0, 178.8, 220
35.0, 167.6, 220
35.0, 181.8, 220
42.0, 175.2, 220
28.0, 183.0, 220
34.0, 184.0, 220
38.0, 194.9, 220
22.0, 191.1, 220
36.0, 178.1, 220
31.0, 194.3, 220
37.0, 186.7, 220
23.999999999999996, 176.1, 220
24.0, 187.1, 220
40.0, 187.2, 220
44.0, 192.7, 220
35.0, 164.6, 220
26.0, 184.6, 220
40.0, 186.4, 220
38.0, 190.2, 220
41.0, 193.2, 220
32.0, 198.6, 220
19.999999999999996, 183.3, 220
24.999999999999996, 187.4, 220
30.0, 188.8, 220
42.0, 192.0, 220
34.0, 196.3, 220
24.0, 187.4, 220
32.0, 185.4, 220
18.0, 182.2, 220
32.0, 190.6, 220
34.0, 164.6, 220
33.0, 173.3, 220
34.0, 194.9, 220
30.0, 185.2, 220
42.0, 175.0, 220
42.0, 192.1, 220
37.0, 171.4, 220
18.0, 190.8, 220
33.0, 194.3, 220
30.0, 194.3, 220
38.0, 185.3, 220
42.0, 167.2, 220
30.0, 189.8, 220
26.0, 185.7, 220
28.0, 195.2, 220
40.0, 185.4, 220
35.0, 183.0, 220
35.0, 180.8, 220
38.0, 183.0, 220
41.0, 193.7, 220
36.0, 178.7, 220
40.0, 195.3, 220
29.0, 202.5, 220
35.0, 193.7, 220
35.0, 191.0, 220
27.0, 187.9, 220
36.0, 181.7, 220
27.0, 187.0, 220
35.0, 184.2, 220
30.0, 188.0, 220
39.0, 170.8, 220
28.999999999999996, 185.2, 220
48.0, 161.2, 220
35.0, 180.0, 220
18.0, 180.5, 220
42.0, 184.2, 220
31.0, 191.3, 220
38.0, 190.4, 220
21.0, 191.0, 220
31.0, 192.7, 220
36.0, 177.8, 220
31.0, 190.8, 220
17.0, 187.6, 220
27.0, 187.4, 220
29.0, 156.0, 220
26.0, 194.7, 220
20.0, 188.7, 220
36.0, 185.8, 220
24.0, 188.4, 220
32.0, 171.4, 220
35.0, 198.5, 220
37.0, 164.2, 220
22.0, 198.5, 220
39.0, 169.9, 220
29.0, 187.3, 220
33.0, 189.0, 220
33.0, 188.3, 220
36.0, 156.0, 220
30.0, 192.8, 220
28.0, 191.9, 220
35.0, 181.5, 220
27.0, 194.2, 220
36.0, 172.1, 220
35.0, 195.6, 220
32.0, 161.1, 220
29.0, 175.5, 220
27.0, 181.2, 220
44.0, 189.3, 220
33.0, 189.2, 220
36.0, 185.8, 220
39.0, 187.6, 220
39.0, 169.5, 220
30.0, 182.8, 220
28.0, 184.5, 220
24.999999999999996, 184.4, 220
43.0, 179.6, 220
31.0, 194.7, 220
20.999999999999996, 190.3, 220
26.0, 164.6, 220
44.0, 186.3, 220
33.0, 150.2, 220
25.0, 181.5, 220
25.0, 187.7, 220
34.0, 182.7, 220
26.0, 189.3, 220
27.0, 196.7, 220
27.0, 190.1, 220
34.0, 200.2, 220
24.0, 187.7, 220
42.0, 156.0, 220
30.0, 184.1, 220
22.0, 186.0, 220
41.0, 188.0, 220
19.999999999999996, 171.4, 220
29.0, 183.0, 220
29.0, 181.4, 220
24.0, 179.1, 220
40.0, 177.8, 220
40.0, 196.3, 220
26.0, 198.3, 220
27.0, 150.2, 220
35.0, 181.6, 220
21.0, 183.0, 220
19.0, 186.5, 220
27.0, 179.3, 220
19.999999999999996, 171.4, 220
39.0, 194.6, 220
40.0, 188.6, 220
34.0, 179.6, 220
65.0, 191.8, 220
34.0, 196.6, 220
39.0, 192.8, 220
26.0, 186.1, 220
35.0, 186.8, 220
26.0, 188.8, 220
27.0, 186.7, 220
30.0, 191.3, 220
26.0, 192.4, 220
36.0, 167.6, 220
26.0, 189.2, 220
25.0, 181.9, 220
38.0, 171.4, 220
40.0, 198.8, 220
30.0, 160.3, 220
43.0, 193.6, 220
24.0, 185.2, 220
39.0, 185.4, 220
22.0, 176.6, 220
36.0, 179.6, 220
27.0, 184.2, 220
24.0, 193.7, 220
35.0, 204.8, 220
38.0, 193.1, 220
26.0, 185.0, 220
29.0, 185.1, 220
29.0, 171.3, 220
25.0, 184.4, 220
27.0, 184.0, 220
28.0, 195.3, 220
36.0, 196.6, 220
33.0, 193.1, 220
40.0, 187.4, 220
38.0, 179.1, 220
38.0, 193.1, 220
28.0, 187.8, 220
30.0, 186.4, 220
37.0, 183.1, 220
40.0, 181.3, 220
44.0, 187.8, 220
36.0, 184.2, 220
33.0, 193.8, 220
19.0, 180.0, 220
31.0, 191.9, 220
31.0, 192.2, 220
35.0, 163.5, 220
26.0, 187.3, 220
36.0, 185.0, 220
36.0, 190.2, 220
32.0, 189.2, 220
38.0, 189.0, 220
31.0, 185.5, 220
31.0, 190.9, 220
31.0, 195.3, 220
34.0, 193.7, 220
26.0, 196.7, 220
53.0, 198.0, 220
22.0, 189.6, 220
39.0, 191.9, 220
20.0, 185.4, 220
29.0, 160.2, 220
45.0, 184.5, 220
27.0, 185.2, 220
63.0, 183.1, 220
37.0, 182.1, 220
34.0, 183.0, 220
30.0, 170.8, 220
29.0, 185.7, 220
44.0, 178.7, 220
29.0, 184.4, 220
30.0, 188.6, 220
27.999999999999996, 157.0, 220
39.0, 194.9, 220
22.999999999999996, 194.3, 220
23.0, 180.6, 220
23.0, 179.4, 220
31.0, 164.6, 220
43.0, 191.0, 220
31.0, 199.1, 220
61.0, 179.8, 220
39.0, 187.4, 220
23.999999999999996, 185.3, 220
37.0, 165.8, 220
33.0, 192.1, 220
26.0, 167.6, 220
42.0, 193.8, 220
35.0, 188.6, 220
47.0, 196.7, 220
26.0, 194.8, 220
32.0, 194.7, 220
26.0, 184.1, 220
45.0, 164.6, 220
41.0, 179.1, 220
38.0, 189.1, 220
31.0, 172.8, 220
28.0, 191.9, 220
62.0, 182.7, 220
31.0, 192.0, 220
39.0, 202.5, 220
33.0, 182.2, 220
23.0, 180.2, 220
26.0, 185.7, 220
31.0, 181.2, 220
46.0, 188.4, 220
38.0, 191.3, 220
41.0, 188.3, 220
30.0, 191.6, 220
29.0, 183.1, 220
35.0, 176.6, 220
27.0, 183.3, 220
29.0, 200.1, 220
26.0, 198.5, 220
43.0, 194.1, 220
58.0, 182.2, 220
52.0, 194.2, 220
35.0, 195.0, 220
36.0, 193.1, 220
23.0, 187.9, 220
42.0, 180.6, 220
34.0, 181.2, 220
28.0, 179.8, 220
27.0, 171.4, 220
26.0, 188.6, 220
36.0, 191.9, 220
25.0, 178.5, 220
32.0, 187.1, 220
70.0, 188.8, 220
65.0, 186.3, 220
41.0, 198.5, 220
25.999999999999996, 175.8, 220
40.0, 189.6, 220
29.0, 188.9, 220
19.0, 181.8, 220
26.0, 193.8, 220
33.0, 194.3, 220
25.999999999999996, 181.1, 220
33.0, 187.6, 220
37.0, 190.4, 220
34.0, 182.5, 220
21.0, 176.6, 220
32.0, 189.0, 220
18.0, 182.2, 220
35.0, 167.3, 220
27.0, 185.0, 220
28.999999999999996, 181.9, 220
38.0, 162.0, 220
27.0, 183.6, 220
18.999999999999996, 196.7, 220
28.0, 183.0, 220
32.0, 195.0, 220
23.0, 178.9, 220
37.0, 199.6, 220
53.0, 184.5, 220
44.0, 177.8, 220
29.0, 184.4, 220
24.0, 198.8, 220
33.0, 150.1, 220
31.0, 182.3, 220
31.0, 183.6, 220
26.0, 196.6, 220
24.0, 187.1, 220
30.0, 178.9, 220
26.0, 188.8, 220
44.0, 175.0, 220
26.0, 194.1, 220
31.0, 188.1, 220
32.0, 185.2, 220
29.0, 184.3, 220
37.0, 186.4, 220
26.999999999999996, 186.1, 220
39.0, 183.0, 220
36.0, 184.5, 220
29.999999999999996, 205.3, 220
28.999999999999996, 199.6, 220
31.0, 183.2, 220
34.0, 188.4, 220
33.0, 182.7, 220
22.999999999999996, 189.3, 220
38.0, 183.6, 220
21.999999999999996, 185.2, 220
36.0, 188.7, 220
34.0, 190.4, 220
41.0, 187.3, 220
25.0, 193.7, 220
22.0, 197.4, 220
33.0, 167.2, 220
33.0, 184.5, 220
26.0, 189.8, 220
29.0, 189.2, 220
36.0, 197.9, 220
30.999999999999996, 184.7, 220
31.999999999999996, 192.3, 220
25.0, 154.4, 220
28.0, 175.0, 220
42.0, 198.5, 220
25.0, 202.5, 220
40.0, 188.6, 220
30.0, 155.6, 220
41.0, 183.1, 220
29.0, 187.6, 220
24.0, 201.8, 220
51.0, 190.4, 220
37.0, 192.2, 220
39.0, 188.8, 220
37.0, 181.2, 220
47.0, 171.4, 220
31.0, 184.4, 220
38.0, 188.2, 220
29.0, 192.0, 220
20.0, 192.9, 220
37.0, 186.8, 220
19.999999999999996, 192.3, 220
25.0, 194.1, 220
31.0, 175.0, 220
37.0, 185.4, 220
39.0, 184.8, 220
41.0, 202.5, 220
42.0, 180.9, 220
43.0, 185.3, 220
29.0, 186.6, 220
34.0, 190.1, 220
25.0, 193.7, 220
25.0, 193.5, 220
31.0, 184.2, 220
38.0, 179.1, 220
34.0, 185.2, 220
41.0, 196.4, 220
25.0, 195.2, 220
36.0, 186.6, 220
56.0, 191.7, 220
40.0, 186.4, 220
33.0, 171.4, 220
30.0, 186.3, 220
21.999999999999996, 192.7, 220
28.0, 200.8, 220
41.0, 179.1, 220
39.0, 171.3, 220
25.0, 189.9, 220
41.0, 193.8, 220
42.0, 183.0, 220
40.0, 190.4, 220
25.0, 188.4, 220
31.0, 192.6, 220
19.999999999999996, 188.9, 220
40.0, 186.4, 220
39.0, 182.2, 220
47.0, 156.9, 220
23.0, 176.4, 220
66.0, 183.0, 220
25.0, 198.5, 220
34.0, 195.3, 220
22.0, 196.1, 220
29.0, 196.4, 220
17.0, 194.1, 220
30.0, 189.9, 220
31.0, 198.6, 220
42.0, 187.8, 220
35.0, 195.3, 220
42.0, 184.0, 220
25.0, 187.4, 220
27.999999999999996, 184.4, 220
38.0, 196.9, 220
34.0, 191.3, 220
37.0, 196.7, 220
32.0, 179.0, 220
35.0, 183.0, 220
39.0, 188.7, 220
33.0, 180.8, 220
28.999999999999996, 197.4, 220
41.0, 190.8, 220
24.0, 183.0, 220
31.0, 189.0, 220
22.0, 193.6, 220
19.999999999999996, 192.9, 220
30.0, 192.3, 220
37.0, 192.0, 220
36.0, 190.4, 220
29.0, 195.3, 220
49.0, 152.0, 220
27.999999999999996, 192.8, 220
36.0, 188.4, 220
41.0, 189.6, 220
26.999999999999996, 188.5, 220
26.999999999999996, 185.2, 220
43.0, 188.1, 220
28.0, 193.8, 220
29.0, 176.1, 220
33.0, 181.3, 220
30.0, 181.1, 220
29.0, 182.7, 220
26.0, 192.0, 220
37.0, 175.4, 220
19.0, 173.3, 220
33.0, 185.9, 220
23.0, 205.9, 220
26.0, 181.5, 220
24.0, 180.2, 220
37.0, 185.2, 220
21.999999999999996, 192.8, 220
38.0, 187.4, 220
32.0, 191.6, 220
34.0, 175.2, 220
30.0, 180.2, 220
37.0, 190.8, 220
20.0, 191.6, 220
39.0, 174.8, 220
33.0, 190.1, 220
26.0, 183.1, 220
26.0, 182.7, 220
29.0, 182.1, 220
28.0, 192.3, 220
36.0, 172.1, 220
38.0, 202.1, 220
40.0, 190.4, 220
40.0, 185.2, 220
35.0, 187.8, 220
58.0, 174.8, 220
25.999999999999996, 196.5, 220
35.0, 190.6, 220
41.0, 180.9, 220
38.0, 189.0, 220
29.0, 174.8, 220
29.0, 183.0, 220
18.999999999999996, 180.5, 220
39.0, 186.4, 220
31.0, 184.5, 220
36.0, 188.0, 220
25.999999999999996, 187.9, 220
22.0, 190.4, 220
39.0, 167.3, 220
23.0, 184.0, 220
25.0, 194.4, 220
44.0, 180.5, 220
35.0, 193.7, 220
34.0, 160.3, 220
38.0, 184.0, 220
38.0, 187.6, 220
36.0, 177.2, 220
16.0, 183.0, 220
46.0, 169.4, 220
31.0, 174.8, 220
25.0, 169.9, 220
24.0, 194.7, 220
35.0, 176.4, 220
37.0, 202.1, 220
37.0, 194.4, 220
24.0, 195.0, 220
29.0, 188.4, 220
20.0, 160.3, 220
25.0, 192.8, 220
37.0, 197.1, 220
36.0, 182.3, 220
34.0, 201.0, 220
37.0, 185.9, 220
35.0, 181.6, 220
22.0, 191.8, 220
38.0, 181.7, 220
40.0, 184.4, 220
29.0, 183.0, 220
34.0, 196.6, 220
29.0, 190.6, 220
32.0, 181.9, 220
33.0, 186.7, 220
25.0, 191.9, 220
18.999999999999996, 189.3, 220
39.0, 172.0, 220
40.0, 199.6, 220
39.0, 194.9, 220
27.0, 192.0, 220
25.0, 187.0, 220
42.0, 193.5, 220
31.0, 190.8, 220
37.0, 195.0, 220
26.0, 195.3, 220
42.0, 186.1, 220
34.0, 199.4, 220
30.0, 180.0, 220
25.0, 187.9, 220
43.0, 183.2, 220
38.0, 181.8, 220
30.0, 195.0, 220
25.0, 191.9, 220
45.0, 174.8, 220
43.0, 173.1, 220
32.0, 180.1, 220
51.0, 190.3, 220
44.0, 194.7, 220
24.0, 164.0, 220
38.0, 193.6, 220
27.0, 196.1, 220
32.0, 179.8, 220
21.0, 119.2, 220
43.0, 189.3, 220
33.0, 186.5, 220
33.0, 184.1, 220
39.0, 185.5, 220
28.0, 179.7, 220
36.0, 177.8, 220
38.0, 109.1, 220
22.0, 195.8, 220
32.0, 186.1, 220
35.0, 174.0, 220
25.0, 180.6, 220
36.0, 181.6, 220
34.0, 171.3, 220
25.0, 196.7, 220
30.999999999999996, 182.7, 220
23.0, 148.3, 220
37.0, 189.2, 220
42.0, 201.4, 220
30.0, 182.5, 220
24.999999999999996, 187.8, 220
32.0, 189.0, 220
24.0, 188.6, 220
32.0, 191.9, 220
25.0, 181.6, 220
21.999999999999996, 187.7, 220
34.0, 191.0, 220
30.0, 193.8, 220
35.0, 193.1, 220
39.0, 194.6, 220
26.0, 194.0, 220
29.0, 183.0, 220
26.0, 189.3, 220
31.0, 173.3, 220
33.0, 183.0, 220
31.0, 184.1, 220
23.0, 187.3, 220
29.0, 176.1, 220
30.0, 188.0, 220
29.999999999999996, 173.1, 220
29.0, 187.4, 220
50.0, 150.1, 220
24.0, 193.6, 220
24.0, 175.3, 220
30.0, 156.9, 220
32.0, 192.0, 220
26.0, 173.1, 220
40.0, 178.1, 220
37.0, 192.6, 220
28.0, 165.8, 220
40.0, 188.9, 220
29.0, 181.6, 220
25.0, 187.1, 220
34.0, 190.4, 220
41.0, 191.7, 220
18.999999999999996, 174.9, 220
38.0, 192.8, 220
30.0, 142.4, 220
36.0, 188.9, 220
21.0, 193.1, 220
38.0, 203.1, 220
24.0, 193.6, 220
47.0, 188.5, 220
39.0, 190.0, 220
22.0, 196.9, 220
44.0, 193.2, 220
40.0, 175.2, 220
32.0, 198.6, 220
27.0, 144.1, 220
41.0, 183.2, 220
20.0, 172.8, 220
40.0, 183.7, 220
25.999999999999996, 188.3, 220
45.0, 184.4, 220
24.0, 169.9, 220
20.999999999999996, 184.6, 220
23.0, 182.2, 220
29.0, 190.8, 220
43.0, 181.6, 220
21.0, 186.9, 220
41.0, 171.9, 220
37.0, 191.1, 220
29.0, 180.5, 220
30.0, 199.6, 220
41.0, 194.3, 220
28.0, 176.6, 220
32.0, 190.4, 220
31.0, 202.3, 220
32.0, 188.9, 220
27.0, 188.0, 220
34.0, 180.1, 220
27.0, 188.9, 220
42.0, 185.2, 220
35.0, 198.3, 220
41.0, 176.6, 220
42.0, 164.2, 220
70.0, 184.5, 220
33.0, 187.4, 220
25.0, 184.5, 220
42.0, 157.0, 220
40.0, 205.3, 220
35.0, 183.1, 220
36.0, 177.2, 220
22.0, 194.4, 220
31.0, 199.6, 220
42.0, 182.3, 220
29.0, 160.3, 220
28.0, 194.1, 220
32.0, 191.9, 220
34.0, 201.0, 220
30.0, 184.1, 220
44.0, 182.2, 220
40.0, 185.8, 220
30.0, 192.2, 220
26.0, 194.7, 220
24.0, 194.3, 220
35.0, 198.6, 220
52.0, 190.4, 220
29.0, 186.1, 220
38.0, 183.6, 220
28.0, 194.3, 220
31.999999999999996, 188.8, 220
34.0, 182.1, 220
28.0, 173.3, 220
25.0, 182.5, 220
26.0, 187.3, 220
35.0, 189.4, 220
27.0, 181.9, 220
43.0, 174.8, 220
42.0, 178.1, 220
29.0, 184.0, 220
31.0, 183.2, 220
47.0, 201.0, 220
22.0, 180.5, 220
30.0, 175.5, 220
21.0, 192.3, 220
25.0, 184.1, 220
36.0, 188.0, 220
30.0, 162.1, 220
43.0, 179.3, 220
36.0, 180.0, 220
33.0, 184.4, 220
28.0, 192.2, 220
27.0, 181.9, 220
37.0, 184.3, 220
30.999999999999996, 182.5, 220
22.0, 161.2, 220
27.0, 147.2, 220
35.0, 183.7, 220
33.0, 190.0, 220
32.0, 193.7, 220
30.0, 169.9, 220
34.0, 196.4, 220
38.0, 192.8, 220
21.0, 183.1, 220
45.0, 187.4, 220
41.0, 117.0, 220
30.0, 187.3, 220
51.0, 184.4, 220
32.0, 191.3, 220
23.0, 190.8, 220
35.0, 164.0, 220
26.0, 183.0, 220
33.0, 184.3, 220
29.0, 189.1, 220
36.0, 196.5, 220
36.0, 189.8, 220
27.0, 171.4, 220
40.0, 177.8, 220
35.0, 183.7, 220
34.0, 198.5, 220
31.0, 156.0, 220
39.0, 199.4, 220
32.0, 192.8, 220
25.0, 193.8, 220
46.0, 169.4, 220
26.0, 187.7, 220
27.0, 184.2, 220
36.0, 186.2, 220
32.0, 184.0, 220
40.0, 163.5, 220
30.0, 181.8, 220
45.0, 199.6, 220
37.0, 188.4, 220
58.0, 194.1, 220
22.0, 195.3, 220
32.0, 185.1, 220
21.0, 196.4, 220
28.0, 180.0, 220
28.0, 180.3, 220
29.0, 143.9, 220
33.0, 180.3, 220
40.0, 194.9, 220
33.0, 189.5, 220
31.0, 154.4, 220
44.0, 185.0, 220
33.0, 196.7, 220
36.0, 189.1, 220
22.0, 185.9, 220
37.0, 181.6, 220
40.0, 188.8, 220
44.0, 189.5, 220
30.0, 188.4, 220
32.0, 169.8, 220
41.0, 172.3, 220
24.0, 195.9, 220
29.0, 189.8, 220
26.0, 194.2, 220
24.0, 171.3, 220
43.0, 192.8, 220
35.0, 174.8, 220
25.0, 188.4, 220
38.0, 174.0, 220
45.0, 187.7, 220
30.0, 203.1, 220
46.0, 187.0, 220
46.0, 195.9, 220
39.0, 186.4, 220
31.0, 162.9, 220
39.0, 187.9, 220
37.0, 184.1, 220
39.0, 177.8, 220
34.0, 189.2, 220
31.0, 164.2, 220
39.0, 194.6, 220
28.0, 192.9, 220
33.0, 183.6, 220
35.0, 193.1, 220
34.0, 186.7, 220
41.0, 183.6, 220
38.0, 183.0, 220
29.0, 194.9, 220
27.0, 167.2, 220
41.0, 191.8, 220
35.0, 180.9, 220
26.0, 142.4, 220
42.0, 184.5, 220
31.0, 191.0, 220
31.0, 180.3, 220
33.0, 183.7, 220
35.0, 194.1, 220
33.0, 190.1, 220
40.0, 186.7, 220
36.0, 193.1, 220
45.0, 182.7, 220
26.0, 184.8, 220
34.0, 199.1, 220
35.0, 178.2, 220
40.0, 190.8, 220
40.0, 187.2, 220
31.0, 184.1, 220
26.0, 181.1, 220
22.0, 198.5, 220
22.0, 156.0, 220
31.0, 181.7, 220
26.999999999999996, 201.8, 220
34.0, 191.8, 220
42.0, 171.3, 220
54.0, 190.4, 220
22.0, 191.9, 220
30.0, 183.0, 220
41.0, 171.3, 220
31.0, 156.9, 220
35.0, 188.6, 220
35.0, 191.9, 220
20.0, 171.6, 220
36.0, 169.4, 220
46.0, 181.0, 220
27.0, 183.0, 220
23.0, 190.1, 220
51.0, 109.1, 220
34.0, 185.2, 220
33.0, 197.9, 220
25.0, 192.6, 220
30.0, 198.6, 220
47.0, 165.4, 220
37.0, 189.5, 220
30.0, 175.0, 220
38.0, 195.1, 220
33.0, 194.1, 220
36.0, 187.0, 220
40.0, 187.7, 220
38.0, 181.2, 220
20.0, 119.2, 220
41.0, 152.8, 220
37.0, 156.9, 220
67.0, 138.6, 220
35.0, 190.3, 220
28.0, 195.2, 220
21.0, 184.0, 220
33.0, 191.1, 220
26.0, 183.0, 220
32.0, 143.9, 220
38.0, 187.5, 220
29.0, 189.6, 220
42.0, 182.5, 220
33.0, 174.0, 220
26.0, 193.1, 220
39.0, 182.2, 220
40.0, 184.5, 220
32.0, 190.2, 220
21.0, 190.8, 220
24.0, 175.5, 220
40.0, 169.9, 220
31.0, 179.7, 220
19.0, 201.5, 220
29.0, 179.8, 220
48.0, 165.4, 220
33.0, 192.0, 220
30.0, 181.7, 220
18.0, 181.0, 220
31.0, 186.4, 220
29.0, 194.6, 220
23.0, 194.8, 220
33.0, 188.3, 220
40.0, 171.4, 220
43.0, 189.3, 220
31.0, 187.7, 220
27.0, 189.6, 220
22.0, 190.4, 220
29.0, 182.1, 220
27.0, 187.3, 220
28.0, 183.0, 220
32.0, 193.1, 220
18.0, 187.9, 220
57.0, 189.4, 220
31.0, 188.1, 220
33.0, 189.1, 220
21.0, 192.3, 220
34.0, 194.3, 220
24.0, 183.7, 220
42.0, 189.3, 220
32.0, 193.7, 220
29.0, 185.2, 220
33.0, 186.1, 220
29.0, 185.9, 220
32.0, 185.2, 220
30.0, 185.4, 220
33.0, 183.6, 220
24.0, 190.0, 220
40.0, 177.8, 220
33.0, 171.6, 220
27.0, 169.5, 220
29.0, 188.8, 220
27.0, 185.2, 220
24.999999999999996, 175.2, 220
28.0, 179.8, 220
27.0, 190.1, 220
31.0, 190.4, 220
35.0, 183.0, 220
35.0, 182.2, 220
39.0, 188.1, 220
18.0, 184.3, 220
38.0, 180.3, 220
26.0, 194.2, 220
41.0, 179.8, 220
30.0, 184.7, 220
26.0, 184.8, 220
39.0, 195.9, 220
34.0, 184.5, 220
39.0, 188.8, 220
32.0, 175.8, 220
26.0, 186.5, 220
23.999999999999996, 191.3, 220
35.0, 188.6, 220
23.0, 190.1, 220
26.0, 190.8, 220
23.0, 180.0, 220
39.0, 185.0, 220
35.0, 176.3, 220
23.0, 191.0, 220
35.0, 192.0, 220
36.0, 190.8, 220
23.0, 171.3, 220
29.0, 176.1, 220
45.0, 203.1, 220
35.0, 193.8, 220
35.0, 182.1, 220
20.0, 160.2, 220
28.0, 199.6, 220
18.0, 187.9, 220
22.0, 183.1, 220
37.0, 187.1, 220
27.0, 187.3, 220
47.0, 188.9, 220
24.0, 173.3, 220
41.0, 176.1, 220
23.0, 191.3, 220
21.0, 193.1, 220
41.0, 174.0, 220
38.0, 193.6, 220
39.0, 192.6, 220
20.0, 195.3, 220
43.0, 189.3, 220
25.0, 194.3, 220
20.0, 188.0, 220
25.0, 191.9, 220
26.0, 186.3, 220
20.0, 188.8, 220
36.0, 175.9, 220
25.0, 181.8, 220
41.0, 190.3, 220
30.0, 187.3, 220
43.0, 186.2, 220
28.0, 183.0, 220
46.0, 178.2, 220
32.0, 188.1, 220
28.0, 187.0, 220
35.0, 182.3, 220
35.0, 186.2, 220
30.0, 184.5, 220
36.0, 192.5, 220
29.0, 163.4, 220
28.0, 185.2, 220
24.0, 193.8, 220
45.0, 146.9, 220
38.0, 179.4, 220
27.0, 192.8, 220
23.0, 194.3, 220
38.0, 175.5, 220
56.0, 187.3, 220
33.0, 186.3, 220
36.0, 189.6, 220
39.0, 201.0, 220
29.0, 184.5, 220
21.0, 183.6, 220
28.0, 189.8, 220
34.0, 183.0, 220
26.0, 146.9, 220
40.0, 192.8, 220
28.0, 183.2, 220
21.0, 187.4, 220
19.0, 186.6, 220
40.0, 188.3, 220
21.999999999999996, 192.7, 220
26.0, 190.8, 220
23.0, 184.2, 220
27.0, 196.4, 220
36.0, 184.8, 220
33.0, 181.9, 220
24.0, 178.7, 220
70.0, 190.1, 220
36.0, 192.6, 220
34.0, 193.8, 220
26.0, 180.9, 220
34.0, 184.5, 220
27.0, 190.7, 220
31.0, 165.8, 220
31.0, 189.8, 220
36.0, 189.5, 220
39.0, 180.9, 220
35.0, 184.8, 220
24.0, 195.8, 220
34.0, 201.4, 220
26.0, 187.1, 220
45.0, 193.2, 220
16.0, 188.1, 220
40.0, 184.0, 220
35.0, 172.1, 220
42.0, 175.3, 220
44.0, 194.2, 220
22.0, 176.6, 220
30.0, 190.6, 220
24.0, 191.9, 220
31.0, 188.9, 220
30.0, 184.5, 220
30.0, 175.5, 220
26.0, 174.0, 220
27.0, 190.6, 220
28.0, 194.1, 220
28.0, 199.2, 220
35.0, 179.7, 220
29.0, 163.8, 220
66.0, 179.8, 220
38.0, 179.7, 220
34.0, 190.3, 220
36.0, 190.3, 220
23.0, 187.6, 220
23.0, 185.1, 220
27.0, 171.3, 220
34.0, 189.3, 220
32.0, 186.4, 220
28.0, 198.6, 220
22.0, 192.8, 220
25.0, 190.8, 220
40.0, 187.4, 220
40.0, 191.9, 220
13.0, 184.5, 220
22.0, 190.3, 220
27.999999999999996, 183.1, 220
36.0, 205.3, 220
20.0, 181.7, 220
26.0, 191.9, 220
22.0, 186.3, 220
43.0, 194.1, 220
30.999999999999996, 196.7, 220
36.0, 146.9, 220
52.0, 191.3, 220
38.0, 204.8, 220
41.0, 190.9, 220
38.0, 192.4, 220
31.0, 183.2, 220
22.0, 189.1, 220
27.0, 191.3, 220
32.0, 174.9, 220
30.0, 186.0, 220
32.0, 203.1, 220
20.999999999999996, 193.5, 220
23.0, 189.4, 220
21.0, 195.0, 220
29.999999999999996, 188.3, 220
33.0, 189.3, 220
33.0, 185.8, 220
32.0, 177.0, 220
42.0, 172.6, 220
21.999999999999996, 201.0, 220
33.0, 185.8, 220
38.0, 188.9, 220
24.0, 167.6, 220
24.0, 180.5, 220
34.0, 183.6, 220
33.0, 186.0, 220
24.0, 179.6, 220
42.0, 182.5, 220
28.0, 179.6, 220
27.0, 184.5, 220
26.0, 160.3, 220
31.0, 187.7, 220
30.0, 184.3, 220
25.0, 185.4, 220
28.0, 167.3, 220
34.0, 194.1, 220
29.999999999999996, 185.2, 220
31.0, 202.3, 220
41.0, 193.1, 220
31.0, 193.2, 220
26.0, 183.1, 220
29.0, 193.5, 220
36.0, 190.3, 220
38.0, 193.8, 220
22.999999999999996, 171.4, 220
25.0, 176.1, 220
27.0, 198.8, 220
43.0, 180.5, 220
25.0, 194.4, 220
25.0, 187.7, 220
32.0, 183.0, 220
30.0, 191.5, 220
41.0, 192.0, 220
30.0, 187.0, 220
27.0, 178.9, 220
21.0, 188.8, 220
55.0, 192.0, 220
42.0, 188.4, 220
33.0, 189.3, 220
31.999999999999996, 204.8, 220
30.0, 193.6, 220
45.0, 192.6, 220
27.0, 190.5, 220
39.0, 190.3, 220
35.0, 169.4, 220
22.0, 180.0, 220
30.0, 163.5, 220
42.0, 200.8, 220
32.0, 175.2, 220
39.0, 201.5, 220
23.0, 194.3, 220
22.0, 188.9, 220
51.0, 179.7, 220
27.0, 185.2, 220
29.999999999999996, 191.9, 220
34.0, 184.1, 220
23.0, 181.2, 220
20.0, 193.1, 220
47.0, 195.3, 220
38.0, 199.6, 220
30.0, 156.9, 220
30.0, 192.3, 220
30.0, 186.7, 220
25.0, 184.8, 220
25.0, 187.1, 220
28.0, 169.5, 220
31.0, 199.6, 220
34.0, 188.1, 220
35.0, 180.6, 220
41.0, 186.3, 220
35.0, 188.3, 220
13.0, 180.0, 220
31.0, 193.8, 220
44.0, 186.6, 220
31.0, 187.9, 220
22.0, 177.0, 220
21.999999999999996, 187.3, 220
33.0, 196.4, 220
35.0, 200.8, 220
43.0, 191.3, 220
26.999999999999996, 201.8, 220
33.0, 169.4, 220
38.0, 189.0, 220
22.0, 181.6, 220
23.999999999999996, 172.0, 220
34.0, 152.0, 220
35.0, 194.7, 220
39.0, 188.4, 220
37.0, 196.3, 220
37.0, 184.3, 220
36.0, 188.4, 220
30.0, 187.8, 220
35.0, 171.3, 220
32.0, 175.5, 220
26.0, 152.8, 220
33.0, 169.4, 220
27.0, 196.5, 220
25.0, 178.7, 220
30.0, 156.0, 220
30.0, 191.7, 220
30.0, 189.8, 220
19.999999999999996, 181.6, 220
39.0, 203.1, 220
25.0, 150.2, 220
22.0, 170.8, 220
42.0, 179.0, 220
39.0, 194.9, 220
43.0, 190.0, 220
31.0, 179.4, 220
33.0, 154.4, 220
21.0, 172.1, 220
29.0, 204.8, 220
29.0, 170.3, 220
20.999999999999996, 195.8, 220
26.0, 188.0, 220
34.0, 184.7, 220
27.0, 189.5, 220
38.0, 184.5, 220
12.0, 191.9, 220
28.0, 193.8, 220
31.0, 182.8, 220
39.0, 175.2, 220
32.0, 182.5, 220
41.0, 188.5, 220
28.0, 178.1, 220
17.0, 192.4, 220
43.0, 180.5, 220
31.0, 184.4, 220
38.0, 162.1, 220
20.999999999999996, 202.5, 220
26.0, 188.1, 220
62.0, 196.7, 220
31.0, 188.2, 220
23.0, 183.0, 220
41.0, 185.2, 220
38.0, 194.3, 220
30.0, 187.5, 220
23.0, 180.1, 220
47.0, 193.1, 220
36.0, 150.2, 220
18.999999999999996, 188.3, 220
41.0, 190.4, 220
38.0, 188.3, 220
22.0, 184.2, 220
22.999999999999996, 184.5, 220
35.0, 191.3, 220
37.0, 198.8, 220
38.0, 182.2, 220
29.999999999999996, 176.3, 220
38.0, 196.9, 220
28.0, 196.6, 220
29.0, 191.9, 220
35.0, 184.5, 220
44.0, 119.2, 220
27.999999999999996, 188.2, 220
32.0, 182.8, 220
30.0, 195.1, 220
35.0, 185.0, 220
25.0, 185.4, 220
39.0, 183.1, 220
28.0, 185.0, 220
39.0, 189.2, 220
40.0, 201.0, 220
38.0, 189.6, 220
59.0, 196.4, 220
37.0, 188.3, 220
27.0, 193.6, 220
29.0, 174.8, 220
31.0, 188.1, 220
23.0, 196.3, 220
22.0, 172.1, 220
39.0, 189.0, 220
31.0, 181.6, 220
26.0, 192.6, 220
37.0, 172.3, 220
23.0, 180.3, 220
26.0, 203.1, 220
24.0, 163.5, 220
29.0, 191.3, 220
32.0, 199.6, 220
22.999999999999996, 182.2, 220
37.0, 184.0, 220
29.0, 193.1, 220
42.0, 185.0, 220
33.0, 191.1, 220
38.0, 196.3, 220
32.0, 196.1, 220
30.0, 164.2, 220
37.0, 185.9, 220
38.0, 183.1, 220
22.0, 186.6, 220
40.0, 191.7, 220
29.0, 183.0, 220
28.0, 186.7, 220
39.0, 188.8, 220
34.0, 180.0, 220
36.0, 190.6, 220
34.0, 187.1, 220
30.0, 184.4, 220
43.0, 188.4, 220
67.0, 138.6, 220
23.0, 183.7, 220
35.0, 193.7, 220
37.0, 188.0, 220
22.0, 187.3, 220
35.0, 184.8, 220
26.0, 181.3, 220
35.0, 185.5, 220
30.999999999999996, 196.7, 220
27.0, 181.5, 220
34.0, 205.9, 220
40.0, 181.6, 220
22.0, 178.1, 220
42.0, 189.2, 220
22.0, 185.9, 220
29.0, 188.1, 220
35.0, 188.0, 220
26.0, 187.7, 220
35.0, 188.6, 220
35.0, 198.5, 220
43.0, 185.4, 220
37.0, 177.2, 220
27.0, 182.1, 220
46.0, 184.6, 220
24.0, 186.7, 220
43.0, 192.4, 220
34.0, 193.5, 220
27.0, 184.8, 220
42.0, 188.4, 220
32.0, 194.4, 220
39.0, 184.3, 220
19.999999999999996, 193.2, 220
25.0, 189.1, 220
41.0, 189.6, 220
36.0, 192.8, 220
37.0, 197.4, 220
25.0, 185.0, 220
32.0, 186.5, 220
32.0, 163.5, 220
24.0, 179.1, 220
38.0, 190.5, 220
20.0, 194.9, 220
40.0, 176.6, 220
37.0, 186.1, 220
22.0, 184.5, 220
31.0, 197.9, 220
37.0, 190.3, 220
37.0, 202.3, 220
34.0, 181.7, 220
30.0, 194.4, 220
48.0, 182.8, 220
43.0, 180.5, 220
29.0, 170.8, 220
38.0, 184.8, 220
24.999999999999996, 204.8, 220
29.0, 187.7, 220
30.0, 178.8, 220
43.0, 173.1, 220
36.0, 156.9, 220
31.0, 189.1, 220
25.0, 181.9, 220
25.0, 185.2, 220
34.0, 180.5, 220
32.0, 189.0, 220
21.0, 201.0, 220
27.0, 184.4, 220
66.0, 186.6, 220
57.0, 201.0, 220
39.0, 161.2, 220
33.0, 169.4, 220
26.0, 182.1, 220
42.0, 186.3, 220
34.0, 180.0, 220
43.0, 169.9, 220
27.0, 190.0, 220
28.0, 191.9, 220
26.0, 186.7, 220
34.0, 150.1, 220
28.0, 155.6, 220
29.0, 187.7, 220
39.0, 192.4, 220
32.0, 190.4, 220
65.0, 178.9, 220
34.0, 192.2, 220
27.0, 187.4, 220
25.0, 194.3, 220
28.0, 196.7, 220
36.0, 190.0, 220
23.0, 180.3, 220
31.0, 173.1, 220
40.0, 182.2, 220
56.0, 193.8, 220
23.0, 188.5, 220
24.0, 193.6, 220
37.0, 172.6, 220
38.0, 164.6, 220
38.0, 192.0, 220
27.0, 192.7, 220
20.0, 179.7, 220
58.0, 194.4, 220
35.0, 202.3, 220
25.0, 188.4, 220
38.0, 187.1, 220
34.0, 193.2, 220
46.0, 192.5, 220
39.0, 171.4, 220
44.0, 194.3, 220
31.0, 179.8, 220
37.0, 169.8, 220
23.0, 152.0, 220
18.999999999999996, 188.0, 220
31.0, 194.2, 220
57.0, 201.0, 220
42.0, 181.7, 220
32.0, 188.7, 220
61.0, 191.8, 220
38.0, 184.8, 220
35.0, 176.1, 220
30.999999999999996, 195.3, 220
36.0, 183.0, 220
28.0, 186.4, 220
42.0, 193.1, 220
19.999999999999996, 189.4, 220
33.0, 184.4, 220
20.0, 186.0, 220
29.0, 173.3, 220
35.0, 184.0, 220
35.0, 194.3, 220
46.0, 186.1, 220
37.0, 185.1, 220
27.0, 187.7, 220
45.0, 193.2, 220
24.0, 109.1, 220
33.0, 199.2, 220
36.0, 181.2, 220
19.0, 193.4, 220
38.0, 192.6, 220
29.0, 183.1, 220
33.0, 184.3, 220
25.0, 169.9, 220
28.0, 195.3, 220
32.0, 186.6, 220
29.0, 188.4, 220
32.0, 187.3, 220
39.0, 185.3, 220
22.999999999999996, 193.8, 220
44.0, 180.2, 220
34.0, 192.0, 220
27.0, 184.5, 220
39.0, 176.6, 220
28.0, 162.1, 220
18.0, 187.0, 220
40.0, 187.9, 220
38.0, 192.8, 220
23.0, 184.8, 220
38.0, 175.9, 220
38.0, 184.5, 220
37.0, 182.5, 220
30.0, 188.2, 220
24.999999999999996, 155.6, 220
26.999999999999996, 179.4, 220
35.0, 187.0, 220
36.0, 189.6, 220
40.0, 189.0, 220
39.0, 195.1, 220
53.0, 186.3, 220
52.0, 191.1, 220
32.0, 186.4, 220
28.999999999999996, 193.7, 220
27.0, 193.4, 220
28.0, 181.2, 220
26.0, 201.4, 220
64.0, 169.9, 220
24.0, 205.3, 220
36.0, 195.8, 220
43.0, 186.8, 220
35.0, 189.2, 220
29.0, 188.2, 220
42.0, 184.5, 220
39.0, 181.7, 220
42.0, 189.2, 220
30.0, 195.3, 220
29.0, 184.6, 220
42.0, 187.9, 220
42.0, 171.6, 220
30.0, 201.4, 220
39.0, 178.1, 220
38.0, 182.8, 220
30.0, 199.2, 220
