43.0, 119.30000000000001, 100
32.0, 103.80000000000001, 100
30.0, 108.1, 100
24.999999999999996, 102.6, 100
35.0, 102.30000000000001, 100
35.0, 106.0, 100
44.0, 99.0, 100
24.0, 105.30000000000001, 100
42.0, 102.6, 100
32.0, 81.19999999999999, 100
41.0, 103.19999999999999, 100
35.0, 100.80000000000001, 100
38.0, 98.4, 100
38.0, 103.30000000000001, 100
30.0, 107.6, 100
28.0, 107.6, 100
29.0, 75.19999999999999, 100
38.0, 114.80000000000001, 100
42.0, 105.1, 100
33.0, 108.30000000000001, 100
31.999999999999996, 108.19999999999999, 100
34.0, 97.6, 100
30.0, 106.4, 100
36.0, 102.9, 100
40.0, 100.1, 100
39.0, 68.4, 100
36.0, 104.30000000000001, 100
37.0, 101.80000000000001, 100
30.0, 96.19999999999999, 100
57.0, 98.5, 100
31.0, 102.0, 100
34.0, 97.0, 100
41.0, 83.4, 100
42.0, 114.1, 100
27.0, 101.69999999999999, 100
29.0, 103.30000000000001, 100
33.0, 20.5, 100
44.0, 108.30000000000001, 100
24.0, 107.80000000000001, 100
38.0, 110.30000000000001, 100
44.0, 101.0, 100
29.0, 104.9, 100
29.0, 110.69999999999999, 100
40.0, 98.4, 100
30.0, 99.19999999999999, 100
26.0, 104.5, 100
26.0, 105.5, 100
36.0, 93.1, 100
34.0, 98.0, 100
43.0, 97.0, 100
32.0, 102.80000000000001, 100
49.0, 98.4, 100
35.0, 108.80000000000001, 100
42.0, 96.30000000000001, 100
35.0, 108.30000000000001, 100
39.0, 102.6, 100
38.0, 104.6, 100
32.0, 61.2, 100
33.0, 104.19999999999999, 100
31.0, 104.5, 100
28.0, 101.30000000000001, 100
24.0, 105.9, 100
35.0, 102.6, 100
38.0, 105.5, 100
39.0, 107.6, 100
42.0, 102.9, 100
28.0, 98.30000000000001, 100
32.0, 97.6, 100
44.0, 93.30000000000001, 100
42.0, 101.4, 100
22.0, 103.5, 100
37.0, 110.1, 100
33.0, 101.6, 100
38.0, 100.6, 100
27.0, 94.9, 100
36.0, 95.4, 100
30.0, 109.9, 100
29.0, 103.30000000000001, 100
36.0, 103.30000000000001, 100
33.0, 98.4, 100
37.0, 100.4, 100
23.0, 101.30000000000001, 100
29.0, 97.6, 100
45.0, 96.1, 100
45.0, 100.6, 100
32.0, 83.9, 100
36.0, 71.0, 100
45.0, 103.9, 100
33.0, 76.1, 100
38.0, 101.6, 100
26.0, 111.4, 100
50.0, 100.1, 100
27.0, 96.80000000000001, 100
28.0, 102.9, 100
43.0, 104.80000000000001, 100
36.0, 66.8, 100
28.0, 93.30000000000001, 100
27.0, 98.19999999999999, 100
42.0, 99.19999999999999, 100
37.0, 98.80000000000001, 100
31.999999999999996, 107.6, 100
32.0, 105.69999999999999, 100
48.0, 31.0, 100
34.0, 92.5, 100
41.0, 90.30000000000001, 100
38.0, 102.6, 100
39.0, 104.1, 100
21.0, 98.4, 100
18.999999999999996, 102.1, 100
23.0, 101.5, 100
46.0, 96.19999999999999, 100
53.0, 93.6, 100
32.0, 94.5, 100
43.0, 110.9, 100
22.999999999999996, 71.0, 100
20.0, 83.4, 100
26.0, 108.9, 100
38.0, 108.9, 100
34.0, 102.30000000000001, 100
31.0, 87.1, 100
39.0, 89.9, 100
35.0, 91.80000000000001, 100
46.0, 95.19999999999999, 100
33.0, 102.1, 100
39.0, 101.69999999999999, 100
38.0, 108.4, 100
36.0, 98.4, 100
38.0, 93.1, 100
35.0, 98.5, 100
34.0, 108.19999999999999, 100
35.0, 116.30000000000001, 100
43.0, 98.0, 100
37.0, 108.9, 100
34.0, 85.4, 100
44.0, 99.9, 100
31.0, 116.1, 100
39.0, 98.69999999999999, 100
41.0, 107.19999999999999, 100
31.0, 115.0, 100
32.0, 109.6, 100
31.0, 103.9, 100
39.0, 107.1, 100
34.0, 84.30000000000001, 100
43.0, 95.80000000000001, 100
39.0, 95.4, 100
38.0, 103.80000000000001, 100
33.0, 110.5, 100
37.0, 99.0, 100
39.0, 108.19999999999999, 100
39.0, 86.80000000000001, 100
44.0, 101.1, 100
52.0, 104.1, 100
35.0, 105.0, 100
31.0, 107.30000000000001, 100
35.0, 116.5, 100
36.0, 103.6, 100
34.0, 107.69999999999999, 100
31.0, 103.0, 100
32.0, 102.4, 100
27.999999999999996, 105.30000000000001, 100
35.0, 93.69999999999999, 100
39.0, 99.1, 100
42.0, 87.1, 100
29.0, 78.0, 100
30.0, 98.6, 100
40.0, 98.1, 100
20.0, 100.6, 100
38.0, 107.6, 100
30.0, 100.30000000000001, 100
38.0, 108.9, 100
40.0, 107.1, 100
40.0, 98.6, 100
41.0, 100.1, 100
37.0, 100.4, 100
33.0, 103.80000000000001, 100
40.0, 110.30000000000001, 100
51.0, 81.19999999999999, 100
36.0, 97.1, 100
36.0, 110.30000000000001, 100
27.0, 99.19999999999999, 100
34.0, 112.5, 100
31.0, 108.19999999999999, 100
33.0, 105.0, 100
23.0, 57.900000000000006, 100
36.0, 101.0, 100
32.0, 108.4, 100
35.0, 77.6, 100
26.0, 107.5, 100
39.0, 81.19999999999999, 100
38.0, 107.1, 100
28.0, 77.4, 100
29.0, 90.1, 100
30.0, 98.5, 100
26.0, 103.80000000000001, 100
42.0, 107.6, 100
31.0, 115.5, 100
39.0, 97.1, 100
39.0, 101.0, 100
43.0, 31.0, 100
30.0, 115.5, 100
29.0, 105.0, 100
24.999999999999996, 95.5, 100
31.999999999999996, 97.1, 100
36.0, 101.69999999999999, 100
31.0, 90.6, 100
35.0, 105.0, 100
29.0, 110.9, 100
40.0, 100.6, 100
42.0, 94.19999999999999, 100
34.0, 102.1, 100
31.0, 77.4, 100
32.0, 95.6, 100
42.0, 83.9, 100
38.0, 103.4, 100
40.0, 102.1, 100
24.0, 106.5, 100
43.0, 108.30000000000001, 100
39.0, 103.30000000000001, 100
38.0, 115.5, 100
31.0, 106.0, 100
36.0, 104.80000000000001, 100
31.999999999999996, 109.80000000000001, 100
42.0, 98.0, 100
42.0, 101.9, 100
38.0, 95.69999999999999, 100
30.0, 96.5, 100
35.0, 101.0, 100
26.0, 99.0, 100
34.0, 107.80000000000001, 100
41.0, 101.0, 100
33.0, 97.69999999999999, 100
36.0, 95.9, 100
40.0, 96.1, 100
35.0, 100.30000000000001, 100
44.0, 88.80000000000001, 100
36.0, 104.30000000000001, 100
20.999999999999996, 109.30000000000001, 100
38.0, 103.9, 100
36.0, 107.1, 100
30.0, 110.1, 100
40.0, 102.19999999999999, 100
34.0, 97.19999999999999, 100
38.0, 105.9, 100
38.0, 89.19999999999999, 100
32.0, 92.69999999999999, 100
41.0, 107.6, 100
30.0, 98.0, 100
31.0, 98.4, 100
41.0, 95.6, 100
28.0, 105.5, 100
39.0, 106.9, 100
48.0, 107.80000000000001, 100
40.0, 102.5, 100
27.0, 101.4, 100
52.0, 100.30000000000001, 100
29.0, 101.4, 100
38.0, 103.80000000000001, 100
30.0, 78.0, 100
28.0, 94.80000000000001, 100
32.0, 100.19999999999999, 100
29.0, 105.1, 100
31.0, 103.30000000000001, 100
27.0, 108.69999999999999, 100
36.0, 97.1, 100
19.0, 98.0, 100
35.0, 83.9, 100
42.0, 105.30000000000001, 100
44.0, 93.30000000000001, 100
25.0, 98.6, 100
44.0, 112.30000000000001, 100
43.0, 99.19999999999999, 100
40.0, 100.69999999999999, 100
40.0, 95.69999999999999, 100
21.0, 93.4, 100
34.0, 99.1, 100
52.0, 100.30000000000001, 100
34.0, 97.1, 100
34.0, 107.6, 100
40.0, 104.80000000000001, 100
29.0, 105.30000000000001, 100
46.0, 109.30000000000001, 100
35.0, 102.19999999999999, 100
30.0, 103.30000000000001, 100
35.0, 103.30000000000001, 100
82.0, 104.80000000000001, 100
42.0, 104.30000000000001, 100
37.0, 104.1, 100
31.0, 100.9, 100
46.0, 102.0, 100
37.0, 81.6, 100
18.0, 107.80000000000001, 100
35.0, 109.30000000000001, 100
43.0, 88.9, 100
41.0, 100.30000000000001, 100
36.0, 102.6, 100
49.0, 101.69999999999999, 100
28.0, 113.6, 100
37.0, 104.80000000000001, 100
38.0, 105.69999999999999, 100
42.0, 97.0, 100
36.0, 104.6, 100
38.0, 85.30000000000001, 100
38.0, 100.6, 100
35.0, 81.6, 100
32.0, 97.1, 100
37.0, 102.30000000000001, 100
30.999999999999996, 83.9, 100
34.0, 79.80000000000001, 100
30.0, 99.0, 100
29.0, 96.5, 100
24.0, 99.19999999999999, 100
43.0, 93.69999999999999, 100
31.0, 101.4, 100
19.999999999999996, 93.0, 100
52.0, 92.69999999999999, 100
32.0, 100.4, 100
29.0, 108.19999999999999, 100
28.0, 109.9, 100
31.0, 100.30000000000001, 100
24.0, 105.5, 100
41.0, 97.0, 100
41.0, 98.5, 100
30.0, 111.9, 100
32.0, 66.0, 100
39.0, 100.30000000000001, 100
41.0, 93.69999999999999, 100
42.0, 99.4, 100
24.0, 103.5, 100
45.0, 98.4, 100
41.0, 108.6, 100
45.0, 106.6, 100
37.0, 94.19999999999999, 100
33.0, 101.6, 100
48.0, 102.1, 100
45.0, 95.0, 100
30.0, 102.1, 100
31.0, 106.19999999999999, 100
32.0, 107.1, 100
22.999999999999996, 104.0, 100
36.0, 97.19999999999999, 100
33.0, 99.1, 100
38.0, 93.6, 100
40.0, 108.9, 100
27.0, 76.9, 100
37.0, 96.30000000000001, 100
28.0, 93.6, 100
17.0, 107.1, 100
47.0, 99.5, 100
38.0, 105.9, 100
31.0, 99.9, 100
31.0, 110.1, 100
44.0, 78.6, 100
28.0, 60.900000000000006, 100
42.0, 109.80000000000001, 100
36.0, 99.9, 100
46.0, 108.0, 100
25.999999999999996, 102.1, 100
33.0, 109.1, 100
28.0, 74.19999999999999, 100
36.0, 97.0, 100
34.0, 108.4, 100
36.0, 101.69999999999999, 100
35.0, 110.6, 100
23.0, 101.4, 100
33.0, 91.19999999999999, 100
29.0, 85.4, 100
33.0, 100.9, 100
26.0, 98.30000000000001, 100
32.0, 95.6, 100
42.0, 113.1, 100
29.0, 95.19999999999999, 100
39.0, 99.9, 100
36.0, 109.19999999999999, 100
34.0, 102.0, 100
23.0, 104.0, 100
42.0, 101.69999999999999, 100
42.0, 87.30000000000001, 100
23.999999999999996, 78.19999999999999, 100
31.0, 98.5, 100
33.0, 108.6, 100
35.0, 99.19999999999999, 100
35.0, 107.1, 100
41.0, 83.5, 100
41.0, 99.19999999999999, 100
40.0, 106.0, 100
37.0, 100.4, 100
49.0, 102.0, 100
38.0, 103.80000000000001, 100
45.0, 105.30000000000001, 100
46.0, 104.1, 100
40.0, 113.6, 100
19.0, 100.6, 100
42.0, 102.1, 100
38.0, 64.1, 100
40.0, 79.80000000000001, 100
33.0, 31.0, 100
31.0, 100.6, 100
38.0, 101.80000000000001, 100
39.0, 102.69999999999999, 100
31.0, 98.19999999999999, 100
35.0, 118.80000000000001, 100
33.0, 101.30000000000001, 100
23.0, 94.80000000000001, 100
37.0, 105.9, 100
43.0, 107.19999999999999, 100
38.0, 104.4, 100
35.0, 66.0, 100
30.0, 103.9, 100
39.0, 115.0, 100
36.0, 103.30000000000001, 100
41.0, 98.30000000000001, 100
47.0, 89.9, 100
41.0, 102.69999999999999, 100
31.0, 97.0, 100
41.0, 95.9, 100
45.0, 97.30000000000001, 100
39.0, 107.1, 100
32.0, 104.1, 100
28.0, 119.30000000000001, 100
44.0, 95.9, 100
31.999999999999996, 105.30000000000001, 100
31.0, 102.4, 100
36.0, 100.30000000000001, 100
31.0, 111.1, 100
36.0, 78.6, 100
33.0, 116.30000000000001, 100
39.0, 104.30000000000001, 100
38.0, 98.4, 100
31.0, 92.80000000000001, 100
37.0, 102.9, 100
38.0, 93.1, 100
32.0, 98.69999999999999, 100
43.0, 66.0, 100
37.0, 69.6, 100
24.0, 93.4, 100
37.0, 99.19999999999999, 100
41.0, 107.19999999999999, 100
39.0, 83.9, 100
34.0, 84.80000000000001, 100
35.0, 107.6, 100
37.0, 96.1, 100
35.0, 102.5, 100
32.0, 106.0, 100
30.0, 96.5, 100
43.0, 99.19999999999999, 100
52.0, 101.69999999999999, 100
37.0, 95.4, 100
32.0, 104.1, 100
36.0, 90.1, 100
33.0, 105.0, 100
32.0, 85.9, 100
38.0, 107.30000000000001, 100
31.0, 107.69999999999999, 100
23.999999999999996, 103.6, 100
38.0, 105.9, 100
41.0, 96.69999999999999, 100
43.0, 98.69999999999999, 100
29.0, 99.19999999999999, 100
36.0, 102.6, 100
31.999999999999996, 91.0, 100
21.999999999999996, 107.19999999999999, 100
33.0, 77.6, 100
28.0, 95.9, 100
33.0, 64.2, 100
53.0, 90.6, 100
38.0, 106.80000000000001, 100
42.0, 93.4, 100
35.0, 83.80000000000001, 100
39.0, 108.4, 100
49.0, 89.4, 100
39.0, 94.30000000000001, 100
39.0, 93.69999999999999, 100
30.0, 97.19999999999999, 100
26.0, 94.4, 100
33.0, 62.3, 100
31.0, 106.80000000000001, 100
35.0, 100.4, 100
21.0, 60.900000000000006, 100
39.0, 103.4, 100
37.0, 83.9, 100
31.0, 107.6, 100
39.0, 110.9, 100
34.0, 106.80000000000001, 100
46.0, 90.1, 100
43.0, 99.19999999999999, 100
42.0, 111.4, 100
26.0, 109.6, 100
43.0, 89.0, 100
29.0, 97.0, 100
32.0, 88.80000000000001, 100
33.0, 100.4, 100
34.0, 113.6, 100
32.0, 104.19999999999999, 100
45.0, 104.4, 100
38.0, 102.1, 100
37.0, 94.0, 100
41.0, 96.19999999999999, 100
33.0, 97.19999999999999, 100
32.0, 100.30000000000001, 100
22.0, 100.4, 100
37.0, 194.0, 180
29.0, 173.8, 180
39.0, 170.3, 180
33.0, 161.9, 180
35.0, 202.1, 180
35.0, 184.9, 180
31.0, 188.3, 180
35.0, 195.3, 180
36.0, 181.2, 180
26.0, 191.4, 180
39.0, 189.3, 180
29.0, 193.7, 180
19.0, 172.3, 180
37.0, 191.8, 180
26.0, 178.4, 180
37.0, 193.3, 180
37.0, 190.9, 180
46.0, 183.5, 180
42.0, 192.8, 180
46.0, 193.3, 180
43.0, 179.4, 180
32.0, 182.7, 180
28.999999999999996, 189.5, 180
45.0, 193.1, 180
37.0, 184.9, 180
39.0, 166.6, 180
44.0, 161.1, 180
26.0, 181.8, 180
40.0, 178.1, 180
35.0, 190.9, 180
33.0, 175.1, 180
46.0, 186.6, 180
36.0, 190.0, 180
41.0, 177.1, 180
40.0, 166.6, 180
37.0, 180.9, 180
43.0, 145.9, 180
29.0, 163.2, 180
37.0, 186.3, 180
41.0, 190.9, 180
43.0, 191.7, 180
35.0, 193.7, 180
17.0, 196.4, 180
28.0, 183.4, 180
36.0, 187.3, 180
40.0, 187.1, 180
42.0, 194.8, 180
39.0, 172.3, 180
38.0, 118.2, 180
32.0, 190.9, 180
27.0, 180.9, 180
42.0, 184.4, 180
36.0, 187.0, 180
36.0, 198.6, 180
29.0, 192.1, 180
30.0, 166.3, 180
28.0, 181.8, 180
29.0, 194.9, 180
45.0, 198.1, 180
22.0, 191.3, 180
27.0, 192.8, 180
34.0, 137.6, 180
44.0, 190.0, 180
36.0, 175.3, 180
36.0, 187.7, 180
31.0, 184.8, 180
36.0, 183.5, 180
48.0, 174.0, 180
30.0, 181.5, 180
33.0, 191.8, 180
43.0, 186.8, 180
33.0, 193.1, 180
33.0, 180.6, 180
35.0, 180.5, 180
48.0, 190.9, 180
29.0, 200.0, 180
21.0, 163.0, 180
38.0, 201.3, 180
41.0, 198.1, 180
28.0, 160.1, 180
33.0, 189.5, 180
36.0, 159.3, 180
32.0, 188.5, 180
25.0, 184.2, 180
39.0, 155.9, 180
25.0, 188.1, 180
33.0, 201.1, 180
38.0, 168.8, 180
24.0, 190.9, 180
31.0, 184.9, 180
34.0, 188.6, 180
42.0, 194.0, 180
34.0, 179.2, 180
38.0, 183.1, 180
38.0, 188.8, 180
35.0, 190.7, 180
28.0, 192.8, 180
35.0, 185.1, 180
42.0, 192.6, 180
44.0, 190.0, 180
25.0, 193.8, 180
52.0, 154.6, 180
34.0, 174.0, 180
41.0, 180.7, 180
32.0, 183.0, 180
39.0, 182.6, 180
37.0, 186.7, 180
35.0, 185.1, 180
36.0, 189.0, 180
38.0, 162.4, 180
84.0, 185.4, 180
42.0, 194.6, 180
36.0, 192.8, 180
42.0, 180.3, 180
36.0, 191.4, 180
29.0, 183.5, 180
38.0, 162.5, 180
39.0, 192.6, 180
41.0, 191.9, 180
37.0, 191.7, 180
26.0, 193.6, 180
37.0, 184.0, 180
37.0, 185.4, 180
43.0, 186.8, 180
29.0, 187.3, 180
39.0, 177.5, 180
29.0, 188.8, 180
37.0, 190.3, 180
28.0, 180.6, 180
37.0, 185.1, 180
35.0, 162.6, 180
38.0, 183.5, 180
34.0, 187.8, 180
34.0, 178.6, 180
25.0, 191.6, 180
20.0, 184.2, 180
36.0, 191.3, 180
37.0, 172.3, 180
37.0, 174.9, 180
28.999999999999996, 185.8, 180
40.0, 183.5, 180
27.0, 171.8, 180
33.0, 163.6, 180
33.0, 195.5, 180
31.0, 204.9, 180
18.0, 190.8, 180
43.0, 198.6, 180
41.0, 184.3, 180
40.0, 185.3, 180
36.0, 182.1, 180
47.0, 172.3, 180
45.0, 178.4, 180
30.0, 196.9, 180
30.0, 183.0, 180
32.0, 180.8, 180
22.0, 178.4, 180
42.0, 176.2, 180
37.0, 186.5, 180
41.0, 149.2, 180
37.0, 186.4, 180
36.0, 193.1, 180
42.0, 196.4, 180
46.0, 191.5, 180
32.0, 193.7, 180
36.0, 184.2, 180
27.0, 188.5, 180
33.0, 187.0, 180
33.0, 186.7, 180
38.0, 183.4, 180
35.0, 183.8, 180
31.0, 200.5, 180
38.0, 191.8, 180
32.0, 184.2, 180
37.0, 182.0, 180
38.0, 163.2, 180
42.0, 184.4, 180
36.0, 146.2, 180
30.0, 178.8, 180
29.0, 176.8, 180
33.0, 168.9, 180
41.0, 177.2, 180
48.0, 182.0, 180
42.0, 192.7, 180
33.0, 197.6, 180
40.0, 188.0, 180
34.0, 190.6, 180
28.0, 191.0, 180
43.0, 184.8, 180
31.0, 185.7, 180
33.0, 168.4, 180
30.0, 179.3, 180
41.0, 184.2, 180
29.0, 189.8, 180
31.0, 162.5, 180
27.0, 187.9, 180
31.0, 187.1, 180
42.0, 181.1, 180
40.0, 194.3, 180
31.0, 191.2, 180
30.0, 187.0, 180
25.0, 193.6, 180
37.0, 178.7, 180
40.0, 186.7, 180
39.0, 183.0, 180
31.0, 182.1, 180
38.0, 186.8, 180
31.999999999999996, 191.3, 180
41.0, 176.2, 180
38.0, 183.5, 180
28.0, 180.5, 180
46.0, 190.1, 180
31.0, 188.5, 180
45.0, 161.1, 180
33.0, 189.2, 180
42.0, 162.4, 180
29.0, 193.3, 180
32.0, 181.2, 180
34.0, 192.2, 180
33.0, 202.1, 180
37.0, 185.4, 180
33.0, 189.9, 180
37.0, 188.3, 180
47.0, 175.4, 180
38.0, 178.7, 180
31.0, 193.4, 180
41.0, 185.7, 180
23.0, 184.4, 180
37.0, 179.2, 180
76.0, 189.3, 180
33.0, 186.9, 180
35.0, 187.1, 180
35.0, 191.0, 180
42.0, 195.9, 180
32.0, 178.7, 180
37.0, 185.8, 180
33.0, 181.7, 180
37.0, 147.3, 180
29.0, 188.3, 180
43.0, 149.1, 180
39.0, 188.4, 180
43.0, 179.4, 180
30.0, 189.1, 180
41.0, 177.8, 180
32.0, 201.3, 180
43.0, 163.0, 180
39.0, 184.9, 180
41.0, 184.2, 180
32.0, 182.0, 180
45.0, 186.3, 180
34.0, 168.5, 180
37.0, 200.4, 180
38.0, 189.8, 180
41.0, 180.6, 180
34.0, 189.7, 180
34.0, 183.0, 180
38.0, 192.7, 180
39.0, 197.6, 180
39.0, 180.5, 180
38.0, 175.3, 180
36.0, 188.0, 180
35.0, 185.0, 180
34.0, 188.8, 180
19.0, 201.1, 180
22.0, 179.6, 180
23.999999999999996, 187.8, 180
30.0, 176.8, 180
45.0, 182.1, 180
43.0, 171.6, 180
37.0, 181.3, 180
35.0, 189.1, 180
40.0, 187.2, 180
39.0, 168.4, 180
33.0, 200.0, 180
32.0, 173.0, 180
36.0, 180.6, 180
25.0, 180.5, 180
46.0, 163.0, 180
35.0, 183.0, 180
31.0, 153.4, 180
37.0, 188.5, 180
37.0, 176.2, 180
34.0, 145.9, 180
29.0, 181.5, 180
45.0, 191.5, 180
35.0, 174.4, 180
26.999999999999996, 182.0, 180
37.0, 154.6, 180
35.0, 178.7, 180
41.0, 116.0, 180
34.0, 186.7, 180
31.0, 198.1, 180
42.0, 198.6, 180
38.0, 183.7, 180
33.0, 197.0, 180
47.0, 183.2, 180
37.0, 190.3, 180
35.0, 187.0, 180
37.0, 180.5, 180
33.0, 187.3, 180
32.0, 170.3, 180
32.0, 172.3, 180
40.0, 193.3, 180
33.0, 181.8, 180
51.0, 176.2, 180
31.0, 195.1, 180
34.0, 183.2, 180
39.0, 191.9, 180
22.0, 200.5, 180
32.0, 160.1, 180
33.0, 187.7, 180
30.0, 182.6, 180
48.0, 189.8, 180
39.0, 171.1, 180
33.0, 185.3, 180
23.0, 185.6, 180
42.0, 116.0, 180
30.0, 188.2, 180
33.0, 181.8, 180
33.0, 162.5, 180
32.0, 187.5, 180
36.0, 192.6, 180
33.0, 151.0, 180
25.999999999999996, 182.3, 180
26.0, 184.4, 180
39.0, 182.6, 180
43.0, 118.2, 180
28.0, 190.9, 180
30.0, 186.9, 180
39.0, 195.8, 180
38.0, 187.4, 180
40.0, 198.1, 180
46.0, 184.5, 180
28.0, 185.8, 180
21.0, 180.7, 180
30.0, 190.7, 180
37.0, 191.9, 180
43.0, 184.4, 180
29.0, 195.6, 180
37.0, 108.1, 180
30.0, 190.9, 180
26.999999999999996, 190.9, 180
35.0, 190.9, 180
40.0, 186.8, 180
40.0, 189.9, 180
27.999999999999996, 195.9, 180
20.0, 195.9, 180
35.0, 192.1, 180
31.0, 176.2, 180
34.0, 169.3, 180
31.0, 191.9, 180
35.0, 186.7, 180
40.0, 179.1, 180
33.0, 183.2, 180
39.0, 182.6, 180
31.0, 187.5, 180
27.0, 186.7, 180
36.0, 190.0, 180
39.0, 187.8, 180
37.0, 183.5, 180
40.0, 180.8, 180
29.0, 184.9, 180
35.0, 182.1, 180
39.0, 186.3, 180
35.0, 194.2, 180
29.0, 183.0, 180
30.0, 183.1, 180
43.0, 153.4, 180
34.0, 184.2, 180
32.0, 187.7, 180
41.0, 187.2, 180
36.0, 185.7, 180
39.0, 195.5, 180
49.0, 116.0, 180
27.0, 171.8, 180
38.0, 172.1, 180
27.0, 183.0, 180
28.0, 186.0, 180
44.0, 170.9, 180
31.0, 195.5, 180
30.0, 141.4, 180
30.999999999999996, 202.1, 180
50.0, 189.4, 180
32.0, 186.0, 180
37.0, 179.5, 180
41.0, 186.0, 180
27.0, 188.5, 180
30.0, 186.4, 180
29.0, 184.2, 180
37.0, 178.0, 180
36.0, 192.1, 180
43.0, 166.3, 180
36.0, 183.2, 180
28.0, 184.1, 180
36.0, 187.3, 180
25.0, 166.2, 180
33.0, 194.1, 180
37.0, 183.3, 180
29.0, 182.0, 180
43.0, 182.0, 180
33.0, 192.4, 180
27.0, 189.4, 180
32.0, 183.4, 180
53.0, 193.0, 180
29.0, 193.2, 180
40.0, 179.9, 180
40.0, 171.8, 180
36.0, 197.6, 180
51.0, 186.7, 180
34.0, 193.1, 180
37.0, 189.9, 180
31.0, 161.9, 180
40.0, 160.2, 180
38.0, 183.1, 180
28.0, 190.8, 180
33.0, 190.1, 180
43.0, 189.6, 180
49.0, 194.3, 180
36.0, 186.7, 180
35.0, 185.9, 180
35.0, 170.4, 180
31.0, 190.0, 180
17.0, 177.7, 180
46.0, 166.3, 180
22.0, 179.8, 180
38.0, 187.0, 180
31.0, 191.1, 180
36.0, 187.9, 180
25.999999999999996, 187.0, 180
33.0, 186.3, 180
36.0, 186.0, 180
34.0, 174.0, 180
39.0, 177.1, 180
39.0, 149.2, 180
31.0, 200.0, 180
58.0, 181.7, 180
33.0, 192.1, 180
27.0, 173.9, 180
36.0, 183.1, 180
39.0, 174.5, 180
29.0, 186.7, 180
34.0, 201.5, 180
35.0, 197.5, 180
39.0, 185.5, 180
34.0, 182.0, 180
32.0, 173.9, 180
34.0, 184.8, 180
35.0, 183.4, 180
41.0, 185.4, 180
40.0, 179.2, 180
34.0, 179.9, 180
46.0, 190.1, 180
28.0, 198.6, 180
45.0, 186.3, 180
29.0, 191.2, 180
36.0, 194.6, 180
33.0, 178.3, 180
35.0, 195.4, 180
34.0, 187.3, 180
34.0, 186.9, 180
46.0, 183.4, 180
38.0, 186.3, 180
42.0, 185.8, 180
33.0, 192.6, 180
32.0, 199.8, 180
36.0, 182.7, 180
36.0, 174.8, 180
28.0, 204.9, 180
37.0, 193.2, 180
41.0, 195.7, 180
32.0, 182.6, 180
33.0, 192.2, 180
28.0, 182.6, 180
29.0, 183.5, 180
76.0, 197.5, 180
28.0, 184.2, 180
43.0, 174.5, 180
45.0, 162.6, 180
27.0, 173.8, 180
21.0, 179.2, 180
36.0, 187.1, 180
28.999999999999996, 191.7, 180
36.0, 186.9, 180
42.0, 184.0, 180
38.0, 166.3, 180
32.0, 190.9, 180
23.0, 179.8, 180
30.0, 181.2, 180
43.0, 197.0, 180
37.0, 184.5, 180
31.999999999999996, 184.2, 180
31.0, 197.8, 180
29.0, 194.1, 180
47.0, 198.1, 180
41.0, 184.9, 180
41.0, 179.5, 180
36.0, 189.4, 180
17.0, 118.2, 180
22.999999999999996, 190.1, 180
32.0, 182.0, 180
34.0, 200.4, 180
35.0, 186.4, 180
47.0, 184.4, 180
31.999999999999996, 185.5, 180
38.0, 185.6, 180
33.0, 192.7, 180
39.0, 186.3, 180
17.0, 180.2, 180
44.0, 196.9, 180
28.0, 194.3, 180
34.0, 195.5, 180
37.0, 175.6, 180
37.0, 185.9, 180
31.0, 194.3, 180
32.0, 188.4, 180
38.0, 204.3, 180
30.0, 187.9, 180
19.999999999999996, 191.1, 180
30.0, 190.9, 180
29.0, 180.7, 180
41.0, 185.6, 180
37.0, 187.7, 180
39.0, 188.3, 180
37.0, 182.0, 180
37.0, 195.7, 180
32.0, 187.7, 180
31.0, 182.7, 180
43.0, 201.3, 180
36.0, 193.6, 180
42.0, 183.5, 180
45.0, 193.3, 180
38.0, 190.0, 180
40.0, 184.0, 180
33.0, 185.6, 180
30.0, 187.7, 180
39.0, 184.3, 180
30.0, 195.5, 180
32.0, 183.4, 180
38.0, 182.0, 180
34.0, 161.1, 180
35.0, 178.0, 180
45.0, 176.0, 180
41.0, 189.8, 180
28.0, 193.9, 180
42.0, 194.8, 180
24.0, 192.7, 180
33.0, 195.5, 180
29.0, 178.1, 180
28.0, 187.3, 180
32.0, 159.3, 180
32.0, 194.3, 180
47.0, 189.6, 180
28.0, 175.6, 180
39.0, 183.0, 180
33.0, 187.3, 180
36.0, 161.9, 180
40.0, 182.6, 180
47.0, 186.2, 180
35.0, 186.9, 180
45.0, 182.3, 180
39.0, 190.7, 180
33.0, 185.3, 180
35.0, 184.8, 180
49.0, 191.8, 180
41.0, 174.0, 180
36.0, 182.0, 180
36.0, 180.2, 180
43.0, 190.6, 180
38.0, 170.6, 180
38.0, 188.2, 180
38.0, 193.1, 180
39.0, 190.7, 180
33.0, 186.3, 180
35.0, 170.4, 180
40.0, 183.4, 180
29.0, 192.1, 180
34.0, 185.2, 180
18.0, 191.5, 180
56.0, 187.0, 180
40.0, 179.2, 180
43.0, 183.3, 180
42.0, 170.4, 180
30.999999999999996, 182.7, 180
31.0, 188.9, 180
38.0, 191.6, 180
30.0, 180.0, 180
38.0, 192.5, 180
28.0, 186.7, 180
32.0, 187.9, 180
39.0, 155.9, 180
27.999999999999996, 181.2, 180
29.0, 162.5, 180
38.0, 193.7, 180
35.0, 178.7, 180
31.0, 187.7, 180
38.0, 188.3, 180
42.0, 182.1, 180
33.0, 186.0, 180
39.0, 200.5, 180
29.0, 200.0, 180
37.0, 176.8, 180
37.0, 187.8, 180
45.0, 198.4, 180
51.0, 183.3, 180
35.0, 188.6, 180
40.0, 195.7, 180
32.0, 191.3, 180
43.0, 137.6, 180
24.0, 190.5, 180
28.0, 195.3, 180
27.0, 189.7, 180
36.0, 182.6, 180
37.0, 191.0, 180
29.0, 185.3, 180
36.0, 180.5, 180
17.0, 187.0, 180
36.0, 185.3, 180
29.0, 195.7, 180
30.0, 185.4, 180
30.0, 184.1, 180
27.0, 188.3, 180
40.0, 183.8, 180
48.0, 118.2, 180
41.0, 160.1, 180
48.0, 175.6, 180
67.0, 191.7, 180
24.0, 183.4, 180
24.0, 192.6, 180
31.999999999999996, 183.4, 180
41.0, 174.8, 180
36.0, 149.2, 180
34.0, 178.4, 180
48.0, 182.0, 180
35.0, 186.4, 180
36.0, 183.5, 180
44.0, 177.9, 180
25.999999999999996, 183.4, 180
39.0, 168.9, 180
24.999999999999996, 190.1, 180
35.0, 163.2, 180
35.0, 183.0, 180
46.0, 171.1, 180
33.0, 185.7, 180
33.0, 200.5, 180
28.0, 182.0, 180
41.0, 188.6, 180
27.0, 159.2, 180
29.0, 178.3, 180
30.0, 193.6, 180
36.0, 187.0, 180
37.0, 183.5, 180
33.0, 180.7, 180
41.0, 192.8, 180
39.0, 195.7, 180
30.0, 188.8, 180
35.0, 185.4, 180
46.0, 192.3, 180
35.0, 178.7, 180
41.0, 197.5, 180
35.0, 180.7, 180
34.0, 185.4, 180
38.0, 183.1, 180
43.0, 188.8, 180
33.0, 189.8, 180
33.0, 189.8, 180
34.0, 173.8, 180
45.0, 151.8, 180
43.0, 185.7, 180
28.0, 178.4, 180
33.0, 188.9, 180
49.0, 197.5, 180
29.0, 187.8, 180
28.999999999999996, 182.0, 180
28.0, 200.8, 180
27.0, 192.1, 180
37.0, 182.0, 180
34.0, 187.7, 180
36.0, 193.6, 180
17.0, 181.7, 180
43.0, 186.3, 180
41.0, 195.6, 180
25.999999999999996, 182.0, 180
43.0, 188.2, 180
33.0, 200.5, 180
29.0, 191.0, 180
40.0, 118.2, 180
41.0, 180.1, 180
40.0, 186.5, 180
45.0, 187.3, 180
34.0, 198.6, 180
38.0, 191.4, 180
32.0, 179.5, 180
42.0, 184.4, 180
29.0, 186.7, 180
30.0, 183.8, 180
39.0, 179.5, 180
37.0, 188.9, 180
18.0, 160.2, 180
36.0, 185.2, 180
28.0, 180.5, 180
37.0, 191.3, 180
36.0, 187.2, 180
36.0, 185.1, 180
34.0, 185.4, 180
39.0, 183.0, 180
38.0, 193.3, 180
33.0, 186.7, 180
20.0, 149.1, 180
38.0, 182.6, 180
39.0, 194.8, 180
36.0, 149.1, 180
43.0, 191.3, 180
28.0, 188.3, 180
37.0, 182.2, 180
50.0, 151.8, 180
39.0, 137.6, 180
43.0, 193.2, 180
37.0, 183.4, 180
35.0, 194.3, 180
40.0, 185.7, 180
45.0, 180.0, 180
42.0, 183.4, 180
33.0, 185.3, 180
25.999999999999996, 183.4, 180
43.0, 169.3, 180
31.0, 179.8, 180
41.0, 189.0, 180
47.0, 194.6, 180
32.0, 143.1, 180
50.0, 175.1, 180
23.999999999999996, 183.5, 180
30.0, 195.4, 180
42.0, 180.7, 180
45.0, 186.8, 180
48.0, 163.2, 180
42.0, 195.3, 180
43.0, 191.5, 180
38.0, 187.6, 180
42.0, 179.1, 180
30.0, 185.5, 180
39.0, 193.1, 180
42.0, 193.3, 180
33.0, 195.3, 180
37.0, 191.0, 180
25.0, 181.5, 180
27.0, 192.4, 180
36.0, 185.3, 180
30.0, 187.0, 180
44.0, 179.5, 180
30.0, 185.8, 180
35.0, 198.6, 180
26.0, 179.4, 180
38.0, 197.8, 180
30.0, 176.8, 180
48.0, 191.8, 180
32.0, 182.2, 180
43.0, 182.0, 180
24.0, 178.4, 180
40.0, 190.9, 180
46.0, 189.6, 180
34.0, 179.2, 180
33.0, 191.3, 180
37.0, 180.5, 180
33.0, 186.4, 180
44.0, 187.3, 180
35.0, 188.5, 180
33.0, 175.3, 180
44.0, 178.7, 180
32.0, 188.2, 180
31.0, 189.8, 180
31.0, 185.4, 180
35.0, 192.4, 180
40.0, 182.0, 180
39.0, 161.1, 180
38.0, 194.9, 180
30.0, 172.1, 180
39.0, 180.0, 180
31.0, 180.7, 180
39.0, 183.1, 180
38.0, 183.5, 180
31.0, 194.6, 180
31.0, 192.1, 180
42.0, 189.0, 180
38.0, 183.1, 180
20.999999999999996, 174.5, 180
34.0, 179.3, 180
45.0, 179.0, 180
39.0, 177.2, 180
33.0, 192.7, 180
37.0, 183.4, 180
36.0, 185.6, 180
27.999999999999996, 192.8, 180
31.0, 187.8, 180
39.0, 195.7, 180
30.0, 182.7, 180
28.0, 184.2, 180
39.0, 190.6, 180
43.0, 166.3, 180
39.0, 193.3, 180
42.0, 191.8, 180
38.0, 183.5, 180
38.0, 189.7, 180
30.0, 192.8, 180
42.0, 171.8, 180
32.0, 179.5, 180
36.0, 191.0, 180
44.0, 193.3, 180
42.0, 187.5, 180
40.0, 198.6, 180
34.0, 192.6, 180
30.0, 184.7, 180
38.0, 197.0, 180
49.0, 182.2, 180
44.0, 173.0, 180
39.0, 180.1, 180
30.0, 187.1, 180
43.0, 183.0, 180
40.0, 198.6, 180
43.0, 181.7, 180
36.0, 187.0, 180
50.0, 186.3, 180
36.0, 193.0, 180
36.0, 177.7, 180
37.0, 182.3, 180
33.0, 188.3, 180
46.0, 195.7, 180
36.0, 187.1, 180
35.0, 180.2, 180
28.0, 191.2, 180
35.0, 187.6, 180
42.0, 180.5, 180
38.0, 183.3, 180
33.0, 182.0, 180
44.0, 177.7, 180
42.0, 164.8, 180
29.0, 162.8, 180
47.0, 170.9, 180
35.0, 183.3, 180
29.0, 184.2, 180
42.0, 194.8, 180
30.0, 187.4, 180
36.0, 184.2, 180
34.0, 190.1, 180
34.0, 185.6, 180
44.0, 178.7, 180
30.0, 193.3, 180
34.0, 159.3, 180
31.0, 194.3, 180
33.0, 189.4, 180
55.0, 183.1, 180
24.0, 188.8, 180
33.0, 187.9, 180
32.0, 194.3, 180
43.0, 183.4, 180
35.0, 180.8, 180
36.0, 187.1, 180
33.0, 180.9, 180
37.0, 185.9, 180
29.0, 192.1, 180
27.0, 179.6, 180
32.0, 199.8, 180
43.0, 182.7, 180
34.0, 187.7, 180
40.0, 192.8, 180
50.0, 192.6, 180
36.0, 190.3, 180
33.0, 186.9, 180
29.0, 192.5, 180
42.0, 191.5, 180
38.0, 194.8, 180
43.0, 185.9, 180
48.0, 185.3, 180
36.0, 108.1, 180
30.0, 193.1, 180
38.0, 175.4, 180
33.0, 193.9, 180
34.0, 184.7, 180
34.0, 185.3, 180
39.0, 192.1, 180
40.0, 177.9, 180
39.0, 197.5, 180
47.0, 184.0, 180
41.0, 171.6, 180
43.0, 179.3, 180
33.0, 196.1, 180
28.0, 187.1, 180
31.0, 184.7, 180
41.0, 177.8, 180
32.0, 170.3, 180
30.0, 185.4, 180
33.0, 192.1, 180
36.0, 195.1, 180
43.0, 188.6, 180
31.0, 183.4, 180
41.0, 182.0, 180
29.0, 183.1, 180
35.0, 184.2, 180
43.0, 161.1, 180
36.0, 183.8, 180
43.0, 183.1, 180
41.0, 183.4, 180
43.0, 186.8, 180
45.0, 194.6, 180
37.0, 188.3, 180
28.0, 187.8, 180
31.0, 194.6, 180
39.0, 185.4, 180
40.0, 204.9, 180
41.0, 188.4, 180
31.0, 191.8, 180
33.0, 188.6, 180
39.0, 159.2, 180
27.999999999999996, 190.9, 180
33.0, 190.1, 180
29.0, 198.6, 180
44.0, 185.3, 180
38.0, 180.6, 180
43.0, 188.0, 180
42.0, 187.8, 180
28.999999999999996, 182.1, 180
23.999999999999996, 194.3, 180
24.999999999999996, 186.6, 180
43.0, 188.0, 180
31.0, 189.7, 180
28.0, 190.9, 180
36.0, 172.3, 180
32.0, 180.0, 180
33.0, 179.5, 180
41.0, 149.1, 180
42.0, 183.1, 180
41.0, 183.8, 180
41.0, 190.9, 180
39.0, 170.9, 180
30.0, 190.6, 180
38.0, 175.4, 180
40.0, 169.8, 180
31.0, 189.9, 180
39.0, 190.3, 180
42.0, 179.3, 180
40.0, 189.1, 180
31.0, 191.8, 180
50.0, 189.8, 180
34.0, 179.5, 180
40.0, 181.5, 180
46.0, 186.0, 180
26.0, 186.1, 180
42.0, 175.3, 180
19.999999999999996, 187.5, 180
32.0, 180.8, 180
23.0, 181.1, 180
36.0, 197.5, 180
35.0, 143.1, 180
29.0, 178.3, 180
35.0, 192.6, 180
33.0, 191.2, 180
29.0, 182.6, 180
26.0, 182.1, 180
40.0, 184.2, 180
35.0, 191.8, 180
63.0, 183.5, 180
38.0, 186.9, 180
38.0, 192.3, 180
27.0, 183.1, 180
30.0, 186.3, 180
47.0, 180.9, 180
24.0, 174.0, 180
36.0, 185.4, 180
38.0, 188.5, 180
37.0, 190.1, 180
16.0, 195.3, 180
29.0, 183.8, 180
29.0, 149.1, 180
37.0, 189.0, 180
36.0, 166.6, 180
47.0, 187.4, 180
33.0, 187.8, 180
33.0, 186.3, 180
19.999999999999996, 195.1, 180
37.0, 183.0, 180
31.0, 191.3, 180
32.0, 183.0, 180
37.0, 193.3, 180
35.0, 188.4, 180
33.0, 192.6, 180
29.0, 183.7, 180
30.0, 180.1, 180
42.0, 183.0, 180
33.0, 186.3, 180
31.0, 151.0, 180
41.0, 191.2, 180
29.0, 191.5, 180
40.0, 162.8, 180
30.0, 180.6, 180
36.0, 187.1, 180
33.0, 200.8, 180
35.0, 183.5, 180
42.0, 170.4, 180
29.0, 195.1, 180
37.0, 183.1, 180
49.0, 182.2, 180
48.0, 186.3, 180
36.0, 173.8, 180
31.0, 118.2, 180
26.0, 179.2, 180
42.0, 189.4, 180
35.0, 189.3, 180
35.0, 162.4, 180
41.0, 187.5, 180
35.0, 187.8, 180
33.0, 193.3, 180
24.0, 182.0, 180
35.0, 195.4, 180
41.0, 187.8, 180
34.0, 186.9, 180
34.0, 184.2, 180
35.0, 196.9, 180
24.0, 187.1, 180
52.0, 191.5, 180
27.0, 192.6, 180
38.0, 194.0, 180
43.0, 184.8, 180
37.0, 182.1, 180
33.0, 186.6, 180
30.0, 186.7, 180
26.0, 192.7, 180
40.0, 197.5, 180
31.0, 171.6, 180
43.0, 181.7, 180
28.0, 162.8, 180
38.0, 184.1, 180
25.0, 195.7, 180
47.0, 166.6, 180
37.0, 193.6, 180
31.0, 164.4, 180
37.0, 193.3, 180
23.0, 189.8, 180
42.0, 175.3, 180
32.0, 175.4, 180
34.0, 188.6, 180
35.0, 195.8, 180
20.0, 198.2, 180
48.0, 183.5, 180
33.0, 183.0, 180
29.0, 202.1, 180
27.0, 173.8, 180
38.0, 183.5, 180
30.0, 176.8, 180
39.0, 195.5, 180
51.0, 182.0, 180
29.0, 184.8, 180
30.0, 189.4, 180
39.0, 159.3, 180
41.0, 187.2, 180
34.0, 184.9, 180
38.0, 171.0, 180
33.0, 188.8, 180
43.0, 184.8, 180
27.0, 178.4, 180
30.0, 179.6, 180
40.0, 159.3, 180
31.0, 186.0, 180
43.0, 171.3, 180
27.0, 191.0, 180
29.0, 189.9, 180
21.0, 190.3, 180
35.0, 185.4, 180
30.0, 173.9, 180
33.0, 183.0, 180
38.0, 184.2, 180
43.0, 189.3, 180
33.0, 193.3, 180
30.0, 201.3, 180
29.0, 189.8, 180
41.0, 156.0, 180
25.0, 186.4, 180
43.0, 180.5, 180
41.0, 198.6, 180
39.0, 181.8, 180
43.0, 188.1, 180
37.0, 181.2, 180
48.0, 183.5, 180
36.0, 201.5, 180
37.0, 183.5, 180
34.0, 174.5, 180
30.0, 184.9, 180
50.0, 141.4, 180
37.0, 181.5, 180
41.0, 143.1, 180
43.0, 192.6, 180
44.0, 188.2, 180
41.0, 198.2, 180
18.999999999999996, 187.6, 180
46.0, 182.2, 180
30.999999999999996, 190.9, 180
31.999999999999996, 189.3, 180
35.0, 179.6, 180
42.0, 177.7, 180
45.0, 187.0, 180
44.0, 185.1, 180
41.0, 192.1, 180
30.999999999999996, 186.9, 180
35.0, 190.9, 180
33.0, 188.3, 180
39.0, 182.0, 180
30.0, 189.9, 180
38.0, 182.7, 180
45.0, 184.3, 180
38.0, 189.6, 180
44.0, 190.0, 180
37.0, 187.3, 180
43.0, 188.2, 180
36.0, 190.0, 180
33.0, 183.7, 180
29.0, 198.1, 180
31.0, 184.9, 180
40.0, 180.7, 180
30.0, 190.7, 180
26.0, 188.6, 180
32.0, 194.8, 180
43.0, 175.3, 180
45.0, 187.3, 180
37.0, 186.8, 180
33.0, 184.7, 180
43.0, 191.5, 180
38.0, 190.7, 180
27.999999999999996, 149.1, 180
37.0, 182.6, 180
36.0, 184.8, 180
39.0, 185.2, 180
40.0, 179.5, 180
24.999999999999996, 189.8, 180
31.0, 191.6, 180
29.0, 186.6, 180
36.0, 178.8, 180
40.0, 192.6, 180
42.0, 193.2, 180
42.0, 194.6, 180
30.0, 163.0, 180
28.0, 185.8, 180
29.0, 191.0, 180
43.0, 200.8, 180
38.0, 197.6, 180
34.0, 190.0, 180
49.0, 184.2, 180
43.0, 195.1, 180
44.0, 204.9, 180
43.0, 179.2, 180
39.0, 186.0, 180
33.0, 190.3, 180
22.0, 193.0, 180
32.0, 188.3, 180
35.0, 178.4, 180
28.0, 188.0, 180
44.0, 185.6, 180
31.0, 191.8, 180
34.0, 190.0, 180
34.0, 178.4, 180
35.0, 186.4, 180
41.0, 179.6, 180
20.0, 189.9, 180
43.0, 187.0, 180
41.0, 160.2, 180
40.0, 180.5, 180
35.0, 183.1, 180
42.0, 173.8, 180
31.0, 193.1, 180
38.0, 180.6, 180
34.0, 191.6, 180
35.0, 190.7, 180
29.0, 195.8, 180
32.0, 186.5, 180
30.0, 173.8, 180
45.0, 179.1, 180
42.0, 189.2, 180
50.0, 190.3, 180
49.0, 190.9, 180
30.0, 195.5, 180
41.0, 183.4, 180
29.0, 175.6, 180
37.0, 193.7, 180
36.0, 188.8, 180
35.0, 195.3, 180
29.0, 175.3, 180
40.0, 176.0, 180
27.0, 190.6, 180
30.0, 192.6, 180
36.0, 187.6, 180
36.0, 176.2, 180
46.0, 190.9, 180
28.999999999999996, 185.3, 180
34.0, 190.8, 180
43.0, 187.8, 180
36.0, 193.1, 180
43.0, 195.6, 180
39.0, 193.3, 180
31.0, 191.8, 180
39.0, 182.0, 180
28.0, 178.7, 180
33.0, 162.5, 180
41.0, 189.1, 180
36.0, 193.1, 180
36.0, 161.0, 260
39.0, 189.0, 260
39.0, 181.1, 260
34.0, 182.1, 260
46.0, 190.9, 260
46.0, 185.3, 260
42.0, 178.3, 260
42.0, 171.6, 260
39.0, 177.2, 260
27.999999999999996, 186.1, 260
42.0, 177.9, 260
40.0, 179.8, 260
45.0, 174.5, 260
32.0, 184.4, 260
47.0, 189.1, 260
32.0, 147.3, 260
40.0, 184.8, 260
27.0, 200.4, 260
31.0, 196.4, 260
42.0, 184.3, 260
32.0, 183.4, 260
36.0, 189.0, 260
37.0, 105.5, 260
32.0, 185.6, 260
43.0, 183.5, 260
30.0, 180.5, 260
52.0, 185.4, 260
36.0, 187.1, 260
43.0, 179.2, 260
38.0, 191.0, 260
36.0, 155.0, 260
33.0, 186.0, 260
47.0, 173.8, 260
38.0, 186.7, 260
37.0, 186.1, 260
40.0, 186.3, 260
35.0, 188.6, 260
40.0, 179.4, 260
32.0, 153.4, 260
39.0, 193.1, 260
32.0, 187.8, 260
30.0, 193.9, 260
44.0, 200.4, 260
49.0, 182.1, 260
44.0, 186.0, 260
31.999999999999996, 181.5, 260
45.0, 168.9, 260
41.0, 188.1, 260
47.0, 184.9, 260
43.0, 181.1, 260
42.0, 200.5, 260
37.0, 186.3, 260
45.0, 194.0, 260
32.0, 145.9, 260
40.0, 183.8, 260
41.0, 180.6, 260
17.0, 179.2, 260
37.0, 194.8, 260
21.0, 187.3, 260
24.0, 187.1, 260
36.0, 189.3, 260
38.0, 184.2, 260
26.0, 185.4, 260
39.0, 162.5, 260
27.0, 185.1, 260
86.0, 183.5, 260
33.0, 180.2, 260
39.0, 187.8, 260
25.0, 166.6, 260
45.0, 180.9, 260
29.0, 193.2, 260
35.0, 194.0, 260
35.0, 180.7, 260
35.0, 195.3, 260
44.0, 186.9, 260
49.0, 181.2, 260
34.0, 192.7, 260
41.0, 182.2, 260
38.0, 200.8, 260
30.0, 194.3, 260
39.0, 173.0, 260
35.0, 183.0, 260
38.0, 194.8, 260
33.0, 194.6, 260
40.0, 185.4, 260
25.0, 162.4, 260
44.0, 179.5, 260
30.0, 183.1, 260
26.999999999999996, 179.4, 260
28.0, 185.8, 260
35.0, 175.6, 260
43.0, 185.4, 260
39.0, 188.3, 260
38.0, 184.8, 260
43.0, 189.8, 260
28.0, 174.0, 260
31.0, 177.9, 260
31.0, 173.8, 260
30.0, 186.0, 260
33.0, 190.6, 260
42.0, 187.0, 260
37.0, 196.4, 260
22.0, 175.3, 260
38.0, 181.2, 260
40.0, 168.8, 260
36.0, 180.6, 260
39.0, 193.3, 260
35.0, 191.8, 260
36.0, 181.2, 260
36.0, 173.0, 260
37.0, 179.9, 260
38.0, 187.9, 260
69.0, 189.6, 260
35.0, 184.5, 260
44.0, 149.2, 260
39.0, 182.7, 260
37.0, 188.9, 260
49.0, 186.6, 260
42.0, 190.1, 260
37.0, 182.0, 260
33.0, 187.6, 260
40.0, 191.0, 260
32.0, 149.1, 260
42.0, 191.8, 260
41.0, 191.8, 260
35.0, 184.1, 260
34.0, 182.0, 260
37.0, 184.7, 260
40.0, 195.3, 260
25.0, 183.4, 260
36.0, 153.4, 260
37.0, 191.6, 260
40.0, 155.0, 260
40.0, 188.8, 260
35.0, 187.0, 260
42.0, 187.8, 260
33.0, 197.5, 260
49.0, 151.0, 260
37.0, 194.3, 260
43.0, 188.3, 260
49.0, 186.7, 260
33.0, 142.9, 260
38.0, 183.6, 260
33.0, 180.6, 260
45.0, 188.6, 260
27.0, 189.9, 260
32.0, 105.5, 260
44.0, 180.9, 260
44.0, 184.2, 260
33.0, 197.5, 260
33.0, 203.8, 260
42.0, 186.3, 260
39.0, 191.2, 260
46.0, 188.3, 260
27.999999999999996, 178.3, 260
33.0, 177.9, 260
41.0, 183.5, 260
31.0, 193.3, 260
36.0, 186.3, 260
44.0, 194.9, 260
51.0, 187.6, 260
29.0, 175.1, 260
27.0, 180.8, 260
32.0, 184.2, 260
32.0, 181.2, 260
33.0, 188.3, 260
32.0, 193.6, 260
36.0, 188.5, 260
26.0, 187.8, 260
33.0, 166.6, 260
47.0, 187.6, 260
43.0, 195.8, 260
38.0, 183.4, 260
32.0, 190.8, 260
35.0, 186.3, 260
48.0, 179.2, 260
41.0, 199.8, 260
34.0, 183.4, 260
32.0, 192.2, 260
40.0, 186.1, 260
36.0, 186.7, 260
35.0, 159.3, 260
37.0, 174.9, 260
44.0, 193.7, 260
38.0, 186.7, 260
33.0, 185.3, 260
40.0, 194.2, 260
39.0, 198.4, 260
36.0, 179.0, 260
27.0, 179.8, 260
36.0, 180.7, 260
36.0, 195.8, 260
42.0, 185.5, 260
26.0, 194.6, 260
47.0, 156.0, 260
33.0, 187.2, 260
41.0, 187.9, 260
28.0, 189.8, 260
43.0, 182.1, 260
43.0, 180.7, 260
45.0, 193.9, 260
38.0, 179.4, 260
41.0, 186.7, 260
41.0, 178.7, 260
29.0, 172.1, 260
41.0, 184.8, 260
36.0, 202.1, 260
40.0, 193.3, 260
48.0, 192.8, 260
31.0, 190.0, 260
34.0, 180.8, 260
46.0, 190.1, 260
39.0, 200.8, 260
36.0, 108.1, 260
30.0, 190.0, 260
33.0, 175.3, 260
43.0, 186.5, 260
31.0, 186.0, 260
32.0, 191.2, 260
33.0, 168.9, 260
32.0, 191.8, 260
44.0, 191.8, 260
31.0, 178.3, 260
41.0, 193.6, 260
25.0, 185.1, 260
36.0, 180.3, 260
42.0, 174.5, 260
32.0, 191.0, 260
40.0, 173.9, 260
39.0, 197.6, 260
30.0, 181.7, 260
41.0, 193.2, 260
33.0, 183.5, 260
36.0, 185.1, 260
33.0, 189.8, 260
29.0, 184.9, 260
29.0, 182.3, 260
37.0, 180.6, 260
45.0, 196.4, 260
38.0, 193.3, 260
50.0, 202.1, 260
21.0, 184.2, 260
28.0, 203.8, 260
41.0, 193.3, 260
37.0, 184.2, 260
24.999999999999996, 185.1, 260
81.0, 182.1, 260
44.0, 196.9, 260
36.0, 184.1, 260
47.0, 186.3, 260
40.0, 186.0, 260
39.0, 184.2, 260
40.0, 179.4, 260
42.0, 193.2, 260
44.0, 196.1, 260
38.0, 189.3, 260
38.0, 186.9, 260
26.0, 195.4, 260
32.0, 186.3, 260
41.0, 182.6, 260
45.0, 183.3, 260
30.0, 203.8, 260
27.999999999999996, 180.7, 260
36.0, 192.1, 260
31.0, 188.5, 260
32.0, 199.8, 260
36.0, 187.3, 260
31.0, 185.1, 260
38.0, 175.4, 260
37.0, 186.7, 260
32.0, 190.0, 260
30.0, 183.4, 260
38.0, 190.9, 260
26.0, 142.9, 260
42.0, 178.8, 260
39.0, 192.3, 260
41.0, 188.3, 260
44.0, 186.9, 260
36.0, 184.1, 260
33.0, 186.9, 260
35.0, 185.6, 260
28.0, 183.3, 260
36.0, 184.8, 260
41.0, 182.0, 260
36.0, 159.2, 260
33.0, 177.7, 260
29.0, 174.4, 260
35.0, 191.7, 260
32.0, 185.7, 260
27.0, 182.0, 260
33.0, 186.5, 260
27.0, 200.4, 260
30.0, 184.5, 260
43.0, 194.3, 260
40.0, 149.1, 260
43.0, 193.9, 260
34.0, 199.1, 260
41.0, 183.5, 260
59.0, 190.3, 260
36.0, 188.2, 260
36.0, 163.0, 260
42.0, 180.1, 260
43.0, 191.5, 260
28.0, 189.0, 260
30.0, 188.5, 260
34.0, 184.0, 260
50.0, 186.1, 260
26.999999999999996, 179.0, 260
24.0, 187.0, 260
35.0, 196.4, 260
27.999999999999996, 169.8, 260
31.0, 161.0, 260
40.0, 173.0, 260
34.0, 172.1, 260
28.0, 182.0, 260
37.0, 195.1, 260
24.999999999999996, 184.4, 260
42.0, 175.1, 260
28.0, 185.4, 260
30.0, 201.5, 260
28.0, 199.8, 260
35.0, 189.5, 260
35.0, 187.8, 260
29.0, 183.8, 260
34.0, 184.5, 260
38.0, 193.3, 260
36.0, 174.5, 260
26.0, 187.8, 260
30.0, 186.2, 260
38.0, 186.4, 260
37.0, 185.4, 260
40.0, 183.6, 260
41.0, 180.2, 260
33.0, 184.0, 260
47.0, 171.0, 260
32.0, 187.3, 260
32.0, 190.1, 260
28.0, 187.3, 260
34.0, 181.2, 260
36.0, 179.9, 260
36.0, 190.7, 260
40.0, 191.8, 260
42.0, 180.0, 260
31.0, 189.0, 260
40.0, 195.8, 260
39.0, 178.7, 260
30.0, 179.0, 260
42.0, 179.9, 260
33.0, 193.2, 260
31.0, 192.5, 260
35.0, 190.8, 260
41.0, 190.1, 260
41.0, 181.7, 260
35.0, 192.1, 260
23.0, 184.2, 260
34.0, 187.8, 260
41.0, 187.1, 260
26.0, 162.6, 260
84.0, 168.9, 260
37.0, 198.1, 260
40.0, 189.8, 260
27.999999999999996, 191.0, 260
38.0, 191.6, 260
41.0, 193.9, 260
19.999999999999996, 181.8, 260
34.0, 182.6, 260
30.0, 196.9, 260
39.0, 186.7, 260
16.0, 193.7, 260
40.0, 188.3, 260
40.0, 176.2, 260
39.0, 200.0, 260
43.0, 182.0, 260
37.0, 187.0, 260
42.0, 178.3, 260
40.0, 185.1, 260
31.0, 173.8, 260
29.0, 166.3, 260
46.0, 175.4, 260
36.0, 191.3, 260
37.0, 193.2, 260
44.0, 194.9, 260
41.0, 181.1, 260
49.0, 192.7, 260
28.0, 187.1, 260
37.0, 186.2, 260
41.0, 185.1, 260
37.0, 192.3, 260
31.999999999999996, 188.8, 260
38.0, 168.5, 260
35.0, 164.8, 260
42.0, 186.0, 260
37.0, 163.0, 260
33.0, 193.8, 260
29.0, 183.1, 260
38.0, 175.1, 260
30.0, 184.2, 260
37.0, 162.8, 260
39.0, 182.6, 260
33.0, 180.6, 260
33.0, 184.5, 260
37.0, 201.1, 260
48.0, 180.2, 260
29.0, 199.8, 260
35.0, 178.3, 260
28.0, 179.0, 260
32.0, 178.0, 260
52.0, 178.0, 260
40.0, 192.2, 260
29.0, 182.0, 260
35.0, 168.5, 260
30.999999999999996, 189.8, 260
31.0, 184.8, 260
29.0, 182.0, 260
47.0, 179.4, 260
41.0, 194.3, 260
32.0, 192.8, 260
27.0, 189.8, 260
29.0, 188.6, 260
44.0, 193.3, 260
33.0, 190.9, 260
29.0, 186.1, 260
29.0, 160.2, 260
23.0, 192.5, 260
41.0, 186.3, 260
30.0, 181.2, 260
29.0, 162.6, 260
33.0, 188.6, 260
36.0, 182.6, 260
49.0, 186.1, 260
26.0, 195.9, 260
26.0, 193.1, 260
36.0, 183.7, 260
32.0, 190.3, 260
36.0, 189.6, 260
41.0, 187.1, 260
28.999999999999996, 182.1, 260
41.0, 184.7, 260
36.0, 178.6, 260
35.0, 193.1, 260
37.0, 178.7, 260
36.0, 178.7, 260
39.0, 193.7, 260
39.0, 186.8, 260
42.0, 194.3, 260
30.0, 189.2, 260
42.0, 190.7, 260
38.0, 192.8, 260
37.0, 163.6, 260
35.0, 186.3, 260
25.999999999999996, 187.1, 260
43.0, 188.3, 260
43.0, 187.0, 260
40.0, 190.3, 260
43.0, 170.9, 260
30.0, 189.4, 260
37.0, 186.8, 260
33.0, 188.1, 260
38.0, 149.2, 260
36.0, 175.3, 260
45.0, 166.3, 260
36.0, 156.0, 260
38.0, 183.7, 260
37.0, 187.0, 260
33.0, 196.4, 260
25.0, 189.3, 260
23.999999999999996, 179.4, 260
28.0, 186.7, 260
38.0, 185.3, 260
34.0, 190.8, 260
33.0, 183.2, 260
34.0, 178.3, 260
26.999999999999996, 180.6, 260
39.0, 183.0, 260
26.0, 183.5, 260
38.0, 155.9, 260
53.0, 171.1, 260
31.0, 180.4, 260
33.0, 183.4, 260
35.0, 191.8, 260
33.0, 183.5, 260
45.0, 188.3, 260
52.0, 189.6, 260
27.0, 181.3, 260
33.0, 192.8, 260
41.0, 194.3, 260
29.0, 185.6, 260
23.999999999999996, 190.1, 260
43.0, 195.3, 260
37.0, 180.2, 260
24.0, 185.1, 260
47.0, 173.8, 260
40.0, 182.0, 260
43.0, 168.5, 260
29.0, 191.7, 260
40.0, 195.5, 260
36.0, 194.9, 260
30.0, 177.7, 260
37.0, 187.8, 260
30.0, 185.4, 260
29.0, 164.4, 260
24.999999999999996, 180.9, 260
34.0, 186.4, 260
41.0, 151.8, 260
34.0, 187.3, 260
47.0, 174.8, 260
23.999999999999996, 193.4, 260
41.0, 182.0, 260
41.0, 189.8, 260
35.0, 183.2, 260
34.0, 189.7, 260
48.0, 164.4, 260
38.0, 196.9, 260
38.0, 179.6, 260
28.0, 188.8, 260
39.0, 188.3, 260
35.0, 189.4, 260
33.0, 174.8, 260
45.0, 179.5, 260
27.0, 185.4, 260
30.999999999999996, 182.6, 260
38.0, 187.0, 260
39.0, 188.5, 260
29.0, 171.3, 260
29.0, 192.7, 260
29.999999999999996, 179.2, 260
24.0, 198.6, 260
43.0, 161.9, 260
56.0, 192.8, 260
40.0, 194.6, 260
40.0, 186.3, 260
33.0, 175.3, 260
29.0, 193.3, 260
42.0, 178.3, 260
34.0, 188.1, 260
39.0, 161.1, 260
36.0, 179.8, 260
38.0, 171.8, 260
31.0, 192.1, 260
34.0, 197.6, 260
38.0, 184.5, 260
40.0, 184.3, 260
37.0, 189.9, 260
36.0, 190.9, 260
23.0, 187.5, 260
32.0, 180.5, 260
42.0, 180.8, 260
40.0, 185.3, 260
33.0, 188.2, 260
32.0, 204.3, 260
29.0, 178.6, 260
30.0, 201.5, 260
30.0, 192.6, 260
39.0, 177.7, 260
72.0, 188.3, 260
28.0, 108.1, 260
32.0, 192.1, 260
39.0, 149.1, 260
44.0, 175.3, 260
31.0, 188.5, 260
38.0, 163.0, 260
36.0, 187.1, 260
36.0, 185.8, 260
36.0, 168.4, 260
34.0, 171.6, 260
35.0, 183.5, 260
38.0, 170.4, 260
31.0, 191.0, 260
27.0, 184.3, 260
42.0, 184.1, 260
35.0, 186.7, 260
43.0, 184.9, 260
40.0, 195.5, 260
44.0, 187.3, 260
39.0, 188.3, 260
37.0, 179.1, 260
38.0, 189.9, 260
35.0, 187.6, 260
34.0, 179.9, 260
37.0, 183.8, 260
37.0, 182.0, 260
32.0, 194.2, 260
34.0, 189.3, 260
24.0, 181.8, 260
33.0, 188.0, 260
37.0, 169.8, 260
30.0, 175.3, 260
30.0, 189.6, 260
32.0, 188.5, 260
18.0, 175.3, 260
41.0, 186.9, 260
30.0, 189.8, 260
33.0, 170.3, 260
44.0, 179.4, 260
41.0, 178.1, 260
34.0, 177.7, 260
33.0, 180.1, 260
36.0, 179.5, 260
42.0, 191.2, 260
38.0, 181.5, 260
38.0, 181.8, 260
30.0, 185.7, 260
41.0, 186.0, 260
39.0, 182.0, 260
37.0, 194.9, 260
41.0, 174.4, 260
30.0, 189.8, 260
26.0, 173.8, 260
43.0, 189.3, 260
51.0, 185.6, 260
49.0, 184.0, 260
29.0, 187.8, 260
43.0, 176.8, 260
32.0, 173.0, 260
26.0, 180.6, 260
39.0, 170.4, 260
37.0, 175.6, 260
40.0, 173.8, 260
34.0, 168.5, 260
29.0, 175.1, 260
28.0, 180.2, 260
39.0, 181.7, 260
42.0, 189.0, 260
36.0, 186.7, 260
32.0, 197.5, 260
40.0, 193.6, 260
41.0, 190.8, 260
36.0, 188.5, 260
30.0, 183.8, 260
47.0, 194.6, 260
35.0, 181.5, 260
42.0, 189.8, 260
29.0, 192.1, 260
20.0, 193.3, 260
41.0, 143.1, 260
43.0, 181.7, 260
35.0, 154.6, 260
40.0, 194.8, 260
27.0, 197.6, 260
25.0, 183.5, 260
44.0, 188.1, 260
28.0, 188.6, 260
34.0, 179.0, 260
40.0, 190.9, 260
29.0, 171.3, 260
37.0, 183.4, 260
31.0, 174.9, 260
39.0, 191.3, 260
33.0, 189.3, 260
33.0, 187.2, 260
34.0, 181.7, 260
33.0, 181.2, 260
36.0, 170.3, 260
49.0, 183.1, 260
35.0, 170.3, 260
35.0, 193.1, 260
19.999999999999996, 188.6, 260
30.0, 191.8, 260
34.0, 183.5, 260
39.0, 189.6, 260
40.0, 160.2, 260
30.0, 188.3, 260
42.0, 184.4, 260
27.0, 161.9, 260
30.0, 183.0, 260
36.0, 182.1, 260
42.0, 185.4, 260
42.0, 181.7, 260
30.0, 166.6, 260
31.0, 188.2, 260
53.0, 182.0, 260
33.0, 188.5, 260
38.0, 171.1, 260
29.0, 182.1, 260
44.0, 180.5, 260
43.0, 182.7, 260
44.0, 185.8, 260
39.0, 194.9, 260
37.0, 183.2, 260
30.0, 178.3, 260
31.0, 190.5, 260
38.0, 177.9, 260
38.0, 188.5, 260
38.0, 172.3, 260
39.0, 191.8, 260
37.0, 193.2, 260
34.0, 188.3, 260
37.0, 181.1, 260
36.0, 184.0, 260
30.0, 180.4, 260
18.999999999999996, 195.1, 260
41.0, 180.8, 260
35.0, 190.3, 260
27.0, 183.0, 260
36.0, 198.2, 260
36.0, 188.3, 260
30.0, 190.9, 260
31.0, 192.1, 260
44.0, 192.8, 260
37.0, 197.8, 260
43.0, 195.3, 260
43.0, 186.3, 260
38.0, 193.9, 260
45.0, 108.1, 260
33.0, 180.1, 260
30.0, 193.7, 260
39.0, 192.8, 260
25.0, 183.2, 260
37.0, 186.4, 260
36.0, 196.9, 260
42.0, 195.3, 260
36.0, 192.6, 260
53.0, 186.1, 260
41.0, 191.2, 260
38.0, 176.8, 260
41.0, 185.4, 260
34.0, 161.9, 260
43.0, 180.0, 260
32.0, 193.0, 260
46.0, 186.3, 260
44.0, 149.2, 260
41.0, 177.7, 260
34.0, 184.9, 260
36.0, 183.2, 260
45.0, 188.3, 260
38.0, 193.8, 260
50.0, 160.2, 260
40.0, 188.5, 260
36.0, 181.7, 260
41.0, 186.7, 260
39.0, 185.1, 260
34.0, 185.3, 260
41.0, 190.9, 260
39.0, 189.3, 260
49.0, 194.6, 260
35.0, 192.1, 260
31.0, 178.3, 260
40.0, 188.2, 260
29.0, 191.8, 260
31.0, 194.2, 260
31.0, 186.3, 260
39.0, 192.5, 260
49.0, 151.8, 260
28.0, 191.3, 260
49.0, 181.3, 260
36.0, 185.1, 260
34.0, 183.6, 260
35.0, 170.3, 260
37.0, 184.9, 260
34.0, 204.3, 260
31.999999999999996, 182.6, 260
32.0, 192.1, 260
35.0, 180.6, 260
26.0, 192.8, 260
27.0, 200.4, 260
41.0, 189.8, 260
37.0, 195.5, 260
36.0, 190.3, 260
49.0, 188.5, 260
33.0, 186.0, 260
41.0, 188.3, 260
35.0, 183.2, 260
52.0, 186.3, 260
36.0, 190.9, 260
23.0, 162.8, 260
29.0, 192.2, 260
40.0, 176.2, 260
30.0, 182.1, 260
31.0, 183.0, 260
34.0, 186.9, 260
23.0, 197.6, 260
34.0, 181.3, 260
33.0, 188.6, 260
43.0, 172.3, 260
31.999999999999996, 195.3, 260
34.0, 189.1, 260
39.0, 185.1, 260
34.0, 191.0, 260
31.0, 174.0, 260
63.0, 195.7, 260
23.0, 195.9, 260
43.0, 180.8, 260
44.0, 196.9, 260
28.0, 190.9, 260
31.999999999999996, 182.6, 260
44.0, 187.5, 260
32.0, 192.6, 260
43.0, 183.4, 260
43.0, 187.0, 260
30.0, 169.3, 260
28.0, 163.2, 260
32.0, 188.6, 260
45.0, 193.0, 260
38.0, 193.7, 260
37.0, 191.0, 260
27.0, 198.2, 260
40.0, 182.0, 260
40.0, 182.0, 260
38.0, 195.5, 260
25.0, 183.4, 260
42.0, 183.5, 260
34.0, 183.5, 260
45.0, 186.0, 260
35.0, 171.6, 260
42.0, 178.7, 260
30.0, 171.6, 260
29.0, 179.4, 260
26.0, 199.8, 260
33.0, 185.1, 260
34.0, 185.4, 260
36.0, 192.7, 260
41.0, 169.8, 260
44.0, 187.9, 260
43.0, 191.2, 260
35.0, 186.7, 260
36.0, 187.0, 260
43.0, 169.3, 260
34.0, 188.8, 260
44.0, 187.1, 260
35.0, 118.2, 260
30.0, 179.1, 260
37.0, 192.8, 260
24.999999999999996, 194.3, 260
44.0, 181.8, 260
27.0, 179.8, 260
32.0, 179.0, 260
41.0, 183.4, 260
33.0, 187.5, 260
45.0, 177.9, 260
24.0, 181.5, 260
28.0, 186.0, 260
27.0, 203.8, 260
29.0, 183.5, 260
40.0, 175.1, 260
33.0, 183.6, 260
37.0, 195.6, 260
33.0, 172.1, 260
41.0, 189.8, 260
36.0, 178.0, 260
39.0, 191.3, 260
39.0, 185.4, 260
39.0, 190.9, 260
43.0, 193.3, 260
41.0, 179.1, 260
35.0, 166.6, 260
45.0, 189.1, 260
36.0, 105.5, 260
34.0, 182.6, 260
38.0, 185.4, 260
39.0, 187.1, 260
39.0, 159.2, 260
41.0, 186.3, 260
35.0, 183.2, 260
40.0, 193.1, 260
28.0, 194.2, 260
43.0, 192.6, 260
32.0, 182.0, 260
29.0, 190.1, 260
32.0, 194.2, 260
38.0, 176.8, 260
34.0, 186.7, 260
31.0, 191.4, 260
41.0, 182.1, 260
39.0, 188.3, 260
29.999999999999996, 184.1, 260
33.0, 180.9, 260
39.0, 190.6, 260
30.0, 171.1, 260
28.0, 190.7, 260
51.0, 174.0, 260
36.0, 187.1, 260
38.0, 186.8, 260
43.0, 170.4, 260
50.0, 187.0, 260
32.0, 180.9, 260
35.0, 180.8, 260
31.0, 197.5, 260
33.0, 184.0, 260
27.0, 184.2, 260
40.0, 177.2, 260
34.0, 185.4, 260
42.0, 197.5, 260
29.0, 185.4, 260
45.0, 179.5, 260
46.0, 189.8, 260
31.0, 188.2, 260
38.0, 201.5, 260
45.0, 198.2, 260
31.999999999999996, 186.7, 260
39.0, 186.3, 260
28.0, 172.3, 260
41.0, 180.0, 260
37.0, 189.7, 260
28.0, 190.1, 260
40.0, 184.0, 260
42.0, 183.4, 260
39.0, 147.1, 260
40.0, 183.1, 260
33.0, 188.3, 260
35.0, 191.0, 260
31.0, 183.5, 260
27.0, 190.0, 260
40.0, 190.3, 260
40.0, 195.3, 260
33.0, 178.7, 260
26.0, 188.3, 260
35.0, 191.8, 260
31.0, 180.1, 260
44.0, 195.9, 260
37.0, 192.7, 260
42.0, 187.4, 260
47.0, 176.2, 260
32.0, 162.5, 260
33.0, 187.5, 260
33.0, 188.1, 260
33.0, 198.2, 260
42.0, 188.9, 260
33.0, 185.5, 260
35.0, 185.4, 260
27.0, 156.0, 260
35.0, 175.6, 260
40.0, 195.6, 260
34.0, 186.7, 260
26.0, 186.5, 260
34.0, 195.9, 260
29.0, 186.1, 260
32.0, 193.3, 260
35.0, 187.1, 260
40.0, 190.9, 260
36.0, 188.3, 260
33.0, 168.9, 260
38.0, 199.2, 260
28.0, 193.4, 260
40.0, 184.3, 260
40.0, 188.3, 260
40.0, 192.6, 260
31.0, 190.3, 260
40.0, 179.6, 260
38.0, 161.1, 260
37.0, 147.3, 260
37.0, 170.9, 260
33.0, 184.7, 260
39.0, 189.4, 260
34.0, 193.3, 260
28.0, 191.2, 260
30.0, 193.9, 260
46.0, 185.1, 260
34.0, 118.2, 260
36.0, 189.0, 260
28.0, 193.8, 260
37.0, 184.9, 260
41.0, 169.8, 260
39.0, 189.3, 260
32.0, 195.8, 260
37.0, 190.5, 260
34.0, 189.2, 260
44.0, 175.3, 260
36.0, 188.5, 260
44.0, 191.1, 260
29.0, 186.2, 260
38.0, 182.2, 260
30.0, 183.3, 260
30.0, 194.2, 260
35.0, 187.1, 260
39.0, 189.4, 260
36.0, 185.1, 260
30.0, 190.1, 260
32.0, 170.3, 260
42.0, 193.4, 260
34.0, 187.5, 260
36.0, 168.5, 260
40.0, 193.3, 260
41.0, 187.6, 260
36.0, 184.2, 260
40.0, 188.8, 260
41.0, 186.0, 260
34.0, 180.8, 260
38.0, 178.0, 260
29.0, 193.0, 260
27.0, 174.2, 260
33.0, 194.3, 260
40.0, 180.6, 260
38.0, 198.6, 260
33.0, 183.7, 260
37.0, 189.8, 260
37.0, 182.0, 260
45.0, 203.8, 260
46.0, 183.2, 260
35.0, 197.6, 260
39.0, 195.7, 260
38.0, 178.7, 260
41.0, 192.1, 260
32.0, 195.7, 260
37.0, 193.1, 260
37.0, 186.3, 260
39.0, 184.9, 260
41.0, 186.9, 260
31.0, 189.8, 260
49.0, 184.2, 260
38.0, 183.1, 260
74.0, 194.8, 260
33.0, 159.2, 260
35.0, 184.2, 260
38.0, 188.8, 260
42.0, 189.7, 260
29.0, 141.4, 260
24.999999999999996, 193.1, 260
32.0, 177.5, 260
38.0, 149.2, 260
41.0, 184.5, 260
29.999999999999996, 168.9, 260
47.0, 195.5, 260
34.0, 183.0, 260
45.0, 184.4, 260
32.0, 178.6, 260
34.0, 188.0, 260
32.0, 151.0, 260
40.0, 197.8, 260
48.0, 194.3, 260
43.0, 186.8, 260
38.0, 188.3, 260
32.0, 181.2, 260
36.0, 170.3, 260
37.0, 187.8, 260
38.0, 183.5, 260
29.0, 187.7, 260
25.0, 189.8, 260
38.0, 194.3, 260
40.0, 192.1, 260
36.0, 188.5, 260
28.0, 193.3, 260
30.0, 184.2, 260
35.0, 189.6, 260
46.0, 162.4, 260
32.0, 183.4, 260
31.0, 184.5, 260
31.0, 178.8, 260
38.0, 189.1, 260
30.0, 192.4, 260
16.0, 194.6, 260
36.0, 193.0, 260
40.0, 198.6, 260
35.0, 187.3, 260
40.0, 192.4, 260
39.0, 182.6, 260
29.0, 183.1, 260
45.0, 192.8, 260
50.0, 182.1, 260
30.0, 184.8, 260
41.0, 188.1, 260
37.0, 183.0, 260
26.0, 188.6, 260
32.0, 196.4, 260
44.0, 179.8, 260
31.0, 190.0, 260
35.0, 195.7, 260
40.0, 183.3, 260
34.0, 184.4, 260
36.0, 174.9, 260
42.0, 188.3, 260
28.0, 142.9, 260
23.0, 141.4, 260
31.0, 180.2, 260
35.0, 183.7, 260
32.0, 179.5, 260
44.0, 174.5, 260
43.0, 156.0, 260
32.0, 184.2, 260
43.0, 196.4, 260
24.0, 178.0, 260
33.0, 188.8, 260
29.0, 163.2, 260
36.0, 181.1, 260
30.0, 194.1, 260
37.0, 180.7, 260
28.0, 180.9, 260
38.0, 188.9, 260
41.0, 195.6, 260
36.0, 191.7, 260
46.0, 181.1, 260
30.0, 194.6, 260
42.0, 105.5, 260
48.0, 186.7, 260
39.0, 184.2, 260
24.0, 188.4, 260
26.0, 187.0, 260
33.0, 177.7, 260
52.0, 183.5, 260
36.0, 183.0, 260
50.0, 193.7, 260
40.0, 192.7, 260
36.0, 183.8, 260
29.999999999999996, 154.6, 260
43.0, 194.0, 260
29.0, 196.9, 260
39.0, 180.6, 260
37.0, 180.6, 260
35.0, 181.8, 260
52.0, 185.1, 260
44.0, 181.8, 260
33.0, 168.9, 260
38.0, 168.5, 260
35.0, 188.6, 260
45.0, 196.4, 260
38.0, 182.0, 260
34.0, 186.6, 260
33.0, 183.6, 260
42.0, 162.5, 260
31.0, 187.3, 260
41.0, 195.6, 260
36.0, 172.3, 260
33.0, 182.3, 260
39.0, 180.7, 260
33.0, 190.1, 260
28.0, 193.6, 260
40.0, 166.3, 260
30.0, 183.4, 260
47.0, 183.1, 260
44.0, 179.5, 260
27.0, 189.8, 260
41.0, 161.9, 260
18.999999999999996, 183.1, 260
40.0, 162.5, 260
39.0, 187.9, 260
43.0, 177.2, 260
28.0, 186.1, 260
40.0, 190.6, 260
32.0, 174.0, 260
45.0, 204.9, 260
45.0, 195.9, 260
29.999999999999996, 182.1, 260
29.0, 178.7, 260
42.0, 189.4, 260
40.0, 189.1, 260
29.0, 191.8, 260
36.0, 193.9, 260
53.0, 192.6, 260
43.0, 180.7, 260
28.0, 194.0, 260
36.0, 105.5, 260
31.0, 194.9, 260
33.0, 188.3, 260
40.0, 191.3, 260
43.0, 190.7, 260
40.0, 169.8, 260
34.0, 175.4, 260
45.0, 186.1, 260
42.0, 174.0, 260
32.0, 198.2, 260
38.0, 198.1, 260
38.0, 179.2, 260
49.0, 194.3, 260
20.999999999999996, 183.3, 260
30.0, 183.7, 260
30.0, 187.3, 260
27.0, 143.1, 260
34.0, 182.0, 260
37.0, 178.4, 260
39.0, 183.6, 260
40.0, 191.0, 260
32.0, 183.0, 260
35.0, 186.3, 260
37.0, 154.6, 260
41.0, 191.8, 260
33.0, 186.6, 260
30.0, 171.1, 260
35.0, 184.1, 260
40.0, 170.3, 260
42.0, 170.9, 260
35.0, 186.4, 260
46.0, 195.7, 260
41.0, 192.6, 260
19.999999999999996, 186.9, 260
43.0, 183.2, 260
42.0, 187.9, 260
40.0, 188.6, 260
42.0, 192.1, 260
44.0, 171.3, 260
30.0, 151.8, 260
32.0, 189.4, 260
43.0, 190.9, 260
33.0, 173.8, 260
43.0, 198.1, 260
27.0, 171.0, 260
40.0, 178.3, 260
26.0, 191.6, 260
46.0, 195.3, 260
28.0, 176.2, 260
29.0, 178.7, 260
46.0, 159.3, 260
51.0, 182.6, 260
38.0, 175.3, 260
34.0, 183.4, 260
36.0, 192.6, 260
25.0, 188.9, 260
39.0, 182.0, 260
42.0, 159.3, 260
46.0, 191.5, 260
41.0, 178.3, 260
44.0, 183.6, 260
36.0, 188.6, 260
39.0, 192.6, 260
55.0, 186.8, 260
46.0, 169.3, 260
53.0, 193.8, 260
34.0, 190.9, 260
29.0, 196.4, 260
36.0, 180.8, 260
46.0, 191.3, 260
33.0, 184.9, 260
24.0, 184.0, 260
45.0, 174.2, 260
29.0, 189.8, 260
37.0, 166.6, 260
33.0, 179.5, 260
35.0, 118.2, 260
47.0, 195.8, 260
42.0, 200.4, 260
37.0, 192.7, 260
39.0, 187.2, 260
35.0, 183.5, 260
47.0, 188.0, 260
44.0, 154.6, 260
39.0, 180.5, 260
36.0, 180.8, 260
30.0, 191.1, 260
39.0, 164.8, 260
37.0, 181.5, 260
37.0, 182.1, 260
41.0, 185.1, 260
33.0, 194.9, 260
30.0, 194.9, 260
43.0, 188.8, 260
32.0, 184.2, 260
36.0, 185.4, 260
40.0, 178.8, 260
40.0, 187.0, 260
43.0, 174.0, 260
35.0, 191.2, 260
28.0, 196.4, 260
32.0, 177.7, 260
34.0, 189.1, 260
33.0, 179.3, 260
31.999999999999996, 183.8, 260
32.0, 188.3, 260
39.0, 186.6, 260
35.0, 191.6, 260
40.0, 183.4, 260
34.0, 184.0, 260
33.0, 186.4, 260
53.0, 188.6, 260
35.0, 177.5, 260
39.0, 189.1, 260
33.0, 166.6, 260
30.0, 166.3, 260
30.0, 197.5, 260
29.0, 183.6, 260
36.0, 195.6, 260
30.0, 181.3, 260
36.0, 116.0, 260
35.0, 198.6, 260
38.0, 189.4, 260
40.0, 191.0, 260
40.0, 188.2, 260
41.0, 194.2, 260
40.0, 186.3, 260
30.0, 188.4, 260
36.0, 183.5, 260
42.0, 185.3, 260
49.0, 193.7, 260
32.0, 179.1, 260
38.0, 180.7, 260
40.0, 188.5, 260
42.0, 179.9, 260
35.0, 180.1, 260
37.0, 183.0, 260
32.0, 186.9, 260
47.0, 195.1, 260
31.0, 185.8, 260
23.999999999999996, 187.1, 260
34.0, 176.2, 260
30.0, 182.1, 260
43.0, 189.3, 260
37.0, 192.8, 260
37.0, 184.3, 260
33.0, 183.4, 260
41.0, 200.8, 260
37.0, 176.8, 260
32.0, 195.1, 260
38.0, 169.3, 260
37.0, 188.9, 260
36.0, 181.7, 260
42.0, 180.6, 260
39.0, 178.7, 260
44.0, 174.4, 260
31.0, 183.3, 260
27.0, 180.5, 260
52.0, 179.2, 260
44.0, 181.2, 260
47.0, 179.4, 260
38.0, 196.4, 260
38.0, 180.7, 260
28.0, 170.9, 260
36.0, 178.7, 260
89.0, 173.8, 260
36.0, 161.9, 260
30.0, 182.6, 260
41.0, 192.6, 260
35.0, 151.8, 260
38.0, 187.1, 260
40.0, 191.2, 260
39.0, 188.9, 260
32.0, 116.0, 260
35.0, 184.2, 260
53.0, 183.5, 260
32.0, 179.5, 260
49.0, 185.9, 260
31.0, 194.9, 260
35.0, 142.9, 260
40.0, 183.0, 260
28.0, 203.8, 260
30.0, 191.7, 260
30.0, 184.2, 260
32.0, 185.2, 260
28.999999999999996, 182.0, 260
42.0, 188.3, 260
29.0, 194.8, 260
40.0, 199.2, 260
39.0, 180.7, 260
30.0, 193.3, 260
32.0, 177.8, 260
42.0, 170.6, 260
40.0, 186.8, 260
41.0, 187.7, 260
43.0, 183.2, 260
27.0, 189.8, 260
27.0, 184.9, 260
36.0, 178.4, 260
34.0, 185.9, 260
34.0, 183.1, 260
26.0, 185.3, 260
28.0, 186.8, 260
34.0, 200.4, 260
39.0, 183.5, 260
35.0, 188.5, 260
40.0, 184.4, 260
42.0, 187.0, 260
33.0, 178.7, 260
45.0, 146.2, 260
36.0, 194.9, 260
44.0, 188.5, 260
41.0, 185.6, 260
34.0, 186.4, 260
35.0, 179.3, 260
40.0, 188.4, 260
28.999999999999996, 185.4, 260
28.0, 180.5, 260
43.0, 187.9, 260
31.999999999999996, 188.9, 260
38.0, 182.0, 260
31.0, 192.2, 260
31.0, 189.7, 260
36.0, 187.3, 260
33.0, 185.0, 260
36.0, 181.3, 260
26.999999999999996, 188.8, 260
28.0, 182.1, 260
43.0, 175.1, 260
34.0, 182.0, 260
39.0, 192.1, 260
31.0, 180.3, 260
34.0, 173.0, 260
29.0, 189.4, 260
34.0, 180.4, 260
43.0, 185.2, 260
31.0, 190.7, 260
32.0, 188.3, 260
38.0, 190.7, 260
43.0, 193.3, 260
35.0, 177.9, 260
43.0, 198.6, 260
43.0, 187.3, 260
29.0, 177.9, 260
38.0, 170.6, 260
38.0, 185.8, 260
41.0, 187.6, 260
43.0, 188.0, 260
35.0, 178.3, 260
33.0, 180.6, 260
26.0, 193.3, 260
39.0, 193.2, 260
37.0, 185.4, 260
35.0, 171.6, 260
38.0, 198.6, 260
36.0, 174.2, 260
35.0, 177.7, 260
29.0, 185.7, 260
45.0, 181.1, 260
45.0, 193.6, 260
41.0, 200.4, 260
31.0, 181.2, 260
21.0, 188.1, 260
33.0, 183.8, 260
39.0, 184.2, 260
42.0, 191.3, 260
40.0, 182.1, 260
50.0, 183.3, 260
25.0, 186.7, 260
30.0, 147.1, 260
28.0, 190.9, 260
37.0, 182.0, 260
23.999999999999996, 166.2, 260
40.0, 187.0, 260
42.0, 166.6, 260
49.0, 180.9, 260
34.0, 182.0, 260
40.0, 179.2, 260
47.0, 189.0, 260
37.0, 191.8, 260
26.0, 194.3, 260
34.0, 186.0, 260
35.0, 168.4, 260
38.0, 188.2, 260
41.0, 193.4, 260
40.0, 188.8, 260
26.0, 183.5, 260
46.0, 199.2, 260
28.0, 201.3, 260
30.0, 180.2, 260
34.0, 182.2, 260
39.0, 184.0, 260
42.0, 151.8, 260
26.999999999999996, 147.3, 260
39.0, 184.2, 260
29.0, 182.0, 260
34.0, 190.3, 260
42.0, 197.0, 260
40.0, 176.2, 260
33.0, 190.1, 260
33.0, 188.1, 260
42.0, 191.3, 260
47.0, 177.1, 260
36.0, 183.4, 260
28.0, 198.2, 260
29.0, 182.3, 260
45.0, 188.3, 260
45.0, 185.1, 260
35.0, 180.4, 260
37.0, 184.8, 260
42.0, 193.2, 260
34.0, 193.2, 260
43.0, 193.9, 260
31.999999999999996, 195.5, 260
28.0, 181.8, 260
19.0, 183.2, 260
47.0, 187.1, 260
34.0, 187.0, 260
40.0, 182.0, 260
29.0, 187.1, 260
37.0, 154.6, 260
40.0, 179.0, 260
38.0, 192.8, 260
36.0, 189.9, 260
23.0, 184.2, 260
37.0, 178.4, 260
37.0, 180.7, 260
41.0, 180.1, 260
41.0, 171.3, 260
32.0, 185.4, 260
38.0, 186.9, 260
30.0, 192.7, 260
36.0, 189.4, 260
37.0, 188.0, 260
44.0, 188.9, 260
38.0, 193.1, 260
30.0, 200.5, 260
46.0, 185.4, 260
28.999999999999996, 190.9, 260
38.0, 193.3, 260
26.999999999999996, 180.0, 260
32.0, 182.0, 260
36.0, 193.2, 260
40.0, 178.7, 260
38.0, 192.1, 260
43.0, 186.3, 260
39.0, 155.0, 260
37.0, 191.0, 260
36.0, 190.6, 260
37.0, 186.4, 260
28.0, 175.4, 260
23.999999999999996, 185.1, 260
37.0, 183.0, 260
42.0, 143.1, 260
37.0, 184.2, 260
41.0, 191.8, 260
31.0, 189.0, 260
31.0, 118.2, 260
46.0, 187.0, 260
46.0, 183.6, 260
43.0, 168.9, 260
44.0, 187.8, 260
38.0, 194.8, 260
37.0, 180.7, 260
41.0, 147.3, 260
45.0, 184.2, 260
41.0, 194.6, 260
35.0, 187.6, 260
37.0, 189.1, 260
27.0, 183.5, 260
34.0, 192.1, 260
45.0, 190.7, 260
34.0, 193.7, 260
28.999999999999996, 174.5, 260
36.0, 186.1, 260
39.0, 179.6, 260
26.0, 183.3, 260
34.0, 183.8, 260
40.0, 187.9, 260
42.0, 171.3, 260
43.0, 179.9, 260
28.0, 184.4, 260
30.0, 192.2, 260
40.0, 188.0, 260
45.0, 170.4, 260
43.0, 190.5, 260
45.0, 192.5, 260
29.0, 185.1, 260
28.999999999999996, 187.9, 260
38.0, 179.6, 260
31.0, 193.1, 260
36.0, 179.1, 260
39.0, 183.2, 260
30.0, 186.9, 260
37.0, 191.8, 260
36.0, 191.3, 260
42.0, 196.9, 260
36.0, 161.9, 260
34.0, 161.0, 260
35.0, 178.3, 260
34.0, 170.4, 260
39.0, 194.3, 260
32.0, 177.5, 260
20.999999999999996, 197.3, 260
39.0, 201.3, 260
29.0, 184.8, 260
53.0, 177.7, 260
40.0, 186.8, 260
32.0, 204.3, 260
39.0, 178.7, 260
33.0, 198.6, 260
29.0, 166.6, 260
27.0, 108.1, 260
34.0, 182.7, 260
30.0, 183.5, 260
43.0, 180.5, 260
28.0, 177.7, 260
38.0, 183.5, 260
37.0, 179.5, 260
41.0, 186.0, 260
42.0, 193.7, 260
23.0, 182.1, 260
29.0, 198.6, 260
31.0, 185.4, 260
32.0, 187.5, 260
37.0, 187.8, 260
28.0, 145.9, 260
41.0, 197.6, 260
50.0, 193.2, 260
34.0, 175.1, 260
30.999999999999996, 179.6, 260
36.0, 191.2, 260
44.0, 187.3, 260
24.0, 186.1, 260
39.0, 198.4, 260
29.0, 195.7, 260
39.0, 183.3, 260
40.0, 188.9, 260
40.0, 187.3, 260
40.0, 191.8, 260
34.0, 192.1, 260
25.999999999999996, 185.4, 260
45.0, 182.0, 260
32.0, 183.0, 260
41.0, 188.5, 260
33.0, 187.3, 260
36.0, 164.4, 260
39.0, 186.4, 260
40.0, 149.2, 260
44.0, 196.4, 260
49.0, 183.4, 260
18.999999999999996, 176.8, 260
29.0, 172.1, 260
39.0, 183.4, 260
28.999999999999996, 187.1, 260
31.0, 189.1, 260
32.0, 163.0, 260
33.0, 161.1, 260
36.0, 188.5, 260
26.999999999999996, 171.1, 260
36.0, 185.4, 260
34.0, 190.8, 260
35.0, 186.7, 260
33.0, 173.9, 260
35.0, 170.4, 260
32.0, 189.5, 260
34.0, 182.0, 260
32.0, 191.3, 260
42.0, 192.3, 260
44.0, 163.6, 260
43.0, 191.6, 260
36.0, 185.2, 260
34.0, 183.8, 260
29.0, 180.5, 260
34.0, 200.0, 260
42.0, 194.6, 260
64.0, 185.2, 260
34.0, 194.6, 260
30.0, 194.8, 260
33.0, 180.8, 260
30.0, 200.4, 260
37.0, 181.3, 260
32.0, 170.4, 260
40.0, 193.4, 260
40.0, 198.2, 260
40.0, 200.5, 260
39.0, 184.4, 260
36.0, 187.0, 260
45.0, 193.2, 260
34.0, 159.3, 260
27.0, 173.8, 260
41.0, 183.5, 260
33.0, 193.3, 260
32.0, 163.0, 260
20.0, 200.0, 260
40.0, 179.9, 260
52.0, 198.4, 260
43.0, 143.1, 260
36.0, 188.3, 260
43.0, 191.3, 260
31.0, 178.1, 260
36.0, 183.1, 260
42.0, 188.2, 260
41.0, 188.3, 260
33.0, 183.4, 260
32.0, 187.6, 260
29.0, 189.4, 260
28.0, 190.6, 260
29.0, 189.1, 260
34.0, 162.4, 260
41.0, 160.1, 260
28.0, 180.8, 260
22.0, 194.6, 260
35.0, 187.1, 260
28.999999999999996, 182.6, 260
44.0, 190.6, 260
17.0, 192.8, 260
33.0, 195.9, 260
40.0, 179.9, 260
30.0, 187.0, 260
35.0, 186.1, 260
36.0, 185.3, 260
44.0, 177.1, 260
42.0, 189.6, 260
41.0, 184.5, 260
38.0, 175.3, 260
31.0, 188.6, 260
41.0, 195.7, 260
27.999999999999996, 184.8, 260
41.0, 178.8, 260
32.0, 192.6, 260
31.0, 178.7, 260
30.0, 193.6, 260
27.999999999999996, 193.6, 260
46.0, 145.9, 260
26.0, 183.1, 260
49.0, 171.6, 260
29.999999999999996, 185.3, 260
32.0, 186.8, 260
31.0, 187.0, 260
26.999999999999996, 198.1, 260
42.0, 186.4, 260
33.0, 176.2, 260
25.0, 180.9, 260
40.0, 189.4, 260
37.0, 186.9, 260
37.0, 163.0, 260
34.0, 185.4, 260
36.0, 196.4, 260
39.0, 195.7, 260
31.0, 192.6, 260
35.0, 190.0, 260
60.0, 185.4, 260
49.0, 183.4, 260
35.0, 187.6, 260
32.0, 164.8, 260
31.0, 189.4, 260
40.0, 183.4, 260
37.0, 189.2, 260
43.0, 194.6, 260
42.0, 199.1, 260
37.0, 186.3, 260
40.0, 185.4, 260
35.0, 189.1, 260
27.0, 191.2, 260
31.0, 193.9, 260
36.0, 195.7, 260
42.0, 185.3, 260
39.0, 183.3, 260
41.0, 180.6, 260
37.0, 166.2, 260
31.0, 175.3, 260
35.0, 180.9, 260
41.0, 187.4, 260
43.0, 189.4, 260
43.0, 183.5, 260
35.0, 163.6, 260
34.0, 187.2, 260
44.0, 190.5, 260
42.0, 183.3, 260
40.0, 183.0, 260
43.0, 193.7, 260
39.0, 186.3, 260
35.0, 189.3, 260
17.0, 185.3, 260
40.0, 181.3, 260
36.0, 189.4, 260
43.0, 180.2, 260
37.0, 174.3, 260
35.0, 193.3, 260
35.0, 188.5, 260
35.0, 191.3, 260
30.0, 172.1, 260
36.0, 170.4, 260
30.0, 192.5, 260
38.0, 182.1, 260
27.0, 185.9, 260
34.0, 181.2, 260
41.0, 191.8, 260
43.0, 179.8, 260
16.0, 190.7, 260
39.0, 189.1, 260
31.0, 191.5, 260
19.999999999999996, 192.6, 260
41.0, 182.0, 260
43.0, 200.8, 260
46.0, 191.7, 260
37.0, 186.5, 260
42.0, 187.8, 260
30.0, 191.8, 260
34.0, 187.1, 260
34.0, 192.7, 260
42.0, 183.5, 260
26.0, 194.8, 260
41.0, 186.0, 260
43.0, 183.4, 260
35.0, 183.6, 260
32.0, 188.9, 260
34.0, 186.9, 260
23.999999999999996, 183.0, 260
38.0, 198.6, 260
37.0, 180.6, 260
33.0, 183.1, 260
32.0, 184.0, 260
36.0, 185.3, 260
41.0, 188.5, 260
42.0, 202.1, 260
29.0, 181.2, 260
32.0, 183.7, 260
34.0, 186.1, 260
38.0, 183.1, 260
40.0, 170.3, 260
33.0, 180.5, 260
36.0, 196.4, 260
39.0, 202.1, 260
38.0, 173.8, 260
40.0, 162.4, 260
43.0, 180.5, 260
22.0, 194.8, 260
44.0, 182.3, 260
44.0, 186.9, 260
37.0, 179.8, 260
38.0, 183.1, 260
33.0, 182.0, 260
40.0, 186.6, 260
40.0, 184.2, 260
40.0, 181.2, 260
32.0, 187.2, 260
39.0, 195.8, 260
41.0, 171.6, 260
36.0, 191.8, 260
42.0, 180.6, 260
40.0, 192.2, 260
38.0, 185.9, 260
28.0, 193.2, 260
33.0, 190.6, 260
37.0, 190.9, 260
45.0, 185.6, 260
37.0, 172.1, 260
31.999999999999996, 195.3, 260
37.0, 198.6, 260
38.0, 183.4, 260
36.0, 175.4, 260
20.999999999999996, 190.5, 260
40.0, 186.0, 260
37.0, 182.0, 260
48.0, 192.1, 260
19.0, 190.0, 260
32.0, 192.1, 260
38.0, 191.3, 260
37.0, 187.1, 260
38.0, 183.2, 260
45.0, 193.3, 260
32.0, 183.0, 260
38.0, 162.8, 260
40.0, 188.8, 260
25.0, 190.7, 260
31.0, 176.2, 260
44.0, 179.2, 260
37.0, 198.1, 260
41.0, 186.9, 260
38.0, 183.5, 260
39.0, 192.6, 260
38.0, 164.4, 260
32.0, 188.9, 260
32.0, 193.2, 260
29.0, 183.3, 260
33.0, 195.9, 260
27.999999999999996, 181.8, 260
33.0, 184.2, 260
43.0, 176.0, 260
38.0, 182.0, 260
44.0, 192.8, 260
46.0, 178.7, 260
43.0, 195.9, 260
32.0, 189.9, 260
36.0, 189.8, 260
38.0, 182.3, 260
40.0, 185.7, 260
31.0, 189.9, 260
30.0, 184.2, 260
41.0, 180.8, 260
40.0, 182.7, 260
28.0, 199.1, 260
40.0, 192.1, 260
31.999999999999996, 200.5, 260
30.0, 182.0, 260
31.0, 186.3, 260
26.0, 188.2, 260
32.0, 183.1, 260
28.0, 191.4, 260
27.999999999999996, 188.0, 260
37.0, 186.7, 260
40.0, 185.3, 260
44.0, 191.2, 260
35.0, 200.0, 260
42.0, 191.7, 260
42.0, 184.4, 260
39.0, 189.4, 260
35.0, 185.3, 260
35.0, 191.0, 260
29.999999999999996, 191.6, 260
39.0, 195.7, 260
41.0, 192.7, 260
35.0, 176.0, 260
45.0, 186.6, 260
35.0, 188.5, 260
41.0, 188.2, 260
30.0, 181.5, 260
41.0, 173.9, 260
41.0, 189.8, 260
41.0, 184.2, 260
30.0, 197.5, 260
44.0, 195.3, 260
33.0, 180.6, 260
36.0, 193.6, 260
36.0, 143.1, 260
29.0, 183.2, 260
36.0, 185.6, 260
36.0, 181.7, 260
39.0, 195.8, 260
33.0, 182.7, 260
41.0, 183.4, 260
27.999999999999996, 183.3, 260
33.0, 171.1, 260
32.0, 184.4, 260
53.0, 191.8, 260
38.0, 186.0, 260
29.0, 187.9, 260
40.0, 185.4, 260
34.0, 179.8, 260
38.0, 187.9, 260
37.0, 185.1, 260
53.0, 191.5, 260
37.0, 181.8, 260
36.0, 192.8, 260
33.0, 191.0, 260
35.0, 183.4, 260
47.0, 189.8, 260
23.0, 179.9, 260
28.0, 185.9, 260
22.0, 178.3, 260
38.0, 194.6, 260
22.0, 195.9, 260
29.0, 187.0, 260
38.0, 186.3, 260
31.0, 187.0, 260
42.0, 183.0, 260
32.0, 187.3, 260
42.0, 189.6, 260
42.0, 162.5, 260
30.0, 182.7, 260
33.0, 193.1, 260
29.0, 185.4, 260
31.0, 193.1, 260
36.0, 143.1, 260
37.0, 191.8, 260
21.0, 187.0, 260
43.0, 186.7, 260
30.0, 193.4, 260
39.0, 184.2, 260
38.0, 187.4, 260
36.0, 187.7, 260
35.0, 190.3, 260
37.0, 183.0, 260
30.0, 195.9, 260
41.0, 204.9, 260
38.0, 192.5, 260
49.0, 188.5, 260
23.999999999999996, 200.5, 260
48.0, 169.3, 260
35.0, 182.0, 260
34.0, 180.4, 260
34.0, 180.5, 260
38.0, 188.3, 260
36.0, 188.0, 260
42.0, 171.8, 260
42.0, 187.6, 260
43.0, 191.9, 260
43.0, 198.6, 260
43.0, 183.4, 260
27.0, 185.3, 260
32.0, 189.4, 260
46.0, 190.1, 260
29.0, 179.0, 260
41.0, 188.8, 260
37.0, 189.8, 260
37.0, 194.8, 260
29.0, 185.3, 260
33.0, 193.7, 260
33.0, 187.0, 260
38.0, 194.3, 260
39.0, 181.5, 260
45.0, 191.8, 260
36.0, 162.6, 260
41.0, 191.8, 260
45.0, 184.5, 260
36.0, 183.5, 260
27.999999999999996, 187.5, 260
32.0, 187.5, 260
36.0, 192.2, 260
29.0, 179.4, 260
39.0, 187.4, 260
28.0, 183.2, 260
18.0, 183.4, 260
38.0, 186.9, 260
19.0, 200.0, 260
36.0, 201.1, 260
40.0, 187.7, 260
33.0, 191.8, 260
38.0, 201.5, 260
27.0, 175.6, 260
44.0, 191.4, 260
43.0, 183.7, 260
34.0, 183.8, 260
21.999999999999996, 192.5, 260
31.0, 183.1, 260
29.0, 116.0, 260
46.0, 188.1, 260
42.0, 190.0, 260
34.0, 183.4, 260
30.0, 191.1, 260
45.0, 174.8, 260
44.0, 196.4, 260
41.0, 149.2, 260
39.0, 191.7, 260
33.0, 182.6, 260
35.0, 203.8, 260
48.0, 195.7, 260
35.0, 183.8, 260
25.0, 192.8, 260
36.0, 185.3, 260
47.0, 183.0, 260
38.0, 185.3, 260
36.0, 185.1, 260
28.999999999999996, 186.6, 260
36.0, 154.6, 260
32.0, 116.0, 260
32.0, 176.8, 260
36.0, 193.9, 260
39.0, 182.0, 260
33.0, 151.8, 260
42.0, 195.7, 260
40.0, 180.5, 260
30.0, 176.0, 260
39.0, 180.5, 260
44.0, 178.8, 260
32.0, 184.0, 260
27.0, 201.1, 260
43.0, 151.0, 260
31.0, 180.9, 260
39.0, 187.2, 260
33.0, 183.2, 260
31.0, 189.3, 260
47.0, 195.8, 260
41.0, 192.5, 260
39.0, 190.9, 260
38.0, 183.5, 260
36.0, 186.9, 260
18.999999999999996, 195.9, 260
34.0, 182.2, 260
46.0, 187.0, 260
37.0, 173.8, 260
35.0, 180.9, 260
42.0, 189.9, 260
36.0, 192.6, 260
26.0, 183.8, 260
38.0, 173.0, 260
46.0, 118.2, 260
37.0, 191.8, 260
29.0, 179.9, 260
37.0, 186.4, 260
36.0, 187.6, 260
37.0, 168.8, 260
34.0, 171.6, 260
41.0, 181.7, 260
38.0, 190.7, 260
24.999999999999996, 186.1, 260
25.0, 186.3, 260
33.0, 192.6, 260
37.0, 192.6, 260
27.0, 180.3, 260
34.0, 147.1, 260
31.0, 143.1, 260
31.0, 192.3, 260
46.0, 186.0, 260
34.0, 186.7, 260
42.0, 187.0, 260
36.0, 186.0, 260
31.0, 187.6, 260
43.0, 173.8, 260
44.0, 186.7, 260
47.0, 184.4, 260
39.0, 186.6, 260
35.0, 187.2, 260
40.0, 118.2, 260
34.0, 186.6, 260
34.0, 194.2, 260
35.0, 173.9, 260
48.0, 174.5, 260
37.0, 194.3, 260
43.0, 175.3, 260
38.0, 187.6, 260
33.0, 174.9, 260
45.0, 187.9, 260
35.0, 178.7, 260
35.0, 185.0, 260
39.0, 180.0, 260
40.0, 164.4, 260
39.0, 191.3, 260
30.0, 181.5, 260
35.0, 178.1, 260
29.0, 180.7, 260
31.0, 184.2, 260
30.0, 193.3, 260
36.0, 183.4, 260
40.0, 182.2, 260
40.0, 186.0, 260
35.0, 190.3, 260
46.0, 188.2, 260
31.0, 190.7, 260
33.0, 181.1, 260
36.0, 200.0, 260
30.999999999999996, 187.4, 260
39.0, 187.5, 260
32.0, 184.3, 260
30.0, 195.1, 260
40.0, 187.5, 260
24.0, 187.9, 260
43.0, 190.6, 260
31.0, 151.8, 260
34.0, 179.8, 260
42.0, 183.0, 260
39.0, 170.3, 260
41.0, 189.8, 260
37.0, 196.4, 260
34.0, 194.3, 260
31.0, 189.9, 260
26.0, 182.7, 260
31.0, 194.2, 260
36.0, 180.6, 260
41.0, 189.1, 260
33.0, 184.5, 260
41.0, 188.2, 260
38.0, 181.2, 260
27.0, 183.7, 260
20.0, 191.0, 260
40.0, 188.3, 260
38.0, 142.9, 260
44.0, 184.8, 260
43.0, 191.8, 260
36.0, 189.3, 260
40.0, 177.7, 260
27.0, 172.3, 260
45.0, 194.0, 260
36.0, 185.8, 260
52.0, 176.8, 260
44.0, 188.6, 260
35.0, 141.4, 260
37.0, 189.7, 260
24.0, 183.4, 260
31.0, 191.4, 260
30.0, 143.1, 260
36.0, 186.7, 260
44.0, 174.0, 260
36.0, 186.3, 260
49.0, 189.9, 260
38.0, 187.1, 260
29.0, 188.9, 260
37.0, 194.3, 260
51.0, 189.8, 260
31.0, 186.4, 260
40.0, 192.6, 260
34.0, 189.0, 260
32.0, 183.8, 260
33.0, 197.6, 260
34.0, 185.3, 260
40.0, 180.6, 260
41.0, 180.9, 260
29.0, 193.3, 260
46.0, 183.0, 260
37.0, 184.1, 260
41.0, 179.6, 260
42.0, 196.4, 260
33.0, 185.4, 260
29.0, 193.7, 260
30.0, 192.2, 260
32.0, 193.3, 260
47.0, 154.6, 260
53.0, 183.8, 260
33.0, 186.7, 260
42.0, 181.7, 260
33.0, 191.5, 260
30.0, 180.8, 260
45.0, 178.3, 260
35.0, 193.0, 260
47.0, 195.9, 260
34.0, 168.9, 260
27.0, 192.7, 260
49.0, 187.5, 260
42.0, 147.3, 260
36.0, 189.8, 260
40.0, 181.7, 260
50.0, 171.1, 260
48.0, 183.1, 260
31.0, 189.4, 260
43.0, 181.5, 260
35.0, 179.1, 260
28.0, 187.8, 260
42.0, 187.0, 260
30.999999999999996, 179.9, 260
43.0, 189.8, 260
31.0, 166.3, 260
28.0, 203.8, 260
46.0, 194.3, 260
39.0, 189.6, 260
35.0, 151.0, 260
36.0, 193.6, 260
29.0, 159.2, 260
19.0, 191.1, 260
42.0, 183.1, 260
41.0, 151.8, 260
34.0, 188.3, 260
46.0, 187.0, 260
28.0, 185.1, 260
36.0, 183.2, 260
38.0, 174.2, 260
48.0, 183.0, 260
41.0, 179.0, 260
25.999999999999996, 187.6, 260
38.0, 173.8, 260
36.0, 108.1, 260
45.0, 187.0, 260
24.999999999999996, 186.0, 260
32.0, 191.6, 260
33.0, 186.2, 260
38.0, 191.7, 260
42.0, 192.1, 260
