20.740000000000002
17.66
13.570000000000002
20.150000000000002
12.879999999999999
16.080000000000002
14.27
15.9
14.99
16.41
13.21
14.62
15.639999999999999
13.409999999999998
13.7
17.68
17.38
13.54
17.42
14.170000000000002
12.95
17.32
15.370000000000001
16.13
16.13
55.12
23.16
16.419999999999998
16.86
16.77
16.9
13.589999999999998
14.1
16.01
19.03
15.739999999999998
15.169999999999998
18.75
16.16
15.759999999999998
17.86
16.92
15.86
14.81
17.32
15.650000000000002
14.399999999999999
23.08
14.850000000000001
16.55
15.790000000000001
16.21
13.939999999999998
14.53
17.41
14.43
17.62
12.950000000000001
17.439999999999998
14.7
16.41
14.14
16.15
14.05
15.73
17.810000000000002
18.41
21.08
12.309999999999999
17.73
18.93
15.569999999999999
16.96
16.150000000000002
19.02
16.61
14.770000000000001
18.389999999999997
24.42
18.27
25.05
14.969999999999999
16.75
11.73
18.029999999999998
19.869999999999997
15.379999999999999
16.970000000000002
17.71
10.85
14.96
17.540000000000003
14.370000000000001
24.64
15.350000000000001
18.88
23.189999999999998
11.9
17.52
18.04
15.25
18.27
17.77
14.65
14.96
17.88
29.990000000000002
16.509999999999998
17.41
55.37
18.17
15.18
14.59
18.34
19.029999999999998
14.38
16.63
15.610000000000001
17.36
15.239999999999998
15.86
15.669999999999998
14.349999999999998
13.409999999999998
16.44
14.0
17.299999999999997
12.07
19.68
14.370000000000001
16.830000000000002
12.3
16.66
20.76
20.650000000000002
13.42
21.240000000000002
24.62
16.11
15.15
13.469999999999999
18.41
16.29
21.43
20.439999999999998
13.97
15.959999999999999
15.35
17.47
15.17
13.170000000000002
17.0
18.619999999999997
19.02
15.35
16.91
13.66
18.98
14.360000000000001
15.86
16.099999999999998
22.28
16.939999999999998
18.89
19.44
13.67
14.260000000000002
18.54
16.67
17.76
14.5
19.259999999999998
17.93
17.02
17.119999999999997
15.61
12.66
20.18
16.880000000000003
15.919999999999998
16.65
18.369999999999997
16.75
16.3
18.520000000000003
17.43
15.49
15.120000000000001
45.77
17.950000000000003
12.41
15.739999999999998
14.850000000000001
65.76
16.349999999999998
22.38
17.2
14.67
15.059999999999999
14.72
13.16
15.95
12.560000000000002
18.17
27.89
18.05
15.57
17.599999999999998
17.75
15.23
15.91
15.28
18.51
16.45
16.88
17.57
14.62
13.809999999999999
16.78
19.060000000000002
13.15
16.580000000000002
15.950000000000001
15.120000000000001
13.040000000000001
15.790000000000001
13.670000000000002
19.66
13.83
15.74
14.01
21.729999999999997
18.16
13.530000000000001
18.32
17.119999999999997
19.229999999999997
12.63
15.21
18.25
17.910000000000004
27.37
15.829999999999998
15.41
18.16
12.95
13.25
18.810000000000002
18.560000000000002
14.48
16.57
15.11
12.91
17.73
15.57
16.94
15.270000000000001
15.21
18.909999999999997
16.8
15.999999999999998
19.509999999999998
15.16
17.66
13.170000000000002
17.56
17.23
23.32
18.57
20.779999999999998
14.03
16.35
14.66
15.17
13.22
11.81
14.57
17.82
11.91
15.09
10.3
15.61
16.54
17.38
15.58
17.29
21.45
17.17
13.2
16.98
15.950000000000001
13.229999999999999
18.599999999999998
14.639999999999999
16.76
16.05
18.61
13.91
16.150000000000002
17.509999999999998
14.060000000000002
13.350000000000001
15.750000000000002
21.19
13.74
13.3
15.500000000000002
15.59
17.98
19.16
17.88
16.13
18.240000000000002
14.509999999999998
16.5
18.72
18.41
17.28
14.6
12.91
15.55
17.38
18.8
18.52
24.79
17.080000000000002
15.58
14.68
20.8
16.78
15.21
12.760000000000002
16.709999999999997
18.62
16.07
13.559999999999999
15.94
15.73
18.869999999999997
20.56
14.559999999999999
15.87
14.900000000000002
17.419999999999998
20.33
13.77
15.680000000000001
17.52
12.909999999999998
19.560000000000002
16.389999999999997
14.910000000000002
16.3
14.649999999999999
19.94
13.530000000000001
16.669999999999998
16.450000000000003
13.05
15.930000000000001
17.88
12.629999999999999
18.88
17.26
14.39
15.25
18.11
19.439999999999998
18.01
17.79
17.700000000000003
15.969999999999999
17.259999999999998
20.470000000000002
16.990000000000002
13.969999999999999
14.650000000000002
15.649999999999999
11.27
12.809999999999999
14.92
14.79
18.36
14.120000000000001
14.87
15.19
14.61
21.63
17.8
12.829999999999998
15.71
15.120000000000001
16.729999999999997
17.86
15.35
17.310000000000002
14.81
16.71
15.989999999999998
14.54
19.32
18.340000000000003
13.169999999999998
14.95
16.959999999999997
16.060000000000002
13.26
13.52
12.540000000000001
12.54
12.910000000000002
13.530000000000001
15.549999999999999
17.32
16.84
23.13
14.16
14.760000000000002
21.95
12.930000000000001
12.4
13.51
17.04
16.81
12.26
12.989999999999998
14.61
26.27
15.51
18.92
18.15
25.82
12.88
17.599999999999998
17.240000000000002
16.77
14.27
16.05
13.66
16.92
16.979999999999997
19.87
12.93
16.95
15.999999999999998
14.15
19.02
15.78
15.21
13.83
18.46
14.160000000000002
16.67
17.9
17.65
18.6
16.91
18.52
16.42
15.04
17.86
24.22
18.4
24.68
15.629999999999999
17.01
18.459999999999997
21.02
17.16
25.0
15.94
14.57
15.82
13.739999999999998
19.380000000000003
14.41
13.86
15.540000000000001
25.729999999999997
16.51
16.91
12.670000000000002
15.729999999999999
33.11
16.779999999999998
16.16
16.24
12.2
16.259999999999998
14.780000000000001
15.02
14.77
13.360000000000001
13.19
13.499999999999998
16.46
14.47
16.75
13.51
23.3
56.92
17.77
13.459999999999999
18.08
12.07
17.47
17.85
16.31
15.52
15.860000000000001
16.31
15.84
19.090000000000003
19.14
16.59
14.37
18.150000000000002
15.07
20.9
18.39
17.92
14.110000000000001
15.17
18.479999999999997
14.389999999999999
17.759999999999998
17.360000000000003
11.57
14.729999999999999
13.16
17.400000000000002
13.18
14.61
64.36
17.209999999999997
16.22
17.6
15.639999999999999
15.81
17.439999999999998
17.46
14.170000000000002
13.529999999999998
13.2
13.0
16.16
11.77
15.78
18.57
15.719999999999999
12.96
15.6
17.64
13.360000000000001
18.45
14.72
15.54
13.35
17.48
15.079999999999998
13.63
15.910000000000002
22.03
17.17
13.17
14.689999999999998
16.16
21.6
14.86
17.540000000000003
17.810000000000002
17.529999999999998
16.11
16.61
18.02
16.79
13.62
16.810000000000002
18.340000000000003
15.27
17.16
17.8
22.12
16.83
20.68
14.96
12.73
17.540000000000003
14.559999999999999
12.879999999999999
14.709999999999999
16.96
13.490000000000002
13.549999999999999
16.959999999999997
13.42
15.610000000000001
21.810000000000002
11.97
16.279999999999998
17.5
20.360000000000003
20.619999999999997
16.8
17.88
13.870000000000001
60.86
16.22
21.18
19.979999999999997
13.649999999999999
18.62
14.76
17.259999999999998
17.27
21.919999999999998
15.780000000000001
13.9
19.990000000000002
16.689999999999998
18.91
19.08
14.489999999999998
14.200000000000001
18.39
17.759999999999998
21.27
14.229999999999999
13.71
15.580000000000002
16.6
17.78
13.659999999999998
15.8
15.910000000000002
18.35
18.21
17.67
18.11
18.459999999999997
18.83
14.219999999999999
15.849999999999998
14.43
17.15
14.719999999999999
17.93
17.040000000000003
15.15
59.07
13.360000000000001
14.2
14.35
16.52
20.349999999999998
13.570000000000002
15.120000000000001
13.340000000000002
12.44
31.61
18.25
14.510000000000002
15.14
18.53
16.78
12.570000000000002
14.26
16.27
17.08
13.159999999999998
13.66
19.38
17.98
16.21
16.51
15.419999999999998
13.13
15.009999999999998
20.13
14.870000000000001
18.259999999999998
17.01
15.25
15.66
16.81
14.17
17.59
13.54
17.45
16.54
15.219999999999999
17.110000000000003
56.07
13.5
59.32
19.85
17.48
17.810000000000002
14.959999999999999
18.310000000000002
17.62
14.719999999999999
14.55
16.12
14.739999999999998
17.310000000000002
16.76
14.41
16.32
19.330000000000002
15.57
18.38
13.63
14.26
18.49
17.209999999999997
13.310000000000002
22.28
18.880000000000003
18.1
17.95
15.950000000000001
18.87
19.84
13.44
16.830000000000002
13.82
13.320000000000002
17.92
14.170000000000002
14.549999999999999
16.54
15.85
16.57
14.09
15.83
11.67
15.319999999999999
13.899999999999999
21.35
12.620000000000001
14.3
17.509999999999998
12.120000000000001
18.32
13.51
15.92
16.15
20.28
24.28
14.18
13.989999999999998
18.240000000000002
16.09
16.560000000000002
14.04
17.1
15.32
15.260000000000002
15.07
17.830000000000002
14.62
17.43
14.21
13.240000000000002
15.989999999999998
16.03
17.27
21.39
25.55
17.439999999999998
15.889999999999999
15.83
12.829999999999998
19.79
17.01
14.830000000000002
20.38
16.67
17.08
17.779999999999998
13.6
17.54
16.17
13.71
18.729999999999997
14.33
18.400000000000002
13.879999999999999
17.389999999999997
13.989999999999998
16.2
14.540000000000001
18.59
12.9
16.110000000000003
18.099999999999998
13.75
15.950000000000001
15.010000000000002
17.62
20.02
18.720000000000002
17.91
14.260000000000002
16.89
24.42
17.779999999999998
18.03
14.599999999999998
26.02
15.670000000000002
16.91
14.719999999999999
14.379999999999999
13.149999999999999
16.220000000000002
16.08
22.18
16.25
16.86
62.51
20.099999999999998
17.75
15.660000000000002
65.11
14.560000000000002
15.129999999999999
18.09
22.11
17.23
16.0
14.02
17.02
13.46
15.57
15.04
15.17
16.369999999999997
11.98
18.73
14.63
12.56
13.88
18.21
18.240000000000002
26.18
14.57
59.22
15.48
16.189999999999998
15.36
20.36
15.97
17.689999999999998
19.15
16.87
17.33
16.119999999999997
13.170000000000002
23.080000000000002
26.89
18.85
17.07
16.810000000000002
16.47
13.99
13.510000000000002
12.879999999999999
13.190000000000001
58.77
13.170000000000002
13.37
13.780000000000001
13.470000000000002
15.98
15.11
13.89
16.87
13.590000000000002
18.65
16.0
17.9
16.23
18.700000000000003
15.55
14.25
19.1
16.18
58.77
14.549999999999999
15.200000000000001
17.82
16.25
18.8
12.08
17.51
19.4
17.259999999999998
16.87
13.83
21.68
25.729999999999997
14.840000000000002
14.78
17.51
15.829999999999998
13.729999999999999
14.299999999999999
15.549999999999999
15.24
22.02
12.75
18.69
15.72
16.27
13.2
13.96
17.52
14.290000000000001
17.07
19.529999999999998
15.85
15.020000000000001
15.59
15.25
18.91
16.81
16.27
14.6
17.67
15.55
21.0
22.54
19.24
17.900000000000002
16.049999999999997
15.689999999999998
21.87
16.57
18.79
29.040000000000003
16.12
13.86
17.11
13.59
22.28
29.979999999999997
17.23
15.75
16.16
12.92
22.979999999999997
14.64
21.150000000000002
13.09
12.999999999999998
17.69
13.42
13.91
13.09
16.540000000000003
12.940000000000001
13.5
18.64
21.35
13.48
15.63
17.18
13.069999999999999
15.73
17.96
21.88
14.77
16.79
21.57
14.72
14.089999999999998
16.34
16.55
13.540000000000001
13.909999999999998
15.750000000000002
22.68
13.51
20.35
17.55
17.12
19.580000000000002
24.69
15.870000000000001
18.61
16.63
16.16
16.549999999999997
13.799999999999999
15.260000000000002
16.07
14.470000000000002
13.920000000000002
17.799999999999997
21.05
20.21
17.310000000000002
16.919999999999998
15.56
19.02
14.04
17.48
16.51
16.74
16.46
19.029999999999998
17.56
27.09
15.59
16.88
13.25
16.25
15.32
14.899999999999999
25.529999999999998
17.52
20.92
16.73
15.180000000000001
13.139999999999999
14.889999999999999
22.28
22.87
17.74
14.13
18.689999999999998
20.830000000000002
16.31
17.82
21.529999999999998
15.350000000000001
18.42
13.27
18.16
18.49
15.030000000000001
12.77
14.98
19.669999999999998
18.05
16.57
16.7
14.68
17.56
12.68
14.53
17.06
17.9
17.12
13.53
19.88
53.87
18.16
21.299999999999997
15.110000000000001
16.419999999999998
14.999999999999998
15.219999999999999
14.089999999999998
11.82
18.0
13.910000000000002
17.79
17.61
11.899999999999999
19.34
16.44
24.38
18.61
19.39
14.32
17.31
15.31
17.66
13.43
13.56
17.7
16.63
16.26
15.459999999999999
16.4
14.53
16.07
13.079999999999998
15.32
19.33
15.3
23.53
14.399999999999999
15.620000000000001
18.65
21.479999999999997
14.419999999999998
17.490000000000002
16.53
15.97
11.989999999999998
17.36
16.830000000000002
13.219999999999999
12.77
18.380000000000003
14.100000000000001
15.94
17.45
15.399999999999999
17.03
16.61
14.93
12.42
15.740000000000002
22.55
17.189999999999998
19.47
11.76
15.11
16.48
16.81
17.97
19.660000000000004
19.06
12.84
16.419999999999998
13.02
17.09
13.67
16.98
13.679999999999998
20.62
15.02
23.29
17.67
17.470000000000002
17.330000000000002
15.089999999999998
26.79
17.59
18.259999999999998
13.310000000000002
13.120000000000001
12.879999999999999
16.189999999999998
17.35
15.05
15.809999999999999
15.329999999999998
16.27
16.91
17.14
14.6
15.1
20.599999999999998
17.25
13.759999999999998
19.08
13.96
15.719999999999999
14.64
15.66
17.54
14.44
17.209999999999997
14.24
13.81
15.82
13.49
23.35
13.56
17.47
13.059999999999999
18.009999999999998
13.88
12.799999999999999
15.900000000000002
16.81
16.349999999999998
17.9
13.41
12.959999999999999
18.159999999999997
18.67
17.509999999999998
17.330000000000002
16.869999999999997
17.4
13.299999999999999
19.67
17.32
14.89
17.560000000000002
17.279999999999998
16.98
18.87
14.120000000000001
17.3
12.299999999999999
13.96
14.71
15.7
15.62
15.719999999999999
13.260000000000002
16.62
18.85
18.43
18.56
30.740000000000002
13.479999999999999
17.5
16.8
13.61
13.92
18.9
19.380000000000003
15.01
13.659999999999998
12.9
18.18
14.82
12.659999999999998
17.97
13.059999999999999
17.88
16.8
18.67
16.07
15.299999999999999
13.049999999999999
15.200000000000001
15.75
13.459999999999999
17.73
17.09
16.73
25.58
16.3
16.81
17.3
11.73
19.71
11.85
13.559999999999999
13.260000000000002
15.340000000000002
15.11
13.39
21.05
16.9
13.310000000000002
16.89
15.779999999999998
17.68
17.75
13.52
17.67
15.12
13.350000000000001
14.989999999999998
18.340000000000003
16.66
13.010000000000002
15.91
13.45
16.259999999999998
15.27
16.11
14.729999999999999
12.219999999999999
14.720000000000002
17.21
16.41
16.83
60.67
17.12
12.24
16.35
13.049999999999999
16.810000000000002
14.02
17.36
16.32
13.83
14.950000000000001
14.389999999999999
11.57
13.77
13.69
22.88
12.21
13.559999999999999
16.66
14.29
15.74
15.94
16.64
13.809999999999999
15.31
12.940000000000001
14.79
20.27
19.37
16.82
16.91
16.68
15.73
15.239999999999998
18.6
14.03
15.38
14.35
19.38
22.49
14.099999999999998
15.94
16.09
14.860000000000001
14.33
16.48
17.25
18.5
43.47
19.53
16.490000000000002
14.26
12.690000000000001
12.979999999999999
15.36
18.869999999999997
12.32
14.809999999999999
18.2
20.389999999999997
17.63
14.51
14.3
17.900000000000002
19.52
18.78
15.190000000000001
18.08
14.59
12.760000000000002
20.52
13.759999999999998
14.9
15.42
14.61
24.37
15.16
12.67
16.65
15.58
18.77
17.02
17.34
12.71
26.78
15.290000000000001
18.26
17.650000000000002
13.98
13.240000000000002
16.83
13.62
14.829999999999998
14.27
21.040000000000003
13.839999999999998
17.48
21.939999999999998
18.51
15.409999999999998
15.010000000000002
14.53
15.52
12.15
21.48
13.84
23.43
59.92
13.419999999999998
15.91
17.42
18.36
17.869999999999997
11.41
17.42
18.03
14.940000000000001
22.71
14.51
18.6
16.38
19.330000000000002
16.41
12.57
63.36
18.1
15.58
16.8
16.75
18.52
16.52
13.98
16.9
17.62
20.05
19.16
18.740000000000002
21.54
16.54
13.4
18.36
11.47
18.75
15.309999999999999
18.32
18.11
14.540000000000001
17.349999999999998
15.760000000000002
19.98
14.709999999999999
18.09
15.510000000000002
18.669999999999998
15.350000000000001
13.829999999999998
13.28
17.939999999999998
13.79
14.030000000000001
16.459999999999997
17.42
18.869999999999997
14.870000000000001
19.95
15.55
12.34
15.39
14.48
11.89
14.96
17.439999999999998
14.34
16.64
14.51
20.349999999999998
17.240000000000002
14.350000000000001
17.04
13.65
15.4
17.049999999999997
16.11
13.819999999999999
13.700000000000001
15.979999999999999
14.0
16.62
16.96
12.25
17.26
16.020000000000003
13.040000000000001
14.93
16.87
17.16
61.01
17.71
14.46
14.799999999999999
13.970000000000002
14.200000000000001
14.430000000000001
16.09
18.91
12.150000000000002
16.02
15.68
25.020000000000003
16.68
16.37
15.629999999999999
15.670000000000002
17.43
15.469999999999999
60.36
14.2
16.080000000000002
16.919999999999998
58.57
18.700000000000003
26.18
17.81
14.14
11.629999999999999
13.329999999999998
15.479999999999999
13.459999999999999
16.459999999999997
21.17
16.5
13.89
28.28
15.899999999999999
16.51
15.52
15.11
17.29
14.459999999999999
13.069999999999999
16.720000000000002
14.200000000000001
14.86
16.62
17.759999999999998
12.9
16.75
16.669999999999998
16.97
15.370000000000001
17.05
17.39
14.57
11.17
16.22
60.07
16.07
17.91
14.7
18.22
13.43
13.3
16.9
19.21
14.13
17.94
15.870000000000001
14.76
15.790000000000001
15.069999999999999
17.49
17.12
14.760000000000002
13.27
18.58
13.989999999999998
15.969999999999999
16.97
13.43
16.810000000000002
14.79
18.73
22.529999999999998
13.8
16.27
17.23
15.689999999999998
18.16
14.64
18.15
12.85
12.809999999999999
15.010000000000002
28.029999999999998
17.509999999999998
15.73
15.530000000000001
17.09
14.93
17.560000000000002
14.999999999999998
18.36
17.44
16.759999999999998
14.58
13.110000000000001
16.830000000000002
16.55
12.940000000000001
11.459999999999999
16.68
17.73
16.68
17.419999999999998
16.8
18.37
17.78
16.13
16.86
16.21
18.57
15.0
18.619999999999997
15.600000000000001
16.62
16.63
13.180000000000001
11.38
18.369999999999997
15.68
18.36
17.27
12.86
17.01
17.23
14.69
17.099999999999998
15.059999999999999
15.5
18.119999999999997
16.17
12.9
23.979999999999997
19.979999999999997
13.35
17.619999999999997
20.67
19.23
17.939999999999998
18.01
18.720000000000002
14.55
16.28
13.36
21.03
20.89
20.72
15.959999999999999
59.22
18.259999999999998
17.46
15.71
17.840000000000003
16.46
16.34
18.86
24.119999999999997
15.1
13.989999999999998
13.91
14.05
13.96
14.059999999999999
17.970000000000002
14.010000000000002
18.77
12.95
14.13
14.610000000000001
17.22
16.46
14.95
18.39
17.91
13.3
24.15
21.83
20.6
24.45
14.46
21.279999999999998
17.66
16.459999999999997
15.350000000000001
15.419999999999998
17.35
13.159999999999998
17.41
13.88
17.69
16.38
16.01
49.12
19.38
20.810000000000002
17.39
14.649999999999999
18.58
14.91
18.200000000000003
14.299999999999999
15.489999999999998
22.0
17.43
19.22
12.200000000000001
14.81
14.67
13.49
14.709999999999999
18.81
12.919999999999998
14.059999999999999
17.790000000000003
14.120000000000001
15.989999999999998
14.33
17.71
17.52
21.87
18.52
16.79
16.59
17.810000000000002
17.29
16.89
15.22
16.0
21.68
18.4
16.59
18.36
14.36
18.07
13.81
16.25
19.18
19.59
15.92
18.259999999999998
12.72
16.03
18.0
12.940000000000001
17.669999999999998
14.669999999999998
18.53
21.22
14.67
17.38
15.900000000000002
16.81
18.37
20.160000000000004
14.58
16.96
13.670000000000002
14.08
18.91
17.34
14.33
16.110000000000003
15.57
15.659999999999998
17.96
17.979999999999997
20.46
17.259999999999998
17.77
15.690000000000001
18.81
15.22
18.060000000000002
20.82
17.4
18.24
16.45
14.629999999999999
13.250000000000002
18.669999999999998
16.48
13.34
14.32
17.93
15.41
14.77
15.899999999999999
16.98
14.340000000000002
20.360000000000003
19.37
30.479999999999997
18.14
21.62
13.01
15.120000000000001
18.02
18.089999999999996
15.600000000000001
15.400000000000002
12.91
17.689999999999998
16.830000000000002
16.66
16.020000000000003
16.47
14.04
16.71
16.36
18.060000000000002
12.95
21.44
14.820000000000002
17.330000000000002
17.01
17.4
16.95
17.55
13.96
14.739999999999998
15.84
11.540000000000001
18.810000000000002
17.34
13.64
24.589999999999996
19.43
18.15
16.6
18.45
16.86
15.18
16.85
25.58
18.45
22.580000000000002
14.23
13.56
17.759999999999998
14.059999999999999
14.510000000000002
18.28
15.120000000000001
15.989999999999998
22.61
14.59
15.52
14.26
15.030000000000001
15.25
14.12
18.21
16.560000000000002
16.09
17.810000000000002
17.8
14.339999999999998
18.04
15.88
17.959999999999997
15.25
29.53
19.68
16.73
18.619999999999997
22.08
22.15
17.830000000000002
20.07
14.86
15.84
14.509999999999998
19.38
15.010000000000002
18.96
18.400000000000002
13.459999999999999
16.82
17.599999999999998
23.98
14.500000000000002
24.64
16.96
14.370000000000001
18.72
15.11
19.11
13.81
15.7
15.47
13.93
13.989999999999998
15.03
18.8
13.920000000000002
27.17
13.02
13.200000000000001
15.759999999999998
15.149999999999999
21.14
15.370000000000001
16.56
16.450000000000003
14.46
13.919999999999998
17.36
15.749999999999998
17.4
20.630000000000003
12.77
15.629999999999999
15.4
14.83
15.309999999999999
16.09
17.849999999999998
20.2
19.15
14.219999999999999
13.599999999999998
19.4
22.880000000000003
14.450000000000001
16.12
25.68
16.85
30.93
17.020000000000003
19.11
24.87
14.35
15.989999999999998
14.66
14.97
13.590000000000002
64.11
18.549999999999997
14.8
15.25
13.29
21.51
14.559999999999999
13.6
16.21
14.5
14.2
17.82
16.720000000000002
15.32
16.04
14.850000000000001
17.98
12.64
18.450000000000003
19.32
13.520000000000001
14.27
16.849999999999998
13.830000000000002
14.46
17.24
18.810000000000002
13.29
14.35
17.1
62.91
32.83
54.42
14.829999999999998
21.659999999999997
14.94
16.5
18.700000000000003
14.520000000000001
16.46
14.500000000000002
13.84
17.86
17.07
13.309999999999999
22.380000000000003
18.27
19.490000000000002
17.05
14.56
17.54
18.24
14.089999999999998
15.719999999999999
17.13
16.7
17.810000000000002
17.099999999999998
11.86
15.04
55.77
19.35
14.73
12.649999999999999
17.71
16.470000000000002
14.69
16.7
20.419999999999998
16.48
16.849999999999998
13.93
17.009999999999998
20.08
18.130000000000003
18.39
16.08
15.81
15.020000000000001
14.93
14.309999999999999
16.0
16.64
16.279999999999998
12.53
17.520000000000003
16.98
12.71
14.4
21.580000000000002
12.87
14.29
18.130000000000003
20.45
15.129999999999999
15.009999999999998
18.31
15.620000000000001
18.009999999999998
14.95
15.309999999999999
14.66
15.739999999999998
16.209999999999997
14.970000000000002
13.52
15.450000000000001
22.52
65.61
16.669999999999998
15.68
12.61
13.73
20.470000000000002
13.34
17.42
19.12
16.27
13.219999999999999
18.25
17.04
15.71
16.96
13.989999999999998
17.11
14.49
16.799999999999997
15.3
20.049999999999997
16.6
22.78
15.64
17.38
14.23
18.849999999999998
13.910000000000002
17.509999999999998
18.35
11.22
53.37
66.31
15.720000000000002
16.759999999999998
18.42
16.45
15.510000000000002
15.33
18.65
19.82
14.93
20.78
19.7
19.37
28.31
13.73
16.330000000000002
15.67
14.909999999999998
13.280000000000001
15.21
15.86
14.66
22.91
14.620000000000001
15.870000000000001
12.690000000000001
14.749999999999998
13.61
16.56
16.02
13.139999999999999
26.59
15.61
16.68
18.97
21.459999999999997
20.18
17.13
14.0
14.88
14.72
17.99
22.87
14.92
15.54
20.25
13.93
17.63
16.63
15.840000000000002
14.560000000000002
15.030000000000001
13.67
15.059999999999999
17.12
14.17
17.21
13.43
16.3
17.990000000000002
14.370000000000001
19.220000000000002
17.65
17.779999999999998
14.530000000000001
15.409999999999998
13.91
18.479999999999997
16.76
29.59
17.7
16.75
14.200000000000001
14.350000000000001
16.58
14.39
13.79
12.61
14.089999999999998
26.57
13.9
17.84
14.520000000000001
20.45
16.37
13.069999999999999
15.02
14.71
17.22
12.6
16.0
13.49
14.36
21.659999999999997
15.41
15.2
18.159999999999997
15.31
15.790000000000001
17.52
16.009999999999998
16.810000000000002
16.86
14.649999999999999
16.36
14.919999999999998
16.92
17.17
17.25
14.720000000000002
19.48
14.06
16.849999999999998
17.43
17.650000000000002
14.739999999999998
21.62
22.29
14.219999999999999
21.33
16.27
15.360000000000001
16.18
19.76
15.39
12.91
16.47
15.26
18.79
14.04
18.98
15.12
12.840000000000002
12.82
17.39
16.12
15.450000000000001
24.45
18.970000000000002
17.889999999999997
14.03
16.029999999999998
13.93
15.509999999999998
15.669999999999998
17.58
16.91
15.219999999999999
19.19
19.979999999999997
14.63
18.229999999999997
18.06
20.029999999999998
14.27
14.509999999999998
13.379999999999999
12.81
18.330000000000002
16.74
16.39
14.649999999999999
28.59
54.67
16.3
17.580000000000002
14.16
15.260000000000002
32.03
15.969999999999999
17.17
12.65
13.299999999999999
18.36
14.88
14.52
21.69
16.68
14.219999999999999
13.600000000000001
12.649999999999999
64.66
17.259999999999998
16.11
10.709999999999999
17.450000000000003
16.67
22.73
14.11
17.35
18.619999999999997
21.290000000000003
17.52
18.32
18.13
15.810000000000002
14.349999999999998
17.6
18.41
20.68
15.700000000000001
15.35
16.79
15.71
15.549999999999999
17.13
17.32
17.02
19.28
18.54
17.17
15.08
16.57
13.8
17.43
18.080000000000002
16.76
14.86
15.3
15.39
16.38
18.47
18.5
16.38
13.5
16.4
14.94
20.63
13.620000000000001
14.820000000000002
16.34
14.76
18.26
14.959999999999999
21.73
13.48
18.95
14.46
15.309999999999999
15.62
16.91
12.76
16.459999999999997
14.79
14.34
31.44
15.89
22.87
15.95
18.37
15.819999999999999
14.38
14.549999999999999
14.91
16.92
20.509999999999998
12.4
17.97
24.81
17.669999999999998
16.71
24.88
17.35
19.48
19.1
24.06
17.6
18.09
14.69
16.64
14.98
20.1
13.829999999999998
16.049999999999997
17.439999999999998
15.530000000000001
13.32
13.96
16.889999999999997
17.46
15.739999999999998
18.09
18.64
19.11
17.59
18.12
16.16
13.91
15.749999999999998
17.970000000000002
17.48
16.33
19.71
21.69
16.439999999999998
18.87
15.200000000000001
58.17
15.820000000000002
14.559999999999999
17.970000000000002
16.25
15.610000000000001
13.5
13.27
13.559999999999999
24.13
13.709999999999999
16.86
17.44
13.760000000000002
15.7
18.07
16.24
12.030000000000001
16.810000000000002
15.100000000000001
12.74
15.43
21.36
14.850000000000001
17.4
25.619999999999997
12.98
18.64
17.689999999999998
14.740000000000002
14.92
14.53
16.62
16.3
14.09
20.2
20.1
20.650000000000002
14.620000000000001
18.23
17.18
18.8
20.48
24.18
16.37
15.639999999999999
13.510000000000002
15.17
15.29
18.86
12.69
17.09
14.8
17.51
18.98
13.499999999999998
18.53
24.55
15.010000000000002
14.37
16.169999999999998
12.379999999999999
13.57
12.34
19.61
13.78
14.909999999999998
21.14
15.79
13.760000000000002
17.810000000000002
13.4
13.190000000000001
14.61
18.74
14.649999999999999
16.71
17.09
15.780000000000001
16.61
14.120000000000001
11.239999999999998
18.990000000000002
19.14
17.11
18.06
17.9
14.299999999999999
15.560000000000002
16.599999999999998
18.509999999999998
18.12
13.37
15.559999999999999
59.42
17.06
16.46
16.419999999999998
15.920000000000002
18.150000000000002
14.530000000000001
12.57
14.760000000000002
14.989999999999998
15.08
15.99
15.21
15.34
13.489999999999998
15.919999999999998
15.36
15.86
12.239999999999998
18.31
13.409999999999998
19.029999999999998
18.09
23.459999999999997
24.77
30.63
13.64
15.23
11.95
14.910000000000002
17.410000000000004
14.52
13.399999999999999
17.11
16.66
18.21
31.16
15.64
16.32
16.72
17.78
18.490000000000002
17.34
17.65
18.77
13.919999999999998
19.259999999999998
19.029999999999998
16.77
15.54
22.889999999999997
18.34
19.21
18.78
18.72
17.189999999999998
14.010000000000002
15.940000000000001
15.010000000000002
11.94
60.57
14.219999999999999
18.47
16.45
14.459999999999999
17.599999999999998
16.39
19.02
17.7
20.61
14.870000000000001
13.120000000000001
13.42
13.430000000000001
16.77
16.02
20.06
13.62
16.810000000000002
17.65
14.489999999999998
16.55
13.0
13.540000000000001
15.080000000000002
15.57
13.160000000000002
17.369999999999997
16.63
19.650000000000002
21.810000000000002
12.94
33.379999999999995
12.95
14.84
13.59
15.440000000000001
17.02
15.509999999999998
20.400000000000002
15.790000000000001
16.63
66.31
13.66
18.4
17.020000000000003
12.9
15.76
13.299999999999999
15.34
14.41
20.59
16.45
18.11
17.31
12.77
23.08
15.149999999999999
18.14
13.93
18.840000000000003
16.810000000000002
15.5
16.52
17.41
18.45
17.790000000000003
15.53
19.490000000000002
18.12
13.56
14.319999999999999
18.08
16.96
16.01
16.84
31.94
15.350000000000001
14.75
16.71
17.62
17.29
19.85
13.569999999999999
15.18
17.52
16.82
18.64
18.590000000000003
13.12
16.860000000000003
24.93
12.89
14.0
13.870000000000001
19.259999999999998
23.12
12.969999999999999
16.32
18.939999999999998
12.53
16.650000000000002
13.21
17.130000000000003
13.01
14.75
13.309999999999999
12.7
17.200000000000003
27.02
14.920000000000002
15.28
13.809999999999999
16.599999999999998
18.55
55.47
18.099999999999998
18.52
20.310000000000002
16.91
15.57
16.38
13.33
16.75
12.820000000000002
15.74
21.93
13.47
16.27
17.09
16.37
15.9
23.08
17.26
15.65
17.990000000000002
16.05
12.790000000000001
16.71
18.189999999999998
13.11
17.529999999999998
17.990000000000002
14.510000000000002
18.68
15.71
16.259999999999998
25.33
20.57
22.12
18.509999999999998
11.63
16.55
14.399999999999999
12.819999999999999
9.94
22.240000000000002
14.969999999999999
16.35
25.57
15.740000000000002
22.4
16.240000000000002
13.759999999999998
16.01
13.76
16.96
15.36
16.96
15.0
13.96
16.79
15.680000000000001
17.92
19.11
17.07
20.7
15.71
17.639999999999997
18.549999999999997
16.19
15.82
27.91
13.370000000000001
17.2
15.31
18.63
19.73
15.32
16.03
13.81
20.939999999999998
16.9
18.85
21.09
14.21
13.989999999999998
18.92
17.39
18.79
12.12
16.759999999999998
14.83
21.87
16.27
17.81
13.459999999999999
17.57
17.22
19.17
16.009999999999998
17.86
12.86
17.919999999999998
14.15
13.66
12.459999999999999
16.17
17.21
15.9
13.82
16.72
12.540000000000001
15.75
19.14
18.38
15.07
16.47
16.41
18.91
19.24
24.18
17.17
16.55
16.93
20.389999999999997
16.07
12.96
15.470000000000002
17.51
15.790000000000001
14.69
15.23
18.01
13.56
15.12
12.540000000000001
17.91
15.089999999999998
18.110000000000003
17.700000000000003
14.71
18.83
14.58
17.17
16.959999999999997
17.1
15.51
14.25
16.919999999999998
16.549999999999997
16.68
18.700000000000003
18.89
18.13
15.810000000000002
17.32
19.99
14.54
19.03
16.49
20.21
19.37
16.810000000000002
15.46
16.78
14.780000000000001
21.77
16.13
21.05
16.869999999999997
11.44
17.41
16.63
14.979999999999999
15.09
16.76
14.299999999999999
15.150000000000002
18.490000000000002
14.17
17.8
25.65
12.09
16.16
16.08
14.559999999999999
13.68
13.41
18.740000000000002
15.879999999999999
18.01
13.75
22.770000000000003
13.29
15.96
14.709999999999999
14.989999999999998
17.459999999999997
15.41
16.279999999999998
16.04
21.23
20.64
15.15
15.399999999999999
18.85
19.4
18.380000000000003
17.75
14.06
21.63
16.51
13.96
12.69
14.92
16.83
18.37
17.13
16.810000000000002
13.459999999999999
18.630000000000003
17.03
17.29
18.28
17.240000000000002
14.43
17.95
10.34
17.27
17.5
16.01
17.39
20.63
14.91
15.41
20.36
15.459999999999999
13.89
15.379999999999999
27.73
15.47
14.7
17.21
19.299999999999997
13.91
16.540000000000003
15.020000000000001
15.959999999999999
17.63
13.87
23.05
14.709999999999999
16.46
21.35
13.309999999999999
12.66
17.689999999999998
15.52
16.01
15.969999999999999
16.06
16.46
13.03
13.67
13.510000000000002
17.99
14.919999999999998
17.72
16.849999999999998
17.94
14.16
16.66
15.11
16.599999999999998
13.99
20.49
16.84
14.190000000000001
16.16
17.32
15.28
13.339999999999998
15.459999999999999
12.629999999999999
18.810000000000002
14.38
23.13
14.860000000000001
13.930000000000001
15.209999999999999
32.86
21.68
15.12
13.159999999999998
18.36
16.990000000000002
13.18
22.73
18.43
18.28
25.17
17.15
16.02
17.98
14.94
14.77
17.28
14.049999999999999
19.93
17.810000000000002
18.36
20.62
17.259999999999998
20.18
18.330000000000002
13.18
16.74
14.559999999999999
14.239999999999998
18.63
18.28
16.12
14.02
18.380000000000003
10.35
14.940000000000001
17.03
16.71
13.95
18.340000000000003
15.150000000000002
20.37
15.059999999999999
14.829999999999998
16.64
21.3
17.950000000000003
17.8
21.87
17.07
18.11
17.76
14.69
17.17
15.260000000000002
23.63
15.420000000000002
14.86
16.0
17.86
13.689999999999998
15.610000000000001
13.13
19.08
17.62
21.87
20.59
21.48
16.18
18.110000000000003
13.11
13.549999999999999
21.78
15.919999999999998
14.409999999999998
18.04
14.76
13.78
13.950000000000001
17.009999999999998
29.33
15.040000000000001
16.93
14.51
13.969999999999999
18.59
17.779999999999998
13.27
28.04
13.81
15.32
12.79
12.36
16.939999999999998
17.47
18.31
18.869999999999997
17.13
20.57
17.509999999999998
13.62
14.950000000000001
14.229999999999999
15.06
16.79
19.46
15.719999999999999
14.71
15.8
16.53
14.66
15.350000000000001
18.05
14.14
18.029999999999998
14.66
16.56
12.54
18.0
17.41
14.160000000000002
14.36
15.079999999999998
17.38
16.23
17.139999999999997
18.05
13.690000000000001
15.219999999999999
18.75
19.61
33.36
16.63
15.21
13.839999999999998
17.01
17.57
17.89
17.99
15.759999999999998
14.27
17.21
14.290000000000001
17.32
18.83
21.52
20.92
17.119999999999997
11.5
12.18
15.889999999999999
20.200000000000003
14.540000000000001
13.350000000000001
30.71
21.38
21.200000000000003
17.61
17.25
23.53
25.23
29.03
16.259999999999998
12.280000000000001
16.639999999999997
13.91
12.74
16.78
18.990000000000002
16.93
17.45
14.4
16.64
17.68
18.61
13.87
16.73
15.25
15.160000000000002
17.849999999999998
21.34
16.16
19.88
18.709999999999997
13.510000000000002
13.93
13.25
12.860000000000001
15.670000000000002
14.419999999999998
14.27
16.0
14.11
15.7
16.3
14.739999999999998
18.18
14.36
15.889999999999999
17.72
12.64
17.23
19.16
15.02
17.63
21.220000000000002
18.57
18.05
15.170000000000002
13.149999999999999
17.62
18.77
18.5
23.63
24.06
14.020000000000001
31.39
13.22
16.45
14.919999999999998
21.09
16.48
15.61
16.150000000000002
16.060000000000002
17.2
16.91
17.939999999999998
14.97
17.580000000000002
20.36
14.39
15.02
17.84
14.020000000000001
13.66
15.27
14.5
14.16
15.19
15.98
16.49
24.77
12.89
14.95
16.14
15.92
17.04
16.36
17.32
19.48
18.81
18.24
13.32
16.67
13.23
15.309999999999999
16.31
14.36
17.24
16.330000000000002
18.78
17.439999999999998
16.39
15.209999999999999
17.5
14.940000000000001
16.32
16.47
18.240000000000002
12.99
13.98
18.9
15.280000000000001
17.080000000000002
15.36
13.5
59.17
17.42
18.78
17.29
13.0
13.250000000000002
13.57
13.870000000000001
16.16
14.259999999999998
32.18
13.81
18.689999999999998
15.61
12.36
22.3
17.34
18.580000000000002
17.61
13.3
14.410000000000002
24.759999999999998
17.770000000000003
23.02
18.310000000000002
12.54
12.33
15.37
14.43
15.92
16.0
14.84
14.989999999999998
18.2
17.259999999999998
23.23
15.0
18.23
13.310000000000002
12.44
22.17
15.020000000000001
20.69
17.709999999999997
18.53
15.55
12.81
18.97
17.77
13.9
18.8
19.23
13.799999999999999
16.13
14.24
17.330000000000002
15.36
22.08
13.78
16.09
13.37
16.11
17.73
16.87
17.14
11.899999999999999
16.810000000000002
12.260000000000002
17.71
18.66
14.92
12.12
25.090000000000003
13.139999999999999
18.68
17.28
16.389999999999997
17.09
15.32
14.879999999999999
15.840000000000002
16.13
18.05
18.81
15.27
18.65
17.55
15.09
16.080000000000002
14.32
16.259999999999998
21.68
16.45
22.63
14.549999999999999
14.759999999999998
15.7
13.740000000000002
14.389999999999999
18.51
15.79
16.69
17.3
13.200000000000001
17.96
14.61
16.43
14.02
13.919999999999998
17.290000000000003
14.010000000000002
16.81
19.779999999999998
16.35
19.37
17.77
14.82
11.32
16.45
17.58
18.580000000000002
20.400000000000002
16.89
17.21
16.62
28.729999999999997
21.07
15.78
14.510000000000002
31.840000000000003
14.489999999999998
15.77
18.080000000000002
20.25
15.81
17.26
15.07
17.24
13.419999999999998
13.62
12.75
12.67
18.32
14.36
14.23
15.149999999999999
17.36
13.28
16.55
13.29
13.059999999999999
15.299999999999999
15.379999999999999
31.18
17.02
12.15
19.380000000000003
15.659999999999998
19.81
18.1
14.18
16.36
12.34
16.060000000000002
16.29
15.31
16.8
16.35
17.13
14.139999999999999
12.55
14.68
21.520000000000003
14.660000000000002
15.620000000000001
15.259999999999998
17.88
17.22
26.23
17.82
20.130000000000003
15.77
15.59
16.59
16.3
16.13
25.65
14.010000000000002
13.82
16.03
14.63
14.08
15.639999999999999
13.940000000000001
13.08
18.339999999999996
16.89
16.77
13.01
13.68
13.69
15.790000000000001
18.59
16.36
16.979999999999997
23.5
14.879999999999999
16.25
15.249999999999998
14.260000000000002
13.61
16.51
15.24
13.04
17.5
14.840000000000002
25.33
16.34
12.79
18.16
17.35
16.73
16.79
16.61
16.32
22.43
16.45
20.68
15.819999999999999
12.560000000000002
13.920000000000002
28.81
14.190000000000001
14.209999999999999
13.88
14.889999999999999
15.35
14.219999999999999
21.32
13.29
23.92
18.43
13.52
15.82
14.559999999999999
13.34
12.2
16.150000000000002
16.92
16.77
11.969999999999999
14.55
22.13
13.32
18.52
17.16
17.62
15.91
20.04
18.240000000000002
14.360000000000001
15.2
20.06
18.970000000000002
15.569999999999999
11.56
16.529999999999998
18.52
14.05
15.790000000000001
14.079999999999998
15.100000000000001
16.45
14.5
13.669999999999998
14.9
16.349999999999998
13.55
15.27
13.799999999999999
14.350000000000001
16.85
15.61
21.62
17.689999999999998
12.86
14.12
17.96
17.240000000000002
12.41
30.790000000000003
20.220000000000002
19.16
21.43
14.409999999999998
22.529999999999998
17.220000000000002
16.71
17.08
19.11
15.06
13.809999999999999
14.479999999999999
18.909999999999997
17.040000000000003
15.57
14.9
20.729999999999997
20.419999999999998
17.009999999999998
15.600000000000001
14.7
17.13
27.99
15.16
15.45
13.939999999999998
17.740000000000002
12.7
14.919999999999998
12.510000000000002
14.669999999999998
26.9
18.56
14.5
20.53
14.9
16.669999999999998
23.139999999999997
16.900000000000002
19.16
13.92
18.009999999999998
14.58
16.349999999999998
14.82
18.14
14.39
44.82
14.129999999999999
18.950000000000003
15.900000000000002
19.07
17.44
16.36
17.080000000000002
16.43
15.36
13.91
12.430000000000001
20.46
19.68
15.12
12.61
18.56
28.38
18.17
14.850000000000001
16.47
15.239999999999998
15.020000000000001
14.19
13.68
15.970000000000002
17.39
17.28
14.830000000000002
17.36
21.59
15.530000000000001
15.189999999999998
15.71
13.35
18.91
13.120000000000001
17.77
22.58
17.110000000000003
14.21
14.259999999999998
19.54
13.12
15.13
14.44
9.889999999999999
17.85
14.899999999999999
14.47
13.969999999999999
18.59
21.7
15.389999999999999
18.43
16.08
25.67
15.189999999999998
16.169999999999998
13.5
20.18
14.350000000000001
21.27
12.41
15.660000000000002
13.899999999999999
12.249999999999998
17.9
13.62
18.73
12.86
12.86
14.280000000000001
14.079999999999998
21.48
13.89
19.79
13.51
17.220000000000002
16.39
20.01
13.620000000000001
15.71
18.21
16.68
13.57
17.93
14.599999999999998
17.62
14.899999999999999
16.67
15.219999999999999
12.95
18.49
18.06
21.69
18.09
14.950000000000001
13.879999999999999
14.17
16.18
17.3
14.309999999999999
16.37
17.389999999999997
12.96
14.219999999999999
16.38
15.080000000000002
17.23
17.47
14.030000000000001
13.42
14.4
12.76
15.959999999999999
13.44
15.02
17.51
18.28
14.639999999999999
17.330000000000002
15.44
15.879999999999999
17.42
15.030000000000001
17.220000000000002
12.11
25.43
16.82
21.21
12.02
17.45
16.639999999999997
14.249999999999998
11.899999999999999
25.18
14.41
12.77
15.89
15.08
13.26
17.81
18.3
14.760000000000002
13.59
18.57
15.4
15.35
12.16
13.62
14.469999999999999
24.08
19.439999999999998
19.3
23.689999999999998
15.549999999999999
17.37
18.14
17.13
13.77
19.08
18.439999999999998
16.67
15.360000000000001
15.530000000000001
15.339999999999998
17.330000000000002
13.709999999999999
12.06
18.96
15.16
16.53
11.739999999999998
17.92
20.5
14.56
16.0
16.34
17.46
18.95
26.78
15.889999999999999
13.459999999999999
17.66
15.75
17.38
15.09
13.259999999999998
17.779999999999998
13.889999999999999
14.999999999999998
13.549999999999999
13.27
18.13
17.28
18.419999999999998
14.270000000000001
19.5
15.57
11.65
12.799999999999999
14.45
12.7
19.1
17.26
21.5
20.759999999999998
11.71
20.82
19.09
14.709999999999999
13.03
17.59
16.91
16.02
15.61
13.96
16.64
17.18
16.31
13.649999999999999
15.32
30.83
17.07
17.110000000000003
13.790000000000001
18.009999999999998
14.47
12.2
18.470000000000002
17.73
14.840000000000002
17.61
20.05
13.06
14.379999999999999
14.1
15.59
14.469999999999999
19.400000000000002
18.03
15.42
13.3
15.75
17.169999999999998
13.6
13.36
16.52
16.259999999999998
18.07
18.17
15.36
15.18
16.11
18.830000000000002
14.62
15.470000000000002
14.31
15.790000000000001
18.46
16.76
11.239999999999998
16.92
14.76
17.49
18.909999999999997
23.419999999999998
17.29
16.17
15.629999999999999
19.09
22.09
16.64
16.41
17.33
13.77
13.02
18.700000000000003
15.850000000000001
13.46
12.370000000000001
15.370000000000001
16.38
14.02
15.370000000000001
11.47
16.34
16.91
18.52
24.08
17.74
16.74
13.409999999999998
16.88
12.75
14.56
19.160000000000004
17.799999999999997
20.650000000000002
23.18
17.42
17.01
15.31
16.58
13.790000000000001
14.5
18.29
13.780000000000001
17.689999999999998
16.69
17.18
15.280000000000001
16.81
32.96
15.69
15.32
18.75
15.690000000000001
15.250000000000002
19.41
18.69
22.83
20.560000000000002
18.72
18.659999999999997
15.419999999999998
19.74
19.020000000000003
17.470000000000002
15.860000000000001
15.98
18.990000000000002
14.8
14.060000000000002
15.389999999999999
13.22
11.44
21.93
20.92
16.62
18.78
17.93
16.15
14.399999999999999
15.96
17.36
13.840000000000002
19.12
21.229999999999997
16.38
21.009999999999998
13.469999999999999
26.78
18.27
17.060000000000002
18.21
16.02
18.75
16.8
13.87
18.720000000000002
14.03
17.43
15.899999999999999
16.38
17.740000000000002
15.820000000000002
15.679999999999998
13.870000000000001
14.329999999999998
14.96
14.25
19.38
20.34
12.93
14.319999999999999
14.28
15.299999999999999
17.86
21.12
15.52
18.23
17.6
14.2
11.83
12.8
24.13
15.410000000000002
14.23
15.32
16.52
14.12
15.36
16.92
18.919999999999998
19.22
15.909999999999998
15.490000000000002
19.080000000000002
17.020000000000003
18.25
13.989999999999998
13.08
19.46
16.64
17.02
14.34
17.96
15.37
16.9
15.450000000000001
19.169999999999998
20.279999999999998
19.2
13.97
15.120000000000001
22.87
17.209999999999997
18.22
24.880000000000003
18.8
14.99
16.35
26.44
15.659999999999998
16.869999999999997
23.63
18.299999999999997
15.530000000000001
12.9
14.43
17.29
12.13
12.28
12.52
14.45
12.93
17.540000000000003
21.05
22.72
12.36
14.29
17.85
30.029999999999998
15.75
18.47
16.86
14.120000000000001
18.089999999999996
17.060000000000002
13.99
23.22
17.49
16.02
16.810000000000002
15.27
12.889999999999999
16.31
15.000000000000002
14.28
18.619999999999997
14.870000000000001
13.6
13.639999999999999
44.02
12.900000000000002
16.369999999999997
11.7
17.12
12.87
18.75
13.36
28.18
16.799999999999997
13.25
14.489999999999998
13.86
15.610000000000001
18.91
13.57
12.239999999999998
15.21
16.35
12.639999999999999
13.399999999999999
17.83
15.530000000000001
18.4
15.71
17.82
13.920000000000002
13.459999999999999
14.079999999999998
16.82
17.86
25.44
23.03
19.310000000000002
17.13
22.160000000000004
13.77
19.669999999999998
15.14
15.350000000000001
18.630000000000003
18.520000000000003
18.200000000000003
13.75
27.63
16.900000000000002
16.16
19.299999999999997
13.91
18.01
17.71
14.95
16.369999999999997
18.97
13.52
19.44
20.77
14.399999999999999
12.569999999999999
16.08
14.91
20.150000000000002
17.49
14.59
17.86
18.099999999999998
17.540000000000003
15.009999999999998
17.16
18.299999999999997
13.420000000000002
14.43
18.6
11.63
15.419999999999998
17.799999999999997
13.51
13.830000000000002
13.46
16.44
16.15
17.46
17.64
12.32
16.98
14.17
14.77
17.009999999999998
12.19
21.689999999999998
29.68
17.259999999999998
15.51
23.13
17.38
24.68
14.780000000000001
14.479999999999999
17.459999999999997
14.63
12.17
15.27
14.370000000000001
14.520000000000001
17.860000000000003
17.330000000000002
18.55
16.470000000000002
16.46
15.16
15.649999999999999
12.639999999999999
13.22
18.87
12.389999999999999
17.11
18.27
13.13
14.620000000000001
21.62
16.91
13.780000000000001
15.34
18.43
13.309999999999999
13.88
22.13
14.92
14.22
14.459999999999999
17.87
14.36
22.439999999999998
13.470000000000002
32.03
17.26
16.03
15.22
17.06
13.459999999999999
14.69
14.04
23.979999999999997
12.899999999999999
14.849999999999998
16.25
13.01
14.87
16.95
19.13
16.97
18.3
14.910000000000002
15.809999999999999
17.84
17.81
13.74
12.67
15.66
15.18
13.48
19.439999999999998
16.17
15.32
17.64
20.5
14.91
18.060000000000002
15.0
18.75
16.46
14.58
13.27
14.529999999999998
16.25
14.12
16.27
15.66
14.459999999999999
16.53
16.51
17.41
13.3
17.17
17.41
18.72
18.04
14.01
18.44
26.67
13.299999999999999
13.420000000000002
17.759999999999998
19.58
16.86
16.16
16.509999999999998
13.57
18.07
18.37
16.259999999999998
13.64
15.54
16.4
15.27
17.32
16.91
13.930000000000001
15.759999999999998
16.77
18.259999999999998
15.439999999999998
14.620000000000001
17.52
12.17
18.259999999999998
18.07
14.67
14.409999999999998
19.07
14.52
13.51
13.680000000000001
11.47
12.870000000000001
14.620000000000001
16.419999999999998
14.719999999999999
13.43
16.48
22.07
18.53
11.57
16.99
20.53
12.91
13.83
20.14
15.420000000000002
14.76
24.93
18.22
18.26
15.43
16.1
15.729999999999999
14.57
16.389999999999997
13.049999999999999
22.15
20.759999999999998
19.049999999999997
18.14
23.98
15.84
15.61
17.770000000000003
13.720000000000002
20.62
15.02
17.59
16.2
15.259999999999998
20.919999999999998
17.63
17.650000000000002
16.869999999999997
12.58
17.17
14.21
13.750000000000002
18.48
26.94
12.990000000000002
14.1
14.620000000000001
19.12
13.8
15.54
13.52
16.580000000000002
15.41
13.389999999999999
19.18
13.98
18.17
12.82
20.18
15.290000000000001
16.099999999999998
16.13
15.650000000000002
16.439999999999998
16.29
17.0
21.150000000000002
15.239999999999998
11.899999999999999
14.72
11.57
13.11
16.1
19.34
17.87
15.649999999999999
18.12
13.469999999999999
14.969999999999999
13.92
18.759999999999998
14.01
17.84
15.170000000000002
32.86
16.68
14.700000000000001
24.130000000000003
18.82
22.919999999999998
15.22
12.540000000000001
17.06
24.93
20.97
17.81
14.25
17.81
17.470000000000002
17.82
15.649999999999999
18.08
15.82
15.75
19.13
17.7
15.920000000000002
15.61
15.370000000000001
18.009999999999998
15.71
14.1
14.270000000000001
58.52
20.810000000000002
18.04
15.169999999999998
19.64
13.44
19.75
21.19
17.99
15.62
14.06
13.73
16.21
18.43
13.0
14.870000000000001
13.36
15.92
16.85
13.66
15.389999999999999
13.14
14.63
16.34
17.650000000000002
13.92
17.240000000000002
18.839999999999996
17.85
19.37
13.489999999999998
18.11
23.67
13.780000000000001
19.45
15.540000000000001
18.28
14.77
12.190000000000001
18.08
15.750000000000002
22.65
19.93
18.31
16.53
15.96
21.560000000000002
13.790000000000001
13.68
18.43
18.46
14.22
14.170000000000002
15.04
17.439999999999998
15.33
14.74
15.51
16.57
17.71
15.96
16.16
17.09
16.0
16.759999999999998
12.7
14.600000000000001
14.610000000000001
14.620000000000001
16.29
15.41
16.17
13.71
17.910000000000004
14.889999999999999
16.1
20.57
12.23
12.95
15.509999999999998
18.1
14.020000000000001
18.479999999999997
14.259999999999998
14.290000000000001
14.069999999999999
17.22
18.15
12.64
13.4
20.64
13.76
15.24
12.899999999999999
17.02
14.529999999999998
18.87
21.65
18.590000000000003
18.0
20.12
14.700000000000001
14.58
14.09
17.34
14.170000000000002
16.65
14.5
18.17
15.309999999999999
54.12
18.12
18.0
17.240000000000002
20.279999999999998
12.93
16.55
16.45
14.000000000000002
14.99
48.77
14.27
15.85
16.02
10.42
15.489999999999998
14.370000000000001
14.909999999999998
13.309999999999999
16.16
12.96
17.06
18.17
16.73
14.99
18.74
15.319999999999999
21.560000000000002
13.729999999999999
11.37
16.12
18.74
25.279999999999998
18.400000000000002
17.279999999999998
14.1
15.17
13.91
16.04
14.7
14.030000000000001
19.82
20.28
15.79
16.96
14.37
15.26
15.620000000000001
26.85
14.97
17.98
20.47
14.360000000000001
15.049999999999999
14.95
14.310000000000002
14.13
17.22
14.45
15.120000000000001
19.92
15.46
14.54
15.379999999999999
19.93
17.96
13.46
22.34
14.469999999999999
14.51
14.310000000000002
19.509999999999998
15.990000000000002
17.55
16.09
18.33
16.16
16.35
15.25
16.03
16.36
16.12
16.43
15.870000000000001
17.91
15.27
16.26
17.33
18.91
16.630000000000003
14.22
16.81
12.309999999999999
18.590000000000003
12.95
14.320000000000002
15.759999999999998
13.280000000000001
15.19
15.2
12.75
10.75
18.71
18.37
26.5
16.11
32.31
60.86
16.96
14.850000000000001
16.62
22.020000000000003
13.0
16.37
10.51
13.610000000000001
17.01
14.389999999999999
14.629999999999999
19.07
16.05
14.16
22.68
20.89
16.560000000000002
18.05
14.499999999999998
13.69
10.59
19.2
15.719999999999999
22.68
15.589999999999998
14.51
13.76
14.32
18.76
15.89
14.8
17.24
17.51
17.32
18.38
17.51
14.680000000000001
16.12
15.36
29.83
16.639999999999997
14.969999999999999
11.219999999999999
13.19
11.57
17.830000000000002
13.06
17.11
13.7
17.38
16.93
15.120000000000001
16.01
14.4
16.900000000000002
13.639999999999999
16.71
14.85
18.7
13.41
16.63
18.770000000000003
13.75
20.2
16.48
17.45
16.36
15.860000000000001
18.880000000000003
17.470000000000002
17.290000000000003
17.71
16.99
13.17
14.989999999999998
15.209999999999999
13.08
17.81
20.099999999999998
14.5
16.45
18.12
12.44
13.61
15.51
16.11
21.36
15.760000000000002
19.610000000000003
62.96
14.98
16.540000000000003
16.91
15.970000000000002
16.03
15.959999999999999
16.62
17.61
14.97
16.21
17.560000000000002
13.16
15.04
21.08
20.040000000000003
21.93
16.86
14.19
14.11
22.16
18.1
16.43
19.96
17.59
15.31
14.219999999999999
15.66
17.11
17.560000000000002
14.89
17.82
18.759999999999998
13.41
16.740000000000002
16.53
13.59
16.9
14.95
15.12
16.950000000000003
12.72
16.37
14.049999999999999
21.099999999999998
14.770000000000001
15.169999999999998
17.23
17.0
16.23
15.85
18.009999999999998
18.02
17.86
12.92
16.85
16.79
18.13
13.65
12.94
13.360000000000001
17.34
19.869999999999997
17.03
17.970000000000002
16.02
15.89
17.490000000000002
14.69
16.79
16.25
18.04
13.9
18.659999999999997
14.39
12.34
13.84
15.27
16.310000000000002
16.8
16.18
17.720000000000002
13.219999999999999
12.459999999999999
16.54
16.6
12.549999999999999
15.03
17.369999999999997
17.14
13.32
17.220000000000002
14.34
15.929999999999998
13.46
16.5
12.41
17.36
14.04
15.33
13.28
15.459999999999999
22.48
20.220000000000002
14.260000000000002
15.169999999999998
17.95
15.41
11.81
19.240000000000002
12.959999999999999
18.82
15.959999999999999
12.46
13.31
44.77
14.200000000000001
16.91
13.72
18.990000000000002
16.97
17.52
17.06
17.75
14.95
20.27
14.909999999999998
11.719999999999999
16.05
22.54
16.65
16.509999999999998
18.79
15.68
15.059999999999999
13.71
17.8
13.47
14.65
20.98
20.58
17.82
17.11
16.36
15.77
15.67
15.719999999999999
16.23
16.81
17.5
18.91
15.009999999999998
12.52
15.65
17.01
18.29
13.830000000000002
18.950000000000003
13.310000000000002
17.759999999999998
19.9
14.51
19.61
16.92
20.96
16.74
13.009999999999998
17.71
19.18
14.559999999999999
15.21
17.119999999999997
17.22
14.639999999999999
18.05
13.0
17.5
13.409999999999998
14.96
13.030000000000001
19.599999999999998
15.51
12.62
15.98
14.62
22.580000000000002
21.02
14.69
13.01
15.43
14.639999999999999
15.64
14.759999999999998
17.85
14.829999999999998
22.220000000000002
19.4
66.26
13.899999999999999
14.57
17.310000000000002
15.7
14.42
17.619999999999997
13.080000000000002
48.52
13.419999999999998
15.850000000000001
18.84
15.690000000000001
16.05
16.16
13.96
20.07
15.930000000000001
15.379999999999999
12.43
14.520000000000001
21.049999999999997
17.3
24.419999999999998
17.9
15.04
22.729999999999997
11.99
13.549999999999999
17.37
17.48
22.04
16.82
16.3
17.86
15.03
19.48
20.34
11.77
18.36
12.950000000000001
14.52
16.17
18.03
18.46
14.450000000000001
18.35
17.759999999999998
14.39
19.939999999999998
13.97
12.63
11.94
18.54
16.92
14.45
13.719999999999999
14.790000000000001
18.67
30.39
13.96
15.82
18.65
12.989999999999998
11.9
15.29
16.69
17.5
16.23
15.020000000000001
13.86
28.94
11.93
15.440000000000001
22.259999999999998
18.93
19.360000000000003
15.729999999999999
16.78
11.489999999999998
18.73
14.64
19.47
14.120000000000001
21.34
57.47
14.139999999999999
16.43
14.02
16.619999999999997
15.270000000000001
16.23
15.52
17.990000000000002
21.44
12.45
16.669999999999998
20.790000000000003
23.33
18.87
14.260000000000002
13.09
16.62
18.740000000000002
13.26
13.750000000000002
16.93
16.59
18.03
14.219999999999999
13.24
13.76
17.36
12.139999999999999
16.98
17.46
16.82
15.12
15.59
18.419999999999998
17.240000000000002
13.959999999999999
17.87
17.04
19.02
19.04
14.6
13.589999999999998
45.22
14.200000000000001
15.600000000000001
21.830000000000002
19.03
17.38
15.93
17.099999999999998
15.260000000000002
23.65
14.7
20.98
19.11
16.46
17.31
13.590000000000002
21.080000000000002
15.58
15.09
18.78
18.119999999999997
15.41
19.48
15.04
17.6
17.490000000000002
15.27
14.580000000000002
14.860000000000001
14.95
13.579999999999998
16.68
18.11
16.07
16.07
16.86
17.150000000000002
14.989999999999998
12.59
15.870000000000001
16.49
21.93
17.77
15.389999999999999
18.36
12.91
13.61
14.320000000000002
18.880000000000003
16.970000000000002
16.23
20.88
18.92
13.84
12.809999999999999
12.739999999999998
12.4
20.11
15.08
18.650000000000002
13.34
17.77
26.48
18.21
19.18
15.239999999999998
15.559999999999999
15.020000000000001
14.410000000000002
17.770000000000003
15.649999999999999
14.61
15.77
17.310000000000002
17.71
16.65
16.740000000000002
13.87
17.39
13.760000000000002
22.24
18.08
14.82
16.189999999999998
16.18
15.500000000000002
17.19
13.68
16.330000000000002
15.95
14.94
17.19
22.48
15.149999999999999
14.139999999999999
16.610000000000003
14.5
17.61
15.360000000000001
15.61
12.41
21.83
15.940000000000001
17.9
16.22
16.22
18.470000000000002
13.76
14.41
16.7
17.18
16.83
22.400000000000002
16.02
24.77
15.450000000000001
13.16
20.18
13.370000000000001
14.77
11.559999999999999
16.72
14.389999999999999
19.63
16.51
19.63
18.04
19.8
18.79
18.560000000000002
14.27
13.43
17.62
14.79
16.61
14.04
17.02
10.92
14.12
14.92
14.97
15.26
22.04
18.63
15.840000000000002
13.41
18.83
17.11
13.12
20.17
13.309999999999999
13.02
15.55
12.27
16.89
17.619999999999997
16.43
23.45
13.85
14.77
18.189999999999998
15.93
13.03
13.04
14.139999999999999
20.05
18.61
14.84
18.009999999999998
13.740000000000002
12.410000000000002
14.629999999999999
16.58
15.86
14.21
14.11
17.64
16.6
23.03
15.25
17.56
14.55
16.36
17.7
17.869999999999997
21.29
15.52
15.150000000000002
15.479999999999999
18.619999999999997
19.049999999999997
17.18
15.31
13.47
29.21
15.469999999999999
14.52
12.01
13.120000000000001
15.81
22.580000000000002
14.89
16.49
15.139999999999999
18.09
17.13
17.71
14.089999999999998
16.66
18.8
16.39
16.990000000000002
13.209999999999999
47.97
14.489999999999998
64.56
13.51
14.940000000000001
12.86
14.370000000000001
16.32
16.91
18.24
14.790000000000001
13.11
17.99
14.049999999999999
16.51
28.14
18.09
16.8
18.76
31.240000000000002
16.41
12.38
15.95
16.51
17.68
19.11
14.919999999999998
13.96
17.369999999999997
17.259999999999998
16.900000000000002
16.580000000000002
27.33
17.73
18.369999999999997
12.620000000000001
19.23
17.89
12.979999999999999
22.93
14.72
26.63
16.55
17.11
14.429999999999998
19.67
17.17
15.97
11.2
15.459999999999999
16.89
14.33
21.470000000000002
16.08
14.450000000000001
14.500000000000002
16.28
27.64
18.36
18.89
19.330000000000002
14.660000000000002
20.610000000000003
14.86
28.86
17.619999999999997
15.4
14.309999999999999
17.78
15.370000000000001
17.83
16.36
17.080000000000002
15.58
17.56
17.970000000000002
18.6
13.88
14.41
12.47
16.62
14.22
12.78
18.43
14.38
13.520000000000001
12.01
14.889999999999999
17.419999999999998
17.27
18.34
12.38
23.259999999999998
15.020000000000001
12.36
12.85
17.75
16.619999999999997
15.05
15.979999999999999
18.14
13.39
15.990000000000002
14.049999999999999
17.36
15.389999999999999
17.029999999999998
15.14
16.95
13.59
17.3
12.75
16.42
16.21
17.48
18.17
12.49
19.08
12.8
17.73
18.02
16.37
17.270000000000003
17.75
13.38
16.57
16.009999999999998
13.559999999999999
12.74
16.11
16.61
17.020000000000003
13.959999999999999
17.43
18.21
16.7
16.44
14.189999999999998
17.32
13.719999999999999
17.080000000000002
17.209999999999997
17.96
17.560000000000002
15.23
17.44
21.88
16.11
14.82
22.73
14.59
19.139999999999997
22.47
15.27
15.52
17.65
17.94
18.18
13.18
14.500000000000002
18.01
16.52
16.62
16.12
15.000000000000002
13.56
14.46
15.709999999999999
15.549999999999999
17.51
14.780000000000001
17.990000000000002
16.45
20.729999999999997
16.17
15.06
13.54
18.73
15.910000000000002
16.47
18.23
18.82
19.12
18.46
13.16
16.25
16.47
16.419999999999998
15.68
17.51
13.67
14.08
12.929999999999998
13.13
18.83
15.77
13.049999999999999
15.52
21.24
18.06
16.06
23.29
17.66
17.07
18.2
18.83
16.02
16.169999999999998
13.92
15.920000000000002
12.969999999999999
19.189999999999998
25.08
22.91
16.37
15.719999999999999
17.8
18.63
15.010000000000002
17.32
16.91
18.55
25.73
17.02
18.85
12.82
16.98
13.46
16.700000000000003
13.260000000000002
16.099999999999998
18.11
14.940000000000001
15.64
23.38
15.83
14.09
14.860000000000001
18.21
15.239999999999998
17.13
17.64
13.649999999999999
15.09
17.28
21.77
20.43
16.82
14.0
12.68
12.54
15.600000000000001
15.770000000000001
18.2
21.95
19.060000000000002
16.59
16.81
18.57
17.18
18.01
14.46
15.25
19.0
17.810000000000002
19.95
15.79
12.489999999999998
14.88
15.3
14.469999999999999
16.029999999999998
19.18
15.500000000000002
16.259999999999998
13.930000000000001
17.060000000000002
16.18
16.2
14.91
13.21
18.29
15.700000000000001
15.57
17.78
16.03
16.3
11.84
21.32
17.35
16.509999999999998
13.520000000000001
17.56
17.12
17.82
13.32
13.709999999999999
16.75
16.33
18.22
14.91
17.900000000000002
15.520000000000001
15.989999999999998
18.52
17.150000000000002
17.56
18.96
19.020000000000003
17.86
13.81
18.619999999999997
14.600000000000001
18.29
15.879999999999999
14.17
16.46
18.47
14.450000000000001
14.299999999999999
15.15
16.29
13.969999999999999
14.86
18.82
15.590000000000002
16.75
15.350000000000001
11.42
14.370000000000001
17.54
14.259999999999998
13.319999999999999
21.09
15.280000000000001
20.419999999999998
13.469999999999999
17.61
12.559999999999999
12.870000000000001
20.2
14.61
13.02
12.399999999999999
13.46
18.17
16.67
13.66
16.86
17.16
16.68
14.719999999999999
14.42
16.25
14.7
16.459999999999997
14.779999999999998
18.11
15.830000000000002
16.31
16.92
16.95
14.260000000000002
15.47
17.26
58.97
15.46
18.810000000000002
16.39
13.69
14.04
14.57
12.820000000000002
16.25
18.58
26.15
12.75
16.060000000000002
13.279999999999998
16.87
16.360000000000003
16.07
14.010000000000002
25.73
54.32
15.159999999999998
27.68
55.62
13.069999999999999
14.879999999999999
13.129999999999999
16.349999999999998
18.8
13.739999999999998
15.91
16.96
14.04
13.23
15.48
15.65
15.510000000000002
17.78
19.0
14.219999999999999
14.979999999999999
15.72
23.380000000000003
12.870000000000001
20.51
14.87
15.09
17.76
19.42
16.0
18.759999999999998
16.740000000000002
16.56
20.79
13.2
18.18
18.970000000000002
14.340000000000002
16.77
12.659999999999998
14.1
31.479999999999997
14.5
16.45
15.919999999999998
16.46
19.5
43.47
17.560000000000002
14.5
18.810000000000002
14.159999999999998
13.770000000000001
20.18
14.97
22.34
15.36
15.389999999999999
15.200000000000001
20.45
14.870000000000001
22.36
14.98
15.25
15.450000000000001
17.76
16.34
15.989999999999998
16.98
14.07
13.6
15.310000000000002
14.100000000000001
12.71
18.86
18.16
14.57
18.619999999999997
17.66
13.33
16.0
16.68
19.189999999999998
16.05
13.54
14.75
17.0
23.970000000000002
12.860000000000001
14.16
33.01
16.83
15.530000000000001
18.919999999999998
15.720000000000002
23.59
14.36
16.150000000000002
16.11
13.500000000000002
15.67
17.34
13.77
19.16
14.030000000000001
14.66
13.23
14.89
13.07
17.759999999999998
32.66
13.439999999999998
16.78
18.17
16.96
11.34
14.409999999999998
15.35
16.24
18.48
23.62
14.590000000000002
15.03
13.31
19.14
14.520000000000001
25.029999999999998
15.77
13.260000000000002
15.43
13.610000000000001
13.879999999999999
18.34
18.310000000000002
16.89
16.23
14.02
12.79
16.63
13.61
17.2
17.18
17.52
14.920000000000002
28.34
16.979999999999997
17.57
15.229999999999999
28.540000000000003
14.36
12.52
17.490000000000002
28.56
21.89
17.66
13.72
13.73
17.09
18.68
11.99
15.91
15.14
22.08
21.48
16.81
18.93
15.06
17.57
17.78
18.29
16.4
16.07
14.41
15.950000000000001
14.280000000000001
12.709999999999999
20.62
17.810000000000002
16.310000000000002
16.69
17.0
13.22
17.18
17.59
18.970000000000002
15.98
17.41
18.56
12.17
13.16
16.099999999999998
17.619999999999997
14.15
13.84
33.16
25.43
17.529999999999998
15.01
13.649999999999999
17.14
13.629999999999999
17.939999999999998
17.59
12.31
13.959999999999999
13.71
15.45
17.610000000000003
15.66
12.96
18.130000000000003
17.56
16.12
18.56
21.259999999999998
15.129999999999999
16.64
15.04
18.759999999999998
13.76
17.38
16.34
19.17
12.82
12.549999999999999
17.56
17.17
17.740000000000002
14.31
14.309999999999999
17.11
12.99
15.48
20.92
18.450000000000003
13.27
14.55
16.99
15.81
13.64
13.650000000000002
21.9
16.39
14.31
16.310000000000002
14.700000000000001
20.389999999999997
16.24
14.93
16.529999999999998
15.919999999999998
18.05
13.649999999999999
17.779999999999998
14.14
18.200000000000003
12.639999999999999
15.639999999999999
19.02
19.98
18.32
18.11
13.96
14.520000000000001
16.9
14.58
14.36
15.2
15.700000000000001
12.989999999999998
16.87
18.52
13.16
21.97
15.96
15.3
15.07
13.4
15.3
29.08
19.18
16.9
19.63
15.32
17.48
18.479999999999997
19.150000000000002
14.780000000000001
15.600000000000001
14.59
18.72
16.71
13.74
19.72
17.8
16.599999999999998
12.67
15.86
18.25
17.119999999999997
15.23
16.85
14.73
16.08
33.16
13.379999999999999
11.719999999999999
16.669999999999998
16.83
16.39
16.14
14.42
13.89
20.75
18.65
18.86
14.810000000000002
16.15
17.82
17.41
19.13
16.43
16.8
17.580000000000002
13.820000000000002
14.27
12.82
14.509999999999998
14.579999999999998
17.77
14.149999999999999
17.29
13.860000000000001
17.900000000000002
17.04
13.490000000000002
25.029999999999998
15.260000000000002
16.009999999999998
15.700000000000001
15.83
15.02
13.34
15.39
16.580000000000002
17.66
16.41
12.32
15.760000000000002
16.470000000000002
14.49
12.8
16.71
16.7
19.29
13.81
17.529999999999998
14.25
12.639999999999999
14.08
19.16
17.85
13.969999999999999
15.420000000000002
16.33
22.72
14.87
16.119999999999997
15.41
15.579999999999998
15.379999999999999
18.04
14.540000000000001
20.88
25.18
17.96
17.939999999999998
21.94
15.12
13.37
13.010000000000002
13.86
19.160000000000004
14.69
17.900000000000002
15.559999999999999
15.53
18.509999999999998
16.62
18.99
30.06
18.36
16.41
16.29
15.799999999999999
16.31
15.440000000000001
13.76
12.84
11.719999999999999
13.260000000000002
17.76
16.27
17.959999999999997
17.509999999999998
13.409999999999998
16.47
22.76
15.65
18.25
15.77
19.240000000000002
13.34
13.689999999999998
15.470000000000002
13.110000000000001
16.56
21.03
25.13
14.520000000000001
14.49
18.98
14.02
14.09
9.84
18.049999999999997
17.13
14.649999999999999
13.059999999999999
13.13
13.600000000000001
17.759999999999998
14.46
15.87
15.66
15.279999999999998
13.599999999999998
16.63
14.559999999999999
17.64
16.56
13.799999999999999
18.21
18.729999999999997
18.05
18.38
15.77
13.24
14.110000000000001
14.049999999999999
23.0
18.169999999999998
19.090000000000003
18.32
15.34
16.65
14.120000000000001
15.13
18.4
17.2
12.85
15.969999999999999
13.829999999999998
19.28
18.62
14.69
53.42
19.71
15.330000000000002
13.08
14.239999999999998
15.88
16.639999999999997
17.369999999999997
15.43
16.66
14.14
13.870000000000001
16.51
18.0
14.55
17.09
16.770000000000003
24.47
18.080000000000002
23.02
16.8
17.11
12.360000000000001
13.159999999999998
15.150000000000002
14.02
14.549999999999999
14.219999999999999
20.26
13.55
18.53
14.43
14.459999999999999
20.08
17.43
15.309999999999999
18.810000000000002
17.76
11.66
17.41
15.73
14.450000000000001
20.279999999999998
15.27
12.810000000000002
14.6
17.990000000000002
16.6
13.34
13.87
15.76
17.330000000000002
18.439999999999998
18.470000000000002
20.23
17.78
16.91
17.189999999999998
19.99
16.369999999999997
13.399999999999999
13.99
13.99
18.48
16.84
12.44
17.65
13.360000000000001
44.52
16.709999999999997
20.82
18.310000000000002
16.52
21.42
15.999999999999998
18.6
18.04
18.62
17.03
21.03
15.370000000000001
20.07
22.27
15.97
14.759999999999998
15.309999999999999
16.05
15.919999999999998
17.709999999999997
14.54
15.07
20.0
17.07
14.81
17.32
13.1
16.47
18.119999999999997
17.67
19.9
14.479999999999999
15.96
14.52
13.419999999999998
17.56
14.57
15.22
19.36
14.88
13.98
15.820000000000002
15.860000000000001
16.58
17.68
18.23
15.220000000000002
16.43
13.11
15.909999999999998
17.02
18.24
18.21
15.7
13.389999999999999
17.51
20.03
14.12
15.669999999999998
18.41
17.81
14.71
14.16
13.95
14.240000000000002
13.85
16.07
15.95
16.0
17.330000000000002
21.110000000000003
13.57
14.819999999999999
17.54
17.17
17.490000000000002
15.19
20.44
25.11
18.970000000000002
16.82
15.06
15.98
13.88
18.189999999999998
13.24
18.92
25.38
21.709999999999997
14.7
13.030000000000001
15.169999999999998
17.549999999999997
14.52
14.23
14.049999999999999
17.310000000000002
12.399999999999999
16.37
18.470000000000002
58.17
21.7
19.810000000000002
15.77
17.69
12.389999999999999
16.5
15.14
55.52
17.110000000000003
19.259999999999998
17.64
17.24
16.54
14.620000000000001
31.529999999999998
14.89
17.42
29.48
15.909999999999998
14.660000000000002
17.909999999999997
15.61
13.63
11.75
14.899999999999999
15.349999999999998
16.58
16.18
17.65
13.83
19.150000000000002
13.26
19.720000000000002
17.22
15.92
11.93
18.35
14.950000000000001
17.52
18.68
15.27
16.96
15.39
16.09
16.669999999999998
17.58
19.72
15.169999999999998
17.01
17.93
16.62
14.860000000000001
21.299999999999997
15.279999999999998
15.9
14.17
16.58
14.939999999999998
14.350000000000001
13.219999999999999
16.86
14.17
19.33
13.110000000000001
14.209999999999999
15.149999999999999
17.48
19.400000000000002
18.04
17.86
16.5
13.159999999999998
22.03
17.419999999999998
15.92
16.76
18.67
13.489999999999998
16.74
16.18
18.19
16.73
14.58
12.36
15.499999999999998
17.419999999999998
12.899999999999999
21.39
15.66
19.72
44.12
17.57
17.06
17.18
16.56
15.350000000000001
15.55
19.11
15.620000000000001
10.1
12.7
14.9
17.99
17.53
22.78
15.05
15.790000000000001
15.3
20.14
12.73
12.410000000000002
23.37
22.18
14.48
16.87
17.950000000000003
17.26
18.14
18.029999999999998
15.57
13.759999999999998
15.85
15.59
14.459999999999999
15.579999999999998
14.73
16.89
18.3
13.86
17.770000000000003
20.68
14.11
14.989999999999998
15.66
16.51
13.790000000000001
14.32
13.219999999999999
18.55
14.159999999999998
16.13
13.56
14.299999999999999
13.02
19.630000000000003
14.36
15.180000000000001
14.520000000000001
13.719999999999999
17.96
17.13
22.56
17.209999999999997
22.03
12.1
18.029999999999998
19.93
16.400000000000002
17.5
18.47
19.17
15.420000000000002
57.97
15.74
18.17
18.82
17.81
16.389999999999997
16.34
17.06
16.95
12.48
17.52
16.689999999999998
13.86
14.16
16.55
16.53
20.43
14.45
25.14
15.270000000000001
18.32
12.72
16.54
17.39
16.88
17.59
15.0
19.3
14.660000000000002
16.46
15.0
14.219999999999999
15.16
15.249999999999998
18.13
19.43
16.759999999999998
16.43
14.979999999999999
20.720000000000002
14.569999999999999
18.669999999999998
17.62
13.92
17.169999999999998
18.17
21.87
17.900000000000002
15.899999999999999
15.24
18.270000000000003
17.26
14.35
23.88
17.09
22.45
17.16
13.36
19.32
19.57
15.969999999999999
19.55
17.709999999999997
17.950000000000003
17.52
15.209999999999999
15.63
13.739999999999998
16.52
18.3
17.34
17.96
14.11
16.42
13.21
16.17
17.12
13.91
18.68
13.040000000000001
15.049999999999999
17.06
13.87
17.24
15.11
17.8
21.73
16.15
17.16
17.53
16.45
14.120000000000001
15.45
29.83
18.799999999999997
15.489999999999998
16.91
14.46
28.58
21.979999999999997
18.509999999999998
19.360000000000003
13.61
17.08
14.410000000000002
17.25
18.400000000000002
23.63
17.51
18.349999999999998
14.66
18.28
15.770000000000001
17.26
15.090000000000002
16.700000000000003
16.73
13.1
15.92
16.2
15.93
16.209999999999997
14.32
20.85
17.91
20.74
15.52
16.060000000000002
14.9
14.759999999999998
14.64
16.94
16.18
14.72
15.569999999999999
15.470000000000002
15.86
13.27
17.96
18.799999999999997
18.81
23.28
12.41
13.86
14.360000000000001
19.95
16.630000000000003
18.810000000000002
13.09
16.28
17.259999999999998
44.47
17.66
13.010000000000002
16.97
23.33
10.620000000000001
13.770000000000001
15.469999999999999
19.9
16.79
19.810000000000002
14.5
16.64
14.089999999999998
10.120000000000001
16.33
16.810000000000002
18.2
17.560000000000002
20.439999999999998
14.970000000000002
13.080000000000002
12.26
16.05
15.94
18.310000000000002
16.78
13.65
15.09
17.61
18.06
20.099999999999998
15.669999999999998
16.98
15.660000000000002
15.580000000000002
16.189999999999998
29.19
12.55
11.37
19.25
17.369999999999997
16.779999999999998
15.59
13.879999999999999
16.43
20.62
17.86
17.18
16.32
16.97
18.13
16.47
11.78
14.01
16.8
16.33
18.25
16.57
20.09
17.31
13.29
16.88
17.060000000000002
12.990000000000002
11.200000000000001
15.19
17.37
18.910000000000004
16.25
17.17
14.96
16.15
15.419999999999998
14.35
14.63
15.01
16.36
16.89
13.139999999999999
16.17
19.240000000000002
16.34
15.23
12.870000000000001
18.47
14.540000000000001
14.05
17.32
14.290000000000001
12.87
15.01
11.92
17.47
12.96
18.119999999999997
18.220000000000002
18.46
17.56
14.39
20.32
11.96
16.22
12.520000000000001
15.840000000000002
17.12
16.96
16.12
20.520000000000003
16.96
14.4
15.33
18.67
15.510000000000002
14.090000000000002
17.259999999999998
17.69
14.159999999999998
12.73
15.58
12.25
12.84
11.1
18.740000000000002
12.26
13.94
26.28
20.65
25.32
18.439999999999998
18.259999999999998
23.28
18.1
18.7
20.91
17.13
17.1
14.57
21.34
26.7
18.96
15.209999999999999
15.58
12.860000000000001
12.149999999999999
13.799999999999999
13.86
18.349999999999998
19.4
17.41
16.51
12.1
18.7
15.35
17.57
13.98
20.88
18.73
14.91
13.74
19.28
16.19
17.34
21.79
14.11
13.069999999999999
13.09
16.74
14.08
15.11
16.599999999999998
17.060000000000002
15.36
13.16
59.97
17.119999999999997
15.440000000000001
17.85
14.26
19.52
17.75
17.27
14.649999999999999
20.93
14.85
17.66
15.679999999999998
16.83
12.94
13.93
17.27
12.959999999999999
17.82
23.02
16.4
19.580000000000002
14.010000000000002
13.49
14.83
13.68
13.2
12.88
13.09
16.81
15.209999999999999
57.57
18.03
17.099999999999998
18.97
15.46
16.33
17.3
16.24
15.739999999999998
21.339999999999996
12.66
12.78
12.650000000000002
14.549999999999999
17.509999999999998
13.629999999999999
15.68
15.270000000000001
15.739999999999998
15.459999999999999
20.0
15.139999999999999
21.3
19.32
12.9
15.809999999999999
14.01
17.56
16.310000000000002
17.42
18.689999999999998
19.82
16.31
18.66
17.1
16.77
15.060000000000002
14.72
16.17
17.17
17.44
14.229999999999999
19.78
17.560000000000002
16.97
15.88
15.07
16.08
14.070000000000002
16.860000000000003
16.939999999999998
13.1
14.04
22.93
17.21
16.09
13.84
13.46
17.47
16.31
13.36
16.38
19.700000000000003
16.11
12.07
16.67
20.93
18.25
17.9
18.53
16.92
24.029999999999998
16.32
13.309999999999999
15.35
20.76
13.54
14.360000000000001
17.49
64.71
16.560000000000002
11.84
14.360000000000001
15.549999999999999
15.340000000000002
14.24
14.5
18.63
17.48
19.73
14.629999999999999
13.280000000000001
16.009999999999998
17.28
17.450000000000003
15.529999999999998
16.48
16.209999999999997
14.090000000000002
12.799999999999999
14.16
20.240000000000002
21.0
15.2
14.810000000000002
15.629999999999999
14.870000000000001
60.32
12.85
16.75
15.45
14.879999999999999
15.92
13.570000000000002
15.85
18.92
19.59
14.34
17.16
13.25
14.55
12.95
17.57
13.889999999999999
18.39
15.770000000000001
14.94
17.86
16.41
14.91
23.169999999999998
14.490000000000002
25.48
17.88
23.099999999999998
17.04
17.8
24.52
18.21
11.97
14.8
18.15
16.34
15.510000000000002
15.66
14.39
16.110000000000003
15.399999999999999
21.04
18.15
15.309999999999999
13.41
16.05
12.560000000000002
18.17
17.55
17.91
10.82
15.530000000000001
19.14
55.22
14.950000000000001
16.54
19.74
12.94
18.03
19.04
13.309999999999999
16.91
19.59
15.81
12.409999999999998
13.57
13.3
60.71
15.159999999999998
17.259999999999998
17.51
13.989999999999998
15.6
15.120000000000001
14.5
13.45
15.810000000000002
21.28
17.060000000000002
18.58
25.37
16.06
19.45
14.419999999999998
16.08
15.159999999999998
16.72
15.709999999999999
15.14
17.61
16.75
45.97
16.529999999999998
17.15
13.739999999999998
14.36
16.46
15.420000000000002
16.59
14.86
22.63
15.53
16.44
15.459999999999999
16.55
13.969999999999999
17.85
16.34
16.029999999999998
17.71
16.01
15.310000000000002
10.54
14.650000000000002
15.56
44.47
16.88
13.05
18.520000000000003
23.98
12.659999999999998
20.22
15.860000000000001
22.93
15.91
16.34
13.74
21.85
13.77
18.94
18.560000000000002
11.989999999999998
18.41
14.83
18.92
54.42
12.840000000000002
16.41
13.45
18.589999999999996
16.4
12.36
16.49
17.49
13.16
17.95
15.67
17.57
22.830000000000002
16.400000000000002
14.52
15.34
21.470000000000002
14.669999999999998
18.36
24.72
16.03
18.63
14.500000000000002
12.79
15.59
14.879999999999999
20.82
13.98
16.560000000000002
14.29
16.94
15.53
13.7
14.43
18.42
12.830000000000002
16.02
16.11
16.64
13.989999999999998
23.48
14.98
18.65
18.43
24.03
16.88
13.12
19.79
14.77
14.18
17.89
16.810000000000002
18.33
15.850000000000001
14.18
17.53
14.600000000000001
56.67
12.8
20.869999999999997
14.440000000000001
18.619999999999997
13.719999999999999
18.61
13.93
21.23
19.759999999999998
14.419999999999998
13.2
17.11
15.09
16.22
17.349999999999998
16.42
10.56
18.770000000000003
16.78
25.159999999999997
17.619999999999997
21.68
17.35
20.74
16.490000000000002
15.47
15.72
15.61
12.459999999999999
18.19
14.47
15.850000000000001
16.16
14.060000000000002
15.91
17.84
15.91
16.41
12.120000000000001
13.28
15.850000000000001
13.24
13.350000000000001
17.779999999999998
12.610000000000001
14.72
16.009999999999998
18.39
18.11
16.67
22.549999999999997
15.2
14.629999999999999
17.169999999999998
16.93
15.36
18.81
17.81
16.05
13.65
25.69
17.76
14.17
13.709999999999999
15.31
17.240000000000002
17.61
14.860000000000001
15.889999999999999
17.78
15.3
13.469999999999999
13.25
18.46
15.54
15.21
14.6
14.000000000000002
12.88
16.66
17.87
17.05
18.419999999999998
13.120000000000001
15.32
13.87
13.2
18.58
15.440000000000001
13.309999999999999
14.51
12.65
16.41
13.28
15.899999999999999
22.78
15.95
17.25
18.009999999999998
16.55
14.639999999999999
14.46
13.610000000000001
12.15
17.48
17.49
12.38
18.950000000000003
19.13
16.869999999999997
14.209999999999999
13.6
17.060000000000002
24.529999999999998
12.969999999999999
18.43
15.610000000000001
18.34
15.660000000000002
16.88
13.97
14.92
14.76
18.310000000000002
14.83
13.930000000000001
46.57
15.69
19.01
13.229999999999999
16.490000000000002
16.26
14.620000000000001
17.310000000000002
13.3
17.06
20.88
14.57
18.38
16.01
16.419999999999998
13.21
16.57
14.65
15.229999999999999
12.52
20.21
22.14
28.58
19.94
13.239999999999998
18.349999999999998
14.77
19.53
17.84
18.35
13.71
14.510000000000002
18.14
23.29
16.3
12.14
16.86
10.92
11.98
15.96
17.05
15.450000000000001
17.54
16.61
14.06
12.03
18.87
13.71
17.03
23.53
19.63
13.329999999999998
22.01
16.74
17.39
13.27
15.729999999999999
17.700000000000003
17.81
18.69
14.060000000000002
15.39
14.819999999999999
16.369999999999997
16.52
14.760000000000002
15.31
18.06
15.07
11.11
17.74
15.399999999999999
13.120000000000001
13.55
16.91
14.79
17.650000000000002
17.17
15.48
20.979999999999997
17.01
25.53
15.469999999999999
16.78
17.029999999999998
22.98
15.95
20.33
20.73
19.53
16.25
14.9
26.119999999999997
15.25
14.65
16.12
15.6
14.16
12.889999999999999
17.580000000000002
13.77
20.25
15.440000000000001
16.59
15.4
14.389999999999999
14.61
19.5
13.78
16.8
14.79
18.49
17.95
16.18
14.89
15.91
11.69
17.650000000000002
19.14
12.99
13.59
14.68
15.319999999999999
15.219999999999999
18.05
14.33
16.4
16.25
14.64
13.79
14.17
21.13
27.68
13.120000000000001
14.639999999999999
14.020000000000001
17.060000000000002
15.920000000000002
14.320000000000002
25.159999999999997
17.42
16.38
13.36
16.009999999999998
21.02
13.76
15.69
18.119999999999997
18.86
16.64
18.29
14.21
24.58
18.770000000000003
48.87
15.26
14.52
16.37
17.02
14.28
14.17
16.59
15.81
17.85
18.43
18.060000000000002
15.82
18.729999999999997
16.97
18.74
15.5
14.670000000000002
16.419999999999998
15.549999999999999
12.14
17.11
15.219999999999999
23.11
13.639999999999999
18.02
18.16
14.96
15.979999999999999
16.61
18.11
17.21
14.19
16.419999999999998
23.12
13.67
26.53
18.91
14.850000000000001
15.72
15.060000000000002
14.71
16.020000000000003
21.66
16.34
18.61
18.35
17.21
24.150000000000002
20.38
17.759999999999998
15.48
13.420000000000002
16.869999999999997
17.369999999999997
13.850000000000001
15.739999999999998
15.620000000000001
15.58
18.9
18.37
23.479999999999997
18.56
16.01
18.009999999999998
13.360000000000001
17.16
16.11
16.18
16.419999999999998
18.67
12.14
16.57
16.020000000000003
18.220000000000002
15.47
23.57
13.559999999999999
18.090000000000003
20.53
18.66
11.88
15.56
16.12
14.799999999999999
15.61
13.76
18.59
16.18
19.08
15.569999999999999
18.49
16.47
13.52
13.389999999999999
13.879999999999999
15.239999999999998
15.8
17.6
13.12
17.229999999999997
15.339999999999998
18.67
17.96
15.65
15.490000000000002
15.3
13.98
16.28
17.97
16.82
18.9
22.3
18.39
16.62
17.46
13.010000000000002
18.110000000000003
18.62
16.900000000000002
15.16
16.24
11.75
13.31
14.61
17.15
16.939999999999998
18.71
15.350000000000001
22.830000000000002
15.21
16.95
17.23
16.25
16.91
16.02
14.379999999999999
16.330000000000002
14.88
18.279999999999998
18.43
17.8
18.45
17.200000000000003
13.989999999999998
15.419999999999998
19.11
17.5
23.67
15.1
13.3
15.76
13.16
17.75
17.85
18.73
17.32
12.530000000000001
20.869999999999997
14.89
19.17
15.21
18.279999999999998
17.57
17.36
14.41
18.21
18.77
15.9
14.570000000000002
12.809999999999999
15.250000000000002
20.25
13.19
14.709999999999999
43.62
14.979999999999999
15.560000000000002
14.27
17.869999999999997
16.9
66.26
15.120000000000001
14.560000000000002
14.850000000000001
13.379999999999999
15.589999999999998
14.559999999999999
16.8
17.35
16.42
13.51
14.83
16.11
16.540000000000003
14.930000000000001
13.669999999999998
10.59
17.759999999999998
17.57
23.080000000000002
17.12
15.340000000000002
15.379999999999999
15.149999999999999
15.409999999999998
19.33
17.54
17.900000000000002
17.07
13.78
17.459999999999997
16.59
18.45
16.5
12.41
18.33
16.61
15.02
17.21
15.129999999999999
14.760000000000002
15.15
16.459999999999997
16.42
64.56
16.71
16.39
14.549999999999999
19.32
23.72
17.84
24.55
18.049999999999997
23.150000000000002
19.29
19.02
19.549999999999997
16.97
55.62
56.77
16.259999999999998
15.87
17.86
12.82
19.1
12.639999999999999
18.59
13.57
17.12
16.76
14.709999999999999
16.78
14.510000000000002
15.25
15.12
19.270000000000003
23.63
14.86
11.82
14.760000000000002
16.459999999999997
13.76
15.26
17.52
15.17
14.5
16.78
15.77
15.91
14.510000000000002
14.14
19.39
15.379999999999999
19.72
15.46
15.990000000000002
11.26
18.049999999999997
17.97
14.020000000000001
13.7
14.42
14.96
17.56
14.86
14.059999999999999
17.41
18.02
13.809999999999999
14.579999999999998
16.74
17.18
14.25
18.36
13.570000000000002
17.37
13.899999999999999
21.47
14.16
15.75
17.5
19.28
14.21
14.120000000000001
16.72
14.3
17.16
12.75
14.12
13.500000000000002
13.469999999999999
16.16
13.05
14.260000000000002
14.96
15.780000000000001
16.8
18.44
16.54
18.61
20.07
13.239999999999998
19.63
13.139999999999999
15.850000000000001
20.939999999999998
13.89
16.92
11.02
17.08
14.04
18.17
16.950000000000003
14.669999999999998
13.899999999999999
13.31
19.240000000000002
16.389999999999997
32.51
19.1
18.02
18.28
17.72
17.59
17.450000000000003
12.759999999999998
17.310000000000002
20.229999999999997
13.870000000000001
25.529999999999998
17.16
18.87
17.59
17.56
17.84
12.96
15.200000000000001
15.58
15.479999999999999
17.54
17.490000000000002
16.69
15.5
14.86
14.77
17.740000000000002
16.32
17.01
15.04
13.55
15.88
16.16
13.31
25.03
13.79
17.15
16.06
20.96
13.81
16.22
13.889999999999999
18.14
16.68
16.42
16.57
15.19
16.25
18.06
24.79
16.59
11.92
17.95
14.220000000000002
13.220000000000002
15.370000000000001
15.919999999999998
17.99
18.97
18.66
12.780000000000001
24.03
14.27
16.47
13.799999999999999
17.630000000000003
18.96
18.15
18.5
16.97
17.37
15.01
15.74
15.080000000000002
13.85
18.89
16.03
18.59
18.27
14.12
17.42
16.150000000000002
19.14
17.85
13.540000000000001
14.92
15.58
17.1
14.05
18.330000000000002
17.04
32.81
17.310000000000002
16.9
15.54
14.45
14.76
14.29
17.13
14.25
14.879999999999999
14.120000000000001
12.21
15.88
13.67
14.72
66.21
19.89
11.16
13.059999999999999
11.53
17.560000000000002
17.62
17.619999999999997
17.7
13.700000000000001
18.36
18.84
16.14
16.490000000000002
14.900000000000002
14.41
15.370000000000001
13.780000000000001
23.830000000000002
14.92
15.879999999999999
14.18
15.12
19.25
12.26
13.770000000000001
16.46
15.459999999999999
14.669999999999998
14.23
14.71
17.02
14.87
15.34
14.09
13.96
62.91
14.809999999999999
18.04
15.739999999999998
14.03
59.27
15.39
14.41
12.42
17.28
15.5
18.85
20.76
15.509999999999998
16.459999999999997
13.270000000000001
19.0
18.86
22.39
17.23
14.450000000000001
18.560000000000002
16.67
44.17
16.290000000000003
16.16
13.98
20.0
15.17
15.530000000000001
17.14
15.72
16.92
17.59
16.66
17.83
13.36
14.92
17.56
14.260000000000002
20.48
12.5
14.700000000000001
15.920000000000002
16.66
11.83
11.57
15.72
14.52
17.71
17.290000000000003
56.62
18.32
17.619999999999997
14.319999999999999
15.48
14.73
13.42
25.39
31.11
13.42
54.37
12.99
17.759999999999998
18.01
16.57
14.809999999999999
17.63
16.6
17.66
14.229999999999999
18.39
17.439999999999998
17.09
17.240000000000002
17.02
17.15
15.399999999999999
17.32
17.61
14.600000000000001
13.360000000000001
18.73
14.219999999999999
17.62
19.17
17.439999999999998
21.81
17.03
18.22
13.0
17.35
15.38
14.260000000000002
13.780000000000001
14.08
12.969999999999999
19.83
17.19
12.64
17.970000000000002
15.069999999999999
13.79
16.02
14.02
19.33
17.39
15.15
14.419999999999998
15.95
13.8
20.28
25.43
11.66
13.93
17.68
15.32
11.98
17.77
31.43
15.899999999999999
16.41
14.5
14.66
17.9
11.549999999999999
19.150000000000002
11.38
12.98
17.06
17.59
12.76
17.25
16.71
14.38
17.62
20.09
15.260000000000002
16.95
17.92
20.03
19.4
17.97
19.46
15.6
14.569999999999999
12.809999999999999
15.129999999999999
15.73
17.85
13.770000000000001
14.209999999999999
15.09
12.920000000000002
18.42
13.75
16.259999999999998
23.72
18.39
14.610000000000001
15.99
16.619999999999997
22.380000000000003
11.82
13.27
14.799999999999999
13.239999999999998
15.07
18.34
13.86
13.61
15.920000000000002
15.21
16.61
22.4
14.010000000000002
13.94
18.97
17.11
17.71
17.45
17.029999999999998
12.68
13.28
14.56
16.65
13.819999999999999
13.739999999999998
22.49
12.46
13.76
16.35
17.310000000000002
23.48
18.07
15.579999999999998
17.21
12.919999999999998
14.780000000000001
14.87
12.06
16.02
16.400000000000002
13.03
13.5
19.63
26.67
19.63
20.68
24.52
17.27
12.67
16.52
14.700000000000001
17.349999999999998
16.97
13.91
12.840000000000002
13.280000000000001
17.759999999999998
13.500000000000002
16.27
18.71
17.03
19.009999999999998
15.500000000000002
17.19
25.97
10.96
13.74
22.88
13.950000000000001
18.89
16.63
17.549999999999997
14.209999999999999
16.52
18.76
16.68
17.0
18.19
15.879999999999999
19.709999999999997
18.48
44.22
14.340000000000002
13.94
11.85
24.81
16.41
11.51
15.66
17.61
18.3
14.5
20.979999999999997
16.42
16.15
15.7
17.400000000000002
12.570000000000002
17.99
15.809999999999999
17.32
18.27
16.11
25.22
14.56
19.01
15.94
16.43
14.22
13.510000000000002
17.349999999999998
16.48
19.080000000000002
19.450000000000003
18.32
16.66
14.639999999999999
15.649999999999999
16.03
15.22
17.959999999999997
17.259999999999998
21.589999999999996
13.939999999999998
13.409999999999998
18.42
19.38
16.189999999999998
16.57
14.489999999999998
18.259999999999998
14.989999999999998
16.11
17.36
16.82
15.47
16.07
16.400000000000002
17.16
13.889999999999999
15.81
16.09
17.02
18.83
15.67
15.18
16.17
19.23
14.360000000000001
15.8
13.299999999999999
17.86
14.520000000000001
17.26
17.02
17.14
17.73
13.74
15.46
17.970000000000002
21.22
20.830000000000002
13.71
13.66
19.32
17.57
19.330000000000002
18.57
12.25
11.92
14.48
16.240000000000002
15.36
17.3
13.66
13.98
15.719999999999999
12.69
20.7
16.169999999999998
14.03
15.23
26.42
20.38
15.020000000000001
16.560000000000002
14.05
14.400000000000002
19.14
16.049999999999997
14.48
14.3
15.83
16.02
15.96
19.580000000000002
21.48
18.15
18.12
18.04
17.0
19.27
29.23
13.97
17.97
15.459999999999999
11.94
33.21
14.090000000000002
16.25
18.5
13.18
15.450000000000001
16.53
17.860000000000003
19.9
14.27
17.39
18.61
18.779999999999998
13.000000000000002
18.080000000000002
14.760000000000002
17.53
15.349999999999998
16.46
20.22
17.1
21.060000000000002
13.21
15.879999999999999
16.16
14.809999999999999
15.38
15.82
19.83
14.42
15.559999999999999
14.979999999999999
14.89
22.88
17.99
17.46
18.5
18.8
14.310000000000002
18.21
16.97
13.81
18.759999999999998
13.52
13.860000000000001
18.88
15.96
17.360000000000003
14.12
14.280000000000001
23.4
18.310000000000002
14.97
21.310000000000002
17.66
18.11
17.17
19.95
12.61
17.21
14.35
15.479999999999999
16.330000000000002
13.360000000000001
17.509999999999998
16.29
18.18
13.749999999999998
17.37
17.91
17.39
16.62
20.29
15.57
14.439999999999998
18.06
17.97
17.419999999999998
21.339999999999996
16.03
17.240000000000002
15.11
17.1
22.22
18.16
17.23
19.87
13.55
13.31
15.12
18.07
17.209999999999997
14.759999999999998
16.91
17.11
17.84
15.2
13.340000000000002
16.18
18.96
16.57
17.78
12.47
21.200000000000003
16.5
15.060000000000002
15.67
18.060000000000002
14.959999999999999
21.1
16.32
18.77
13.030000000000001
15.110000000000001
18.34
16.61
13.08
12.690000000000001
12.66
16.540000000000003
13.330000000000002
14.809999999999999
19.13
13.280000000000001
15.399999999999999
20.979999999999997
21.97
26.57
14.45
17.17
14.34
15.32
14.85
16.35
17.08
12.719999999999999
13.01
15.180000000000001
14.350000000000001
13.84
15.049999999999999
17.82
16.96
16.98
16.57
11.23
14.159999999999998
15.98
17.880000000000003
26.89
15.77
18.41
17.0
16.07
17.0
15.32
16.25
14.92
13.780000000000001
12.95
14.83
17.779999999999998
16.85
13.7
13.61
14.02
18.4
19.88
14.44
15.81
16.939999999999998
17.64
17.009999999999998
15.059999999999999
17.68
14.739999999999998
12.779999999999998
17.61
16.25
21.46
13.72
17.82
14.120000000000001
17.18
16.25
56.82
21.23
17.369999999999997
19.04
18.03
16.64
17.509999999999998
14.42
17.310000000000002
14.77
14.209999999999999
16.7
17.200000000000003
12.46
56.52
16.220000000000002
17.11
16.91
13.0
15.370000000000001
16.42
14.01
56.62
17.979999999999997
15.18
18.279999999999998
19.27
15.639999999999999
14.240000000000002
14.49
17.46
16.49
13.659999999999998
13.190000000000001
14.31
17.080000000000002
15.68
15.06
14.34
12.98
14.009999999999998
19.509999999999998
17.099999999999998
14.71
53.82
15.67
15.419999999999998
13.559999999999999
18.259999999999998
12.920000000000002
15.26
15.950000000000001
12.930000000000001
26.89
15.919999999999998
16.610000000000003
14.61
17.33
15.26
16.56
17.6
14.240000000000002
16.86
14.98
15.15
15.570000000000002
11.52
17.029999999999998
22.04
15.790000000000001
15.75
23.17
18.02
18.96
17.169999999999998
14.739999999999998
15.64
15.089999999999998
16.67
13.65
17.490000000000002
15.37
16.38
12.29
14.530000000000001
18.979999999999997
14.870000000000001
18.4
13.0
19.19
14.12
17.82
14.73
13.110000000000001
12.120000000000001
16.7
17.84
18.060000000000002
15.86
13.96
13.39
21.740000000000002
17.150000000000002
21.589999999999996
16.32
28.490000000000002
13.28
18.24
12.9
16.49
19.21
21.48
14.09
19.03
16.55
20.560000000000002
19.38
12.46
14.38
13.44
12.75
21.349999999999998
16.32
13.329999999999998
17.869999999999997
16.31
14.12
15.95
16.52
16.69
16.43
14.86
16.42
15.840000000000002
20.490000000000002
18.17
16.900000000000002
18.75
11.57
17.08
15.650000000000002
14.88
16.89
13.67
12.86
17.28
16.16
17.96
13.950000000000001
14.19
15.55
18.15
15.92
15.030000000000001
29.29
13.67
13.149999999999999
14.43
14.700000000000001
17.22
12.96
19.130000000000003
15.82
17.810000000000002
18.71
19.15
13.02
18.58
17.82
13.37
15.200000000000001
18.32
13.069999999999999
15.27
16.560000000000002
20.58
14.46
14.29
17.36
15.639999999999999
15.94
15.53
14.01
18.52
15.05
17.56
17.18
15.570000000000002
15.81
21.87
17.76
46.02
23.979999999999997
13.58
13.329999999999998
18.36
13.7
11.3
18.78
17.89
21.43
14.479999999999999
16.57
14.87
16.259999999999998
16.56
17.45
13.709999999999999
17.599999999999998
17.46
12.91
20.92
19.42
23.18
14.79
47.72
14.770000000000001
13.61
18.8
15.3
19.979999999999997
15.34
13.62
14.07
14.63
15.87
19.94
17.419999999999998
13.88
13.150000000000002
14.6
16.71
18.05
17.14
15.000000000000002
18.71
14.96
16.959999999999997
16.21
20.05
16.42
19.32
15.370000000000001
13.92
16.57
21.93
17.810000000000002
13.41
14.319999999999999
16.12
17.22
16.419999999999998
14.530000000000001
14.42
16.810000000000002
18.09
14.99
14.97
17.86
18.67
16.88
16.65
15.59
14.83
15.23
24.36
15.090000000000002
17.63
12.370000000000001
17.97
17.12
19.68
18.37
16.35
18.68
18.18
14.819999999999999
15.91
16.72
20.990000000000002
15.549999999999999
16.130000000000003
13.100000000000001
12.139999999999999
16.44
10.98
26.74
14.52
18.77
14.26
17.67
13.85
13.52
12.86
17.75
17.35
16.28
14.86
14.21
18.11
15.42
22.68
19.75
14.319999999999999
16.66
15.069999999999999
17.57
14.72
14.61
17.529999999999998
14.490000000000002
15.71
15.16
17.61
19.07
16.32
17.7
17.45
13.12
17.07
18.259999999999998
17.5
16.46
15.280000000000001
12.24
17.0
20.759999999999998
17.98
13.37
16.66
12.29
17.18
17.279999999999998
15.299999999999999
18.41
15.32
16.96
19.540000000000003
16.69
17.04
17.41
21.85
17.669999999999998
16.22
19.54
18.67
16.31
12.989999999999998
19.04
14.02
17.88
19.19
15.469999999999999
17.13
18.6
15.61
18.07
18.12
18.62
15.22
19.27
16.11
15.75
16.720000000000002
16.509999999999998
18.77
16.31
16.52
13.190000000000001
14.42
16.580000000000002
16.729999999999997
15.64
16.9
13.06
18.200000000000003
15.91
14.04
16.69
12.87
18.81
12.25
17.490000000000002
20.270000000000003
18.37
13.64
15.900000000000002
14.46
16.369999999999997
19.0
17.580000000000002
14.11
18.48
14.829999999999998
18.84
18.630000000000003
16.11
15.37
13.74
18.46
17.029999999999998
17.18
18.64
13.69
13.610000000000001
16.74
18.58
18.87
15.59
19.46
13.52
17.8
26.77
18.209999999999997
13.83
15.129999999999999
20.37
19.31
13.149999999999999
18.69
13.05
13.91
19.029999999999998
16.49
16.96
14.92
15.919999999999998
14.96
18.91
19.07
15.67
15.35
15.350000000000001
11.78
18.14
14.659999999999998
13.33
15.98
12.420000000000002
18.74
18.67
17.77
19.24
17.12
14.57
15.259999999999998
21.09
15.719999999999999
14.559999999999999
15.56
17.950000000000003
17.04
18.06
15.59
17.34
13.96
14.33
13.579999999999998
12.2
15.77
20.099999999999998
14.159999999999998
19.98
17.03
15.82
18.669999999999998
17.62
21.52
13.57
14.37
14.7
16.93
19.15
14.999999999999998
20.8
30.34
15.53
14.510000000000002
15.59
15.78
14.149999999999999
13.36
15.53
16.71
17.27
18.439999999999998
12.76
20.59
13.16
17.560000000000002
12.92
14.120000000000001
16.25
19.450000000000003
18.66
15.389999999999999
18.84
16.529999999999998
17.63
17.21
15.43
18.96
11.700000000000001
19.06
15.010000000000002
13.049999999999999
22.43
16.41
18.43
18.06
13.6
13.96
46.82
16.560000000000002
46.27
16.34
14.19
19.23
19.529999999999998
14.860000000000001
20.91
17.27
14.43
16.52
14.560000000000002
13.809999999999999
15.629999999999999
16.45
18.189999999999998
13.91
18.400000000000002
20.03
16.4
12.57
15.09
17.18
14.760000000000002
13.559999999999999
18.04
14.8
14.06
17.78
12.59
20.98
17.86
15.19
16.47
15.639999999999999
15.41
18.61
12.45
17.57
17.13
13.420000000000002
13.43
15.82
17.189999999999998
13.7
15.259999999999998
12.469999999999999
15.91
15.92
15.559999999999999
18.61
17.990000000000002
17.57
17.84
14.290000000000001
17.279999999999998
16.85
14.58
16.080000000000002
17.88
20.22
16.439999999999998
19.159999999999997
15.82
15.11
15.719999999999999
14.67
16.21
12.75
20.560000000000002
12.280000000000001
16.36
18.029999999999998
15.280000000000001
18.72
16.46
17.790000000000003
14.36
15.740000000000002
13.209999999999999
16.639999999999997
14.709999999999999
15.11
18.37
14.989999999999998
18.71
15.670000000000002
15.69
17.79
17.14
15.969999999999999
16.78
13.59
16.0
15.9
22.02
16.46
14.18
16.31
18.58
13.979999999999999
16.63
15.309999999999999
19.51
21.28
17.92
18.75
21.92
16.62
16.73
17.9
16.139999999999997
18.189999999999998
15.71
18.05
13.850000000000001
18.32
15.36
18.220000000000002
16.61
16.11
15.42
14.309999999999999
13.170000000000002
14.89
21.94
15.04
17.36
16.12
