0.03482627868652344
0.03783181381225586
0.03980892562866211
0.039590078353881836
0.03925930118560791
0.039475948333740234
0.03955915641784668
0.03763490104675293
0.02877187728881836
0.032479047775268555
0.03903108024597168
0.02935881233215332
0.03718922424316406
0.02859622573852539
0.043529136657714844
0.04289484977722168
0.04292489051818848
0.040870914459228516
0.0282347412109375
0.04277468681335449
0.042765865325927734
0.04348207473754883
0.042240007400512695
0.042579998016357422
0.04255176544189453
0.04202199935913086
0.041533005714416504
0.0327904054641723633
0.02975887870788574
0.032007793426513672
0.04271770477294922
0.041141281127929688
0.045524845123291016
0.03062774848937988
0.032446861267089844
0.03212690353393555
0.03255693817138672
0.030073041915893555
0.030206037521362305
0.03060007095336914
0.03187417984008789
0.033600807189941406
0.03570413589477539
0.034239768981933594
0.03193187713623047
0.029713869094848633
0.034687042236328125
0.03256678581237793
0.037567138671875
0.03663992881774902
0.030703182220458984
0.03249216079711914
0.03564190864562988
0.027458906173706055
0.03679203987121582
0.03316521644592285
0.031445980072021484
0.03267717361450195
0.03711891174316406
0.03559708595275879
0.032347917556762695
0.033843994140625
0.03508710861206055
0.03222012519836426
0.030457019805908203
0.031116962432861328
0.03129005432128906
0.032464027404785156
0.033167123794555664
0.033215999603271484
0.03164792060852051
0.03201580047607422
0.030707836151123047
0.033035993576049805
0.034197092056274414
0.03408002853393555
0.03751015663146973
0.03261208534240723
0.03345084190368652
0.030259132385253906
0.03417611122131348
0.03375983238220215
0.0331268310546875
0.03240084648132324
0.034628204345703125
0.035352230072021484
0.03692710876464844
0.033299922943115234
0.03097701072692871
0.03389310836791992
0.037777982711791992
0.036924983978271484
0.034136056900024414