0.024096012115478516
0.022036075592041016
0.022185087203979492
0.022327184677124023
0.023148059844970703
0.023794174194335938
0.0248110294342041
0.02361893653869629
0.022584915161132812
0.023016929626464844
0.024027109146118164
0.024397850036621094
0.025371074676513672
0.024448156356811523
0.02394890785217285
0.02422785758972168
0.0277288246154785
0.03267313003540039
0.0336358642578125
0.032526025772094727
0.03035524559020996
0.03016594123840332
0.03236008644104004
0.032328801155090332
0.02360701560974121
0.030153160095214844
0.024982929229736328
0.024657011032104492
0.023109912872314453
0.023839950561523438
0.022886037826538086
0.028151874542236328
0.024184226989746094
0.0244448184967041
0.028265050888061523
0.025310277938842773
0.025043249130249023
0.02497696876525879
0.025185823440551758
0.022751808166503906
0.02440786361694336