0.013328472391213
0.012839123232144
0.01128391203123123
0.017329813182394213
0.017218391236473823
0.012381923784718924
0.01023819466274
0.011389471451248712
0.014832497472717297
0.009123781623124552
0.010123875464772734
0.011238423432657238
0.012948478378243882
0.013982403219204094
0.0119849018038091802
0.010849820138921032
0.009489217398717274
0.011291389213646732
0.009923781839216478
0.013389137821378231
0.015627163521731203
0.013980028191232111
0.014837284918273982
0.017283721737128738
0.01293891893865467
0.013989738726674723
0.014928391239213019
0.012490329861762381
0.012771028923901121
0.01238993190202111
0.013329938599044032
0.014982398298366271
0.01627636129599389
0.013387278112764678