0.006216287612915039
0.008634235382080078
0.008064891815185547
0.00525212287902832
0.005667924880981445
0.005841255187988281
0.008177186965942383
0.006880044937133789
0.005305767059326172
0.008502079010009766
0.005630016326904297
0.008279064178466797
0.008311893463134766
0.008591154098510742
0.0059740543365478516
0.007214069366455078
0.008276845932006836
0.0088372745513916016
0.010023811340332031
0.007110118865966797
0.00423431396484375
0.0067059993743896484
0.006730079650878906
0.006020784378051758
0.005795955657958984
0.004465341567993164
0.007508039474487305
0.004288911819458008
0.01032421875
0.009584001541137695
0.005773067474365234
0.005569934844970703
0.004421710968017578
0.00432896614074707
0.005671977996826172
0.007430315017700195
0.0069370269775390625