0.018841028213500977
0.016355037689208984
0.016379833221435547
0.016528844833374023
0.017472028732299805
0.01654505729675293
0.01591181755065918
0.017422914505004883
0.017088890075683594
0.01697397232055664
0.01655292510986328
0.01642584800720215
0.01743316650390625
0.017313003540039062
0.016531944274902344
0.015938997268676758
0.015661882400512695
0.027257068634033203
0.0172879695892334
0.017889022827148438
0.01921391487121582
0.017612934112548828
0.016395092010498047
0.016551733016967773
0.017414093017578125
0.016839265823364258
0.01645803451538086
0.01638484001159668
0.016658782958984375
0.01619696617126465
0.016563892364501953
0.017053842544555664
0.025931772232055664
0.01679205894470215
0.01727914810180664
0.0171053409576416
0.02671600341796875
0.02591777801513672
0.0269222354888916
0.01701807975769043
0.0164639949798584
0.016782045364379883
0.01689314842224121
0.02936793327331543
0.02049994468688965
0.020375967025756836
0.024333953857421875
0.028691062927246094
0.016289949417114258
0.017010927200317383
0.016325950622558594
0.01703810691833496
0.016394853591918945
0.0264029598236084
0.025266273498535156
0.023891002655029297
0.024322851181030273
0.025297101974487305
0.02502482795715332
