113.04999999999998, 225.1, 220
89.3, 178.2, 220
95.94999999999999, 210.3, 220
127.05000000000001, 213.7, 220
235.45000000000002, 212.2, 220
111.6, 221.8, 220
320.0, 219.0, 220
111.50000000000001, 187.0, 220
104.8, 215.5, 220
98.75000000000001, 215.5, 220
91.3, 220.5, 220
110.2, 215.5, 220
109.05000000000001, 223.9, 220
105.9, 219.2, 220
126.0, 215.4, 220
97.14999999999999, 222.9, 220
324.15, 218.3, 220
156.39999999999998, 212.5, 220
104.9, 202.3, 220
91.8, 218.0, 220
106.35, 220.8, 220
111.55, 196.8, 220
102.8, 207.6, 220
102.55, 224.6, 220
115.05, 191.2, 220
116.44999999999999, 219.2, 220
104.65, 214.0, 220
94.14999999999999, 208.2, 220
114.10000000000001, 212.5, 220
96.94999999999999, 208.2, 220
103.55, 216.0, 220
116.05, 220.5, 220
108.25, 201.8, 220
109.10000000000001, 220.3, 220
112.6, 218.0, 220
112.39999999999999, 219.3, 220
91.3, 225.4, 220
80.3, 215.6, 220
114.50000000000001, 208.2, 220
113.05, 228.4, 220
122.44999999999999, 214.1, 220
113.55, 212.7, 220
100.45, 208.8, 220
138.0, 215.5, 220
104.9, 222.7, 220
103.8, 216.9, 220
107.04999999999998, 229.6, 220
109.9, 227.7, 220
89.9, 211.0, 220
104.19999999999999, 212.7, 220
93.3, 224.2, 220
257.9, 221.5, 220
107.65, 215.4, 220
113.30000000000001, 212.2, 220
108.45, 225.3, 220
92.3, 225.9, 220
104.25, 224.8, 220
104.8, 216.0, 220
106.7, 216.0, 220
108.39999999999999, 221.8, 220
107.04999999999998, 222.8, 220
117.85, 210.4, 220
106.25, 232.0, 220
103.9, 216.1, 220
97.74999999999999, 220.6, 220
116.5, 212.9, 220
119.85, 202.9, 220
117.5, 213.2, 220
103.05000000000001, 223.8, 220
94.14999999999999, 198.6, 220
92.8, 224.2, 220
105.04999999999998, 192.1, 220
111.50000000000001, 217.4, 220
117.9, 224.6, 220
149.39999999999998, 214.0, 220
70.0, 227.1, 220
109.6, 221.8, 220
109.39999999999999, 206.0, 220
93.8, 214.7, 220
326.15, 215.4, 220
125.75, 215.5, 220
128.65, 181.1, 220
91.9, 223.2, 220
253.89999999999998, 221.9, 220
114.2, 218.9, 220
122.05000000000001, 225.3, 220
96.00000000000001, 225.7, 220
120.44999999999999, 150.2, 220
120.44999999999999, 219.3, 220
103.9, 185.4, 220
126.85, 225.2, 220
106.19999999999999, 224.6, 220
118.50000000000001, 214.6, 220
104.99999999999999, 226.2, 220
114.05, 226.9, 220
233.45000000000002, 214.6, 220
149.39999999999998, 223.7, 220
255.89999999999998, 195.6, 220
90.60000000000001, 213.8, 220
95.74999999999999, 215.4, 220
120.85, 210.0, 220
317.0, 215.1, 220
312.0, 215.1, 220
119.85, 212.8, 220
126.54999999999998, 218.9, 220
98.74999999999999, 215.2, 220
89.60000000000001, 225.7, 220
121.05000000000001, 218.3, 220
104.9, 216.0, 220
105.8, 215.4, 220
79.3, 223.6, 220
114.2, 217.9, 220
100.14999999999999, 222.3, 220
239.45000000000002, 218.8, 220
105.8, 216.3, 220
109.39999999999999, 223.5, 220
109.30000000000001, 222.0, 220
123.35, 231.2, 220
111.6, 214.6, 220
113.10000000000001, 219.9, 220
114.44999999999999, 215.1, 220
119.5, 211.0, 220
328.15, 216.8, 220
118.10000000000001, 218.3, 220
106.6, 226.0, 220
86.3, 205.8, 220
112.9, 211.3, 220
107.19999999999999, 181.2, 220
108.19999999999999, 224.7, 220
95.45, 224.6, 220
122.1, 218.9, 220
93.15, 229.0, 220
116.05, 215.8, 220
87.3, 228.1, 220
109.55, 218.5, 220
109.35, 229.0, 220
324.15, 224.7, 220
101.19999999999999, 202.9, 220
101.25, 222.0, 220
116.05, 223.3, 220
112.19999999999999, 219.2, 220
85.3, 212.0, 220
105.30000000000001, 218.7, 220
107.6, 219.5, 220
102.00000000000001, 217.3, 220
128.05, 214.0, 220
104.39999999999999, 227.1, 220
94.74999999999999, 218.0, 220
96.00000000000001, 215.8, 220
107.6, 204.1, 220
96.14999999999999, 148.0, 220
124.65, 224.1, 220
106.19999999999999, 181.1, 220
117.44999999999999, 208.2, 220
102.14999999999999, 217.4, 220
108.8, 218.3, 220
111.39999999999999, 217.1, 220
103.9, 177.9, 220
119.85, 220.6, 220
105.55, 223.8, 220
85.3, 218.8, 220
103.8, 223.3, 220
118.44999999999999, 223.9, 220
254.89999999999998, 193.0, 220
108.55, 212.5, 220
118.85, 229.3, 220
94.45, 214.0, 220
106.55, 198.2, 220
107.19999999999999, 219.8, 220
126.54999999999998, 210.3, 220
106.55, 221.4, 220
100.19999999999999, 214.6, 220
111.10000000000001, 211.0, 220
95.14999999999999, 214.0, 220
311.0, 210.1, 220
240.45000000000002, 211.9, 220
117.05, 213.5, 220
91.15, 204.3, 220
113.8, 215.8, 220
109.19999999999999, 207.1, 220
102.94999999999999, 194.6, 220
109.6, 218.3, 220
127.65, 221.0, 220
109.44999999999999, 179.1, 220
106.8, 209.5, 220
125.54999999999998, 216.8, 220
84.8, 222.5, 220
116.5, 229.0, 220
108.8, 220.2, 220
104.25, 221.8, 220
84.0, 223.4, 220
99.14999999999999, 218.3, 220
106.9, 227.5, 220
118.05, 236.9, 220
102.8, 204.1, 220
102.00000000000001, 210.1, 220
258.9, 220.3, 220
132.54999999999998, 224.4, 220
119.1, 213.7, 220
119.1, 219.6, 220
112.50000000000001, 222.9, 220
109.30000000000001, 218.0, 220
111.10000000000001, 219.7, 220
118.5, 212.7, 220
114.44999999999999, 218.7, 220
121.5, 231.2, 220
108.45, 206.5, 220
111.8, 206.5, 220
115.10000000000001, 227.9, 220
107.14999999999999, 193.1, 220
235.45000000000002, 217.0, 220
91.0, 212.8, 220
104.65, 221.8, 220
95.15, 217.0, 220
126.54999999999998, 219.9, 220
110.05, 217.2, 220
114.05, 173.4, 220
102.14999999999999, 231.2, 220
109.6, 183.0, 220
121.05000000000001, 216.2, 220
124.54999999999998, 219.9, 220
115.9, 210.3, 220
109.05000000000001, 204.1, 220
118.10000000000001, 218.5, 220
120.44999999999999, 219.8, 220
85.9, 215.5, 220
133.75, 215.0, 220
96.15, 216.9, 220
319.15, 224.1, 220
238.45000000000002, 207.3, 220
321.15, 215.1, 220
110.30000000000001, 222.1, 220
113.10000000000001, 211.2, 220
101.05000000000001, 215.4, 220
95.45, 223.3, 220
128.65, 224.8, 220
155.39999999999998, 212.5, 220
104.8, 225.3, 220
113.30000000000001, 223.5, 220
98.0, 228.4, 220
103.05000000000001, 219.2, 220
108.8, 194.6, 220
128.54999999999998, 214.1, 220
109.05, 203.6, 220
103.94999999999999, 207.6, 220
116.85, 217.7, 220
111.8, 224.2, 220
124.85, 211.9, 220
132.54999999999998, 219.8, 220
105.45, 221.8, 220
106.45, 215.0, 220
104.04999999999998, 225.6, 220
113.10000000000001, 218.3, 220
106.8, 219.9, 220
126.1, 228.9, 220
108.6, 219.4, 220
106.19999999999999, 214.0, 220
106.55, 220.3, 220
105.30000000000001, 198.3, 220
67.0, 223.7, 220
112.05, 235.8, 220
262.9, 212.8, 220
103.9, 224.2, 220
110.10000000000001, 218.5, 220
105.8, 195.2, 220
84.8, 217.4, 220
102.25, 213.2, 220
108.05000000000001, 223.8, 220
109.8, 215.4, 220
101.19999999999999, 200.5, 220
262.9, 214.0, 220
119.65, 220.5, 220
103.94999999999999, 222.8, 220
112.6, 219.2, 220
104.04999999999998, 214.1, 220
105.35, 217.3, 220
99.94999999999999, 194.8, 220
111.30000000000001, 218.3, 220
97.94999999999999, 219.3, 220
313.0, 212.7, 220
103.14999999999999, 214.2, 220
118.10000000000001, 221.4, 220
127.35, 192.1, 220
106.14999999999999, 229.0, 220
104.55, 210.6, 220
311.0, 227.1, 220
99.8, 217.7, 220
104.8, 223.8, 220
104.8, 226.0, 220
106.25, 221.7, 220
113.6, 200.9, 220
116.44999999999999, 187.9, 220
114.4, 227.6, 220
111.05, 222.0, 220
105.55, 217.1, 220
99.45, 217.4, 220
109.8, 214.0, 220
106.6, 215.3, 220
96.15, 214.2, 220
92.60000000000001, 221.5, 220
112.05, 212.6, 220
115.44999999999999, 220.5, 220
108.35, 224.5, 220
107.35, 207.3, 220
104.8, 203.6, 220
101.74999999999999, 224.1, 220
101.14999999999999, 220.9, 220
106.8, 200.9, 220
319.15, 203.0, 220
107.65, 192.1, 220
92.60000000000001, 224.3, 220
104.55, 225.3, 220
115.44999999999999, 221.8, 220
107.05000000000001, 223.8, 220
111.8, 217.1, 220
112.19999999999999, 212.2, 220
105.9, 220.9, 220
114.44999999999999, 225.0, 220
107.65, 178.2, 220
112.8, 148.0, 220
93.3, 181.2, 220
101.19999999999999, 225.4, 220
84.8, 218.6, 220
110.50000000000001, 206.0, 220
106.55, 217.3, 220
158.39999999999998, 223.0, 220
112.50000000000001, 213.3, 220
106.30000000000001, 215.0, 220
107.04999999999998, 203.8, 220
112.30000000000001, 221.9, 220
85.3, 218.9, 220
86.9, 209.7, 220
105.8, 210.7, 220
90.75000000000001, 202.4, 220
112.4, 224.2, 220
117.44999999999999, 225.6, 220
89.60000000000001, 229.5, 220
103.00000000000001, 217.3, 220
109.10000000000001, 229.6, 220
112.55, 232.0, 220
328.15, 226.0, 220
105.05000000000001, 183.8, 220
327.15, 211.9, 220
102.14999999999999, 215.2, 220
125.1, 218.0, 220
104.8, 225.3, 220
126.05000000000001, 218.0, 220
101.25, 215.4, 220
97.75000000000001, 217.8, 220
95.14999999999999, 204.1, 220
124.05000000000001, 232.4, 220
98.74999999999999, 222.1, 220
111.50000000000001, 188.0, 220
104.65, 225.1, 220
125.85, 220.2, 220
106.9, 218.0, 220
117.50000000000001, 177.9, 220
109.8, 218.3, 220
108.04999999999998, 226.0, 220
95.60000000000001, 215.3, 220
110.05, 227.8, 220
96.15, 227.7, 220
113.4, 208.8, 220
112.10000000000001, 206.9, 220
109.19999999999999, 220.3, 220
119.1, 219.3, 220
110.55, 217.1, 220
118.10000000000001, 211.0, 220
108.8, 202.3, 220
96.75000000000001, 223.8, 220
157.39999999999998, 206.5, 220
107.19999999999999, 218.0, 220
110.8, 220.0, 220
114.44999999999999, 220.3, 220
312.0, 217.2, 220
108.55, 231.8, 220
128.05, 226.0, 220
119.85, 223.8, 220
102.94999999999999, 227.3, 220
117.10000000000001, 215.5, 220
106.25, 217.7, 220
105.30000000000001, 228.4, 220
96.00000000000001, 224.1, 220
117.44999999999999, 212.7, 220
95.74999999999999, 213.8, 220
98.14999999999999, 221.2, 220
116.50000000000001, 221.8, 220
121.5, 196.8, 220
106.05000000000001, 217.0, 220
101.14999999999999, 212.1, 220
104.05000000000001, 217.9, 220
100.25, 223.6, 220
116.85, 221.6, 220
101.45, 223.6, 220
121.1, 218.3, 220
106.55, 214.1, 220
123.85, 224.3, 220
90.60000000000001, 220.6, 220
81.3, 214.6, 220
110.8, 234.1, 220
108.35, 235.8, 220
92.60000000000001, 203.0, 220
100.05000000000001, 216.4, 220
89.8, 187.9, 220
108.6, 222.3, 220
104.8, 206.3, 220
118.85, 217.4, 220
117.10000000000001, 221.4, 220
86.8, 219.1, 220
108.8, 212.2, 220
118.85, 226.0, 220
115.85, 224.1, 220
117.85, 214.0, 220
124.75, 215.8, 220
117.05, 230.6, 220
105.30000000000001, 232.8, 220
121.85, 227.7, 220
106.19999999999999, 186.6, 220
87.3, 211.4, 220
128.1, 218.9, 220
101.19999999999999, 215.6, 220
109.39999999999999, 224.8, 220
85.0, 217.4, 220
111.30000000000001, 213.5, 220
96.14999999999999, 140.1, 220
101.45, 209.5, 220
101.55, 192.1, 220
99.8, 236.9, 220
108.55, 200.9, 220
106.7, 214.0, 220
151.39999999999998, 193.0, 220
104.8, 225.3, 220
105.65, 217.9, 220
111.8, 224.3, 220
100.99999999999999, 208.2, 220
114.2, 214.7, 220
124.85, 230.6, 220
91.9, 221.4, 220
115.2, 215.6, 220
90.60000000000001, 202.3, 220
107.19999999999999, 214.1, 220
114.9, 214.0, 220
120.65, 229.6, 220
107.55, 195.6, 220
103.05000000000001, 217.1, 220
106.8, 217.4, 220
106.8, 220.5, 220
109.9, 219.3, 220
93.15, 228.4, 220
113.30000000000001, 214.0, 220
104.19999999999999, 223.2, 220
127.1, 210.0, 220
127.85, 229.3, 220
115.44999999999999, 215.4, 220
101.55, 229.0, 220
90.9, 228.1, 220
94.74999999999999, 219.3, 220
115.85, 215.4, 220
262.9, 200.9, 220
108.8, 216.2, 220
261.9, 217.0, 220
105.14999999999999, 218.1, 220
108.19999999999999, 203.8, 220
88.9, 207.6, 220
324.15, 215.5, 220
107.19999999999999, 226.3, 220
106.25, 203.1, 220
120.1, 220.4, 220
102.00000000000001, 215.4, 220
111.39999999999999, 206.2, 220
106.99999999999999, 223.9, 220
103.8, 200.4, 220
108.04999999999998, 225.2, 220
119.85, 227.3, 220
112.55, 226.1, 220
105.19999999999999, 207.3, 220
128.05, 210.4, 220
113.55, 221.1, 220
98.14999999999999, 218.3, 220
113.9, 218.8, 220
117.4, 220.3, 220
100.55, 223.1, 220
108.8, 231.1, 220
101.55, 219.6, 220
109.9, 194.6, 220
99.74999999999999, 215.5, 220
127.85, 219.8, 220
97.14999999999999, 225.0, 220
115.50000000000001, 211.0, 220
102.19999999999999, 213.1, 220
116.2, 225.2, 220
113.44999999999999, 236.9, 220
116.4, 207.6, 220
126.75, 148.0, 220
122.05000000000001, 217.1, 220
106.25, 223.9, 220
320.0, 217.9, 220
99.9, 223.7, 220
92.9, 181.1, 220
94.14999999999999, 193.9, 220
102.94999999999999, 250.3, 240
102.25, 253.9, 240
94.2, 242.2, 240
156.1, 228.5, 240
101.05000000000001, 237.6, 240
104.99999999999999, 237.9, 240
100.80000000000001, 228.3, 240
106.05000000000001, 228.4, 240
98.1, 233.8, 240
100.89999999999999, 157.1, 240
100.3, 244.8, 240
111.30000000000001, 234.1, 240
101.60000000000001, 222.8, 240
102.1, 237.3, 240
79.0, 241.8, 240
98.0, 236.6, 240
121.80000000000001, 224.1, 240
99.3, 238.0, 240
116.80000000000001, 250.5, 240
97.35000000000001, 238.3, 240
91.85, 241.1, 240
90.7, 228.0, 240
191.2, 233.2, 240
95.80000000000001, 241.2, 240
103.05000000000001, 235.5, 240
93.2, 238.3, 240
151.1, 241.1, 240
91.7, 238.0, 240
93.0, 239.9, 240
99.05000000000001, 194.9, 240
95.35000000000001, 250.5, 240
103.85, 238.8, 240
106.0, 232.8, 240
107.35, 241.6, 240
91.85, 233.5, 240
232.6, 232.3, 240
114.04999999999998, 242.4, 240
113.95, 235.6, 240
105.94999999999999, 224.3, 240
102.94999999999999, 226.7, 240
101.75, 227.3, 240
103.05000000000001, 186.6, 240
90.65, 234.4, 240
109.35, 233.0, 240
95.74999999999999, 220.1, 240
90.2, 249.0, 240
92.8, 229.4, 240
94.7, 225.2, 240
90.35000000000001, 237.0, 240
118.80000000000001, 239.8, 240
100.45, 235.8, 240
100.74999999999999, 239.0, 240
107.64999999999999, 228.5, 240
107.15, 250.3, 240
108.7, 238.0, 240
85.65, 240.3, 240
88.8, 231.0, 240
113.70000000000002, 235.3, 240
100.14999999999999, 236.8, 240
89.65, 235.3, 240
103.74999999999999, 233.2, 240
104.05000000000001, 208.3, 240
94.85, 242.2, 240
109.30000000000001, 231.0, 240
103.19999999999999, 227.7, 240
94.80000000000001, 233.7, 240
106.85, 229.8, 240
100.6, 243.0, 240
104.6, 235.1, 240
109.04999999999998, 232.1, 240
235.6, 239.3, 240
96.1, 244.7, 240
108.19999999999999, 228.4, 240
102.94999999999999, 237.8, 240
82.0, 229.4, 240
97.65, 235.0, 240
95.74999999999999, 232.5, 240
105.3, 229.2, 240
103.80000000000001, 232.2, 240
106.75, 235.3, 240
97.2, 239.6, 240
155.1, 238.3, 240
84.0, 235.1, 240
94.65, 231.2, 240
111.15, 236.3, 240
96.89999999999999, 217.9, 240
86.4, 234.7, 240
114.80000000000001, 238.8, 240
85.7, 224.3, 240
90.80000000000001, 230.2, 240
111.6, 244.4, 240
99.3, 239.3, 240
85.7, 240.0, 240
158.1, 225.8, 240
96.25, 196.1, 240
99.55, 240.5, 240
93.8, 223.4, 240
108.25, 240.0, 240
106.0, 246.6, 240
106.25, 235.7, 240
98.4, 222.8, 240
101.7, 208.2, 240
96.85, 227.1, 240
92.65, 234.4, 240
87.7, 226.7, 240
103.85, 236.7, 240
109.70000000000002, 235.5, 240
89.80000000000001, 243.1, 240
104.1, 240.8, 240
157.1, 235.0, 240
93.2, 204.0, 240
98.74999999999999, 228.0, 240
100.19999999999999, 220.1, 240
82.0, 213.4, 240
101.89999999999999, 244.3, 240
96.55, 232.5, 240
86.7, 233.9, 240
95.80000000000001, 240.8, 240
110.30000000000001, 246.6, 240
91.5, 239.1, 240
192.2, 219.9, 240
111.6, 234.1, 240
123.80000000000001, 232.7, 240
99.3, 234.1, 240
106.19999999999999, 239.6, 240
88.4, 230.5, 240
97.1, 239.6, 240
93.89999999999999, 232.3, 240
92.2, 236.9, 240
92.35000000000001, 244.9, 240
99.4, 243.1, 240
103.6, 237.5, 240
104.6, 241.5, 240
92.1, 229.4, 240
105.19999999999999, 228.2, 240
100.14999999999999, 220.6, 240
99.3, 229.4, 240
118.6, 221.1, 240
85.15, 242.1, 240
96.45, 242.3, 240
100.25, 202.4, 240
89.5, 242.4, 240
108.3, 250.3, 240
102.89999999999999, 234.7, 240
99.1, 241.8, 240
103.05000000000001, 242.9, 240
91.2, 238.4, 240
99.1, 234.3, 240
100.19999999999999, 232.3, 240
115.80000000000001, 236.1, 240
98.7, 229.6, 240
95.2, 223.5, 240
105.05000000000001, 233.2, 240
93.2, 236.3, 240
239.6, 228.3, 240
103.3, 231.0, 240
97.15, 238.8, 240
103.7, 246.6, 240
96.65, 239.0, 240
86.65, 212.6, 240
100.1, 231.1, 240
103.80000000000001, 246.5, 240
103.45, 241.5, 240
95.89999999999999, 235.9, 240
103.94999999999999, 233.2, 240
100.80000000000001, 231.0, 240
99.05000000000001, 205.0, 240
97.65, 241.7, 240
109.35, 241.5, 240
101.25, 219.4, 240
106.99999999999999, 235.7, 240
96.74999999999999, 228.6, 240
111.04999999999998, 227.3, 240
93.15, 205.0, 240
100.74999999999999, 237.3, 240
108.04999999999998, 229.9, 240
113.19999999999999, 227.6, 240
101.89999999999999, 247.4, 240
104.94999999999999, 229.7, 240
89.80000000000001, 241.5, 240
90.7, 202.4, 240
93.65, 244.9, 240
109.19999999999999, 239.3, 240
93.2, 220.0, 240
108.15, 238.7, 240
88.15, 249.8, 240
87.4, 231.1, 240
104.7, 236.9, 240
104.75, 235.4, 240
105.35, 246.6, 240
107.0, 237.3, 240
111.35, 243.3, 240
106.3, 233.9, 240
111.64999999999999, 237.8, 240
85.2, 235.8, 240
90.15, 196.1, 240
101.3, 251.1, 240
92.80000000000001, 248.1, 240
96.80000000000001, 213.4, 240
106.19999999999999, 237.1, 240
96.55, 235.1, 240
91.15, 235.7, 240
96.15, 230.1, 240
90.65, 243.0, 240
112.30000000000001, 241.1, 240
86.5, 244.7, 240
107.75, 246.5, 240
96.2, 241.1, 240
94.3, 230.7, 240
103.94999999999999, 232.7, 240
189.2, 220.6, 240
101.1, 249.8, 240
114.70000000000002, 246.5, 240
100.7, 236.2, 240
97.65, 212.0, 240
119.80000000000001, 235.4, 240
87.65, 231.1, 240
98.0, 240.4, 240
98.0, 246.6, 240
91.80000000000001, 208.3, 240
114.95, 242.3, 240
82.0, 241.7, 240
111.6, 232.0, 240
109.04999999999998, 238.6, 240
97.15, 243.8, 240
108.85, 243.6, 240
75.0, 231.0, 240
100.25, 204.9, 240
192.2, 235.0, 240
196.2, 220.8, 240
96.60000000000001, 239.3, 240
96.65, 225.2, 240
103.05000000000001, 246.5, 240
94.45, 244.3, 240
100.1, 225.8, 240
98.55, 240.2, 240
113.6, 253.9, 240
110.35, 223.2, 240
98.3, 219.9, 240
92.2, 241.1, 240
95.15, 242.3, 240
102.74999999999999, 243.3, 240
102.94999999999999, 226.5, 240
91.5, 235.1, 240
97.7, 229.6, 240
95.65, 236.0, 240
93.65, 228.5, 240
91.15, 219.4, 240
111.95, 240.6, 240
112.6, 229.7, 240
110.35, 243.0, 240
97.80000000000001, 235.0, 240
99.74999999999999, 232.6, 240
86.2, 240.2, 240
106.05000000000001, 242.9, 240
92.8, 233.2, 240
103.05000000000001, 237.9, 240
237.6, 233.9, 240
99.3, 228.5, 240
90.15, 234.3, 240
105.05000000000001, 242.0, 240
101.1, 233.1, 240
88.8, 228.9, 240
113.30000000000001, 245.1, 240
85.65, 242.2, 240
85.7, 217.4, 240
91.15, 220.8, 240
109.0, 238.8, 240
89.15, 237.3, 240
95.0, 165.0, 240
92.2, 240.5, 240
94.2, 230.2, 240
110.70000000000002, 231.0, 240
100.94999999999999, 235.0, 240
233.6, 229.1, 240
99.94999999999999, 235.3, 240
101.14999999999999, 236.3, 240
95.65, 186.6, 240
84.0, 210.1, 240
76.0, 222.8, 240
113.95, 224.6, 240
117.95, 228.4, 240
101.75, 236.8, 240
85.1, 242.7, 240
108.35, 190.4, 240
115.95, 236.1, 240
190.2, 244.5, 240
98.2, 238.6, 240
96.2, 238.4, 240
91.65, 228.2, 240
92.5, 242.9, 240
92.65, 234.9, 240
120.80000000000001, 221.3, 240
95.89999999999999, 232.4, 240
106.85, 227.8, 240
103.14999999999999, 236.0, 240
86.8, 232.8, 240
116.6, 239.5, 240
101.80000000000001, 241.8, 240
102.80000000000001, 239.9, 240
98.89999999999999, 236.9, 240
92.2, 244.7, 240
108.04999999999998, 229.5, 240
116.6, 237.5, 240
90.1, 226.7, 240
115.6, 235.3, 240
101.7, 238.8, 240
89.2, 210.1, 240
94.35000000000001, 240.0, 240
106.35, 229.5, 240
84.15, 227.4, 240
110.0, 244.8, 240
106.05000000000001, 239.3, 240
94.4, 238.9, 240
123.80000000000001, 236.8, 240
100.3, 227.7, 240
109.04999999999998, 240.3, 240
195.2, 234.3, 240
105.64999999999999, 234.0, 240
107.85, 232.3, 240
237.6, 233.0, 240
90.85, 226.7, 240
108.85, 238.0, 240
93.85, 237.1, 240
97.65, 235.1, 240
105.25, 227.1, 240
111.6, 236.8, 240
95.2, 217.4, 240
97.80000000000001, 239.9, 240
112.0, 231.0, 240
89.2, 232.0, 240
109.35, 237.6, 240
96.80000000000001, 236.0, 240
106.0, 248.2, 240
112.04999999999998, 233.2, 240
107.04999999999998, 237.3, 240
87.65, 238.1, 240
90.1, 233.2, 240
93.89999999999999, 235.1, 240
114.04999999999998, 200.8, 240
150.1, 245.4, 240
110.6, 251.1, 240
84.5, 230.5, 240
89.80000000000001, 235.0, 240
90.4, 227.1, 240
101.75, 212.0, 240
96.55, 236.9, 240
85.1, 241.8, 240
99.4, 235.7, 240
111.75, 229.7, 240
89.2, 211.8, 240
96.74999999999999, 217.4, 240
100.99999999999999, 223.5, 240
108.35, 233.2, 240
112.70000000000002, 241.6, 240
122.80000000000001, 240.8, 240
100.14999999999999, 249.5, 240
109.19999999999999, 205.0, 240
93.60000000000001, 232.4, 240
111.70000000000002, 154.5, 240
110.0, 243.6, 240
101.25, 236.5, 240
94.2, 241.4, 240
98.94999999999999, 239.0, 240
102.1, 241.2, 240
90.7, 235.1, 240
103.14999999999999, 165.0, 240
97.65, 226.7, 240
151.1, 246.0, 240
109.15, 243.3, 240
90.75, 234.6, 240
112.04999999999998, 245.4, 240
101.89999999999999, 230.7, 240
107.05000000000001, 240.5, 240
91.80000000000001, 205.0, 240
110.6, 242.1, 240
97.15, 230.3, 240
96.7, 222.9, 240
101.80000000000001, 236.1, 240
97.1, 231.1, 240
91.1, 229.9, 240
107.75, 209.2, 240
94.89999999999999, 232.6, 240
95.2, 211.5, 240
94.0, 242.3, 240
102.25, 236.8, 240
151.1, 231.0, 240
113.19999999999999, 226.7, 240
123.80000000000001, 221.1, 240
113.35, 238.8, 240
97.25, 237.8, 240
92.2, 242.8, 240
113.75, 238.8, 240
107.15, 240.8, 240
106.94999999999999, 232.3, 240
100.6, 244.7, 240
98.94999999999999, 240.6, 240
112.19999999999999, 240.1, 240
93.80000000000001, 230.2, 240
192.2, 228.8, 240
109.6, 241.7, 240
116.95, 235.2, 240
99.7, 223.3, 240
97.74999999999999, 235.7, 240
98.45, 236.6, 240
122.80000000000001, 232.0, 240
108.95, 237.4, 240
110.95, 240.4, 240
195.2, 235.4, 240
92.2, 240.4, 240
86.7, 233.2, 240
97.2, 235.9, 240
92.2, 241.8, 240
94.80000000000001, 194.9, 240
115.70000000000002, 191.9, 240
103.14999999999999, 191.9, 240
86.1, 237.3, 240
87.75, 243.3, 240
106.75, 232.3, 240
98.89999999999999, 211.6, 240
98.60000000000001, 232.1, 240
106.15, 228.4, 240
105.30000000000001, 237.3, 240
90.15, 245.9, 240
90.75, 217.5, 240
98.80000000000001, 222.8, 240
96.45, 241.5, 240
89.65, 228.4, 240
90.65, 224.4, 240
99.80000000000001, 239.1, 240
109.75, 235.3, 240
102.25, 224.3, 240
111.64999999999999, 223.8, 240
236.6, 239.7, 240
116.6, 240.8, 240
86.2, 242.1, 240
90.15, 249.5, 240
107.75, 228.5, 240
91.80000000000001, 219.4, 240
102.6, 233.9, 240
93.35000000000001, 242.6, 240
86.75, 228.1, 240
104.64999999999999, 242.3, 240
98.80000000000001, 231.0, 240
104.3, 229.3, 240
96.80000000000001, 236.6, 240
92.65, 190.4, 240
89.80000000000001, 219.3, 240
105.75, 244.8, 240
96.60000000000001, 234.3, 240
92.1, 231.3, 240
108.85, 228.2, 240
95.80000000000001, 242.4, 240
110.95, 234.4, 240
107.99999999999999, 243.3, 240
96.2, 238.8, 240
101.94999999999999, 233.1, 240
99.3, 231.0, 240
107.1, 242.3, 240
97.65, 242.1, 240
93.8, 244.3, 240
94.89999999999999, 200.8, 240
109.85, 240.5, 240
96.7, 230.2, 240
114.6, 243.3, 240
97.89999999999999, 224.1, 240
98.65, 212.6, 240
94.1, 240.2, 240
96.89999999999999, 235.0, 240
105.19999999999999, 235.8, 240
108.19999999999999, 195.2, 240
113.15, 236.0, 240
93.2, 242.4, 240
118.80000000000001, 236.8, 240
157.1, 227.4, 240
100.3, 220.6, 240
101.75, 233.0, 240
97.15, 194.9, 240
98.1, 232.0, 240
97.65, 234.7, 240
90.80000000000001, 236.8, 240
101.89999999999999, 233.9, 240
105.19999999999999, 241.1, 240
94.80000000000001, 210.9, 240
104.30000000000001, 231.7, 240
99.25, 192.1, 240
100.7, 237.9, 240
95.85, 232.4, 240
101.94999999999999, 225.8, 240
100.19999999999999, 229.5, 240
105.1, 241.3, 240
92.65, 236.8, 240
103.1, 219.4, 240
115.95, 198.1, 240
88.65, 232.7, 240
121.80000000000001, 241.3, 240
92.0, 222.9, 240
97.7, 235.9, 240
118.80000000000001, 237.3, 240
103.25, 230.1, 240
106.35, 226.9, 240
105.3, 223.0, 240
110.15, 232.1, 240
86.75, 238.8, 240
105.64999999999999, 241.3, 240
107.25, 249.8, 240
95.80000000000001, 234.3, 240
100.65, 247.6, 240
111.04999999999998, 230.8, 240
97.94999999999999, 243.6, 240
91.15, 249.8, 240
77.0, 227.3, 240
97.7, 233.2, 240
101.05000000000001, 227.3, 240
95.3, 229.1, 240
90.1, 200.8, 240
110.95, 220.0, 240
96.65, 238.7, 240
113.70000000000002, 237.3, 240
87.1, 236.6, 240
109.0, 239.9, 240
117.80000000000001, 233.8, 240
99.25, 235.8, 240
108.64999999999999, 232.5, 240
92.65, 228.5, 240
99.1, 227.7, 240
113.30000000000001, 211.6, 240
121.80000000000001, 238.0, 240
98.7, 226.8, 240
92.2, 238.1, 240
152.1, 236.8, 240
97.80000000000001, 237.9, 240
107.05000000000001, 227.8, 240
84.4, 227.7, 240
104.99999999999999, 241.5, 240
95.45, 239.3, 240
101.94999999999999, 249.0, 240
86.2, 241.2, 240
97.80000000000001, 213.8, 240
92.0, 234.4, 240
96.94999999999999, 240.2, 240
84.8, 233.3, 240
106.05000000000001, 226.9, 240
101.55, 232.5, 240
99.3, 231.7, 240
97.35000000000001, 238.4, 240
99.60000000000001, 241.1, 240
91.0, 229.2, 240
100.94999999999999, 200.8, 240
93.75, 232.1, 240
100.75, 249.8, 240
107.14999999999999, 229.5, 240
97.80000000000001, 226.7, 240
98.35000000000001, 235.7, 240
102.99999999999999, 236.6, 240
88.5, 237.3, 240
90.80000000000001, 222.8, 240
117.95, 227.1, 240
102.14999999999999, 242.3, 240
92.4, 236.3, 240
108.7, 232.3, 240
97.89999999999999, 210.9, 240
99.89999999999999, 229.7, 240
89.0, 237.8, 240
101.55, 247.6, 240
112.95, 229.9, 240
104.1, 239.1, 240
102.7, 236.3, 240
106.75, 235.0, 240
99.1, 249.5, 240
107.64999999999999, 243.3, 240
108.75, 238.4, 240
111.0, 236.1, 240
96.94999999999999, 231.1, 240
93.7, 238.7, 240
98.85, 226.5, 240
95.1, 247.1, 240
93.1, 219.3, 240
104.19999999999999, 226.2, 240
85.4, 235.4, 240
90.5, 235.1, 240
153.1, 237.3, 240
102.89999999999999, 232.2, 240
94.55, 211.5, 240
108.14999999999999, 238.4, 240
91.2, 234.3, 240
90.80000000000001, 212.0, 240
93.65, 235.7, 240
94.15, 249.0, 240
102.99999999999999, 227.0, 240
197.2, 227.3, 240
102.3, 234.3, 240
100.80000000000001, 225.0, 240
102.1, 232.8, 240
151.1, 235.1, 240
95.85, 236.5, 240
100.05000000000001, 219.6, 240
108.15, 225.2, 240
99.3, 205.0, 240
106.1, 245.1, 240
105.04999999999998, 260.0, 260
100.6, 251.4, 260
99.7, 250.2, 260
96.3, 253.0, 260
96.3, 247.7, 260
88.35000000000001, 253.5, 260
93.05, 171.5, 260
78.7, 248.2, 260
107.19999999999999, 257.0, 260
93.25, 257.1, 260
98.2, 263.6, 260
97.15, 254.6, 260
213.95, 246.8, 260
73.8, 250.4, 260
96.3, 257.3, 260
91.55000000000001, 253.4, 260
92.1, 244.6, 260
98.35, 246.2, 260
90.35000000000001, 256.3, 260
96.4, 264.4, 260
86.8, 244.4, 260
84.5, 249.1, 260
92.15, 250.0, 260
149.65, 261.7, 260
85.15, 252.6, 260
94.14999999999999, 256.1, 260
77.25, 248.1, 260
83.25, 248.0, 260
103.14999999999999, 253.0, 260
83.14999999999999, 235.3, 260
93.60000000000001, 258.8, 260
96.15, 249.4, 260
94.55000000000001, 256.3, 260
85.05000000000001, 243.7, 260
98.15, 249.8, 260
91.35000000000001, 248.3, 260
81.39999999999999, 247.1, 260
92.5, 246.9, 260
99.1, 270.3, 260
90.25, 248.1, 260
100.14999999999999, 212.2, 260
92.25, 254.9, 260
90.5, 241.6, 260
101.55, 236.4, 260
156.65, 244.7, 260
92.35000000000001, 254.3, 260
149.65, 266.0, 260
97.60000000000001, 254.9, 260
87.39999999999999, 246.9, 260
89.35000000000001, 249.8, 260
88.8, 259.7, 260
94.1, 257.7, 260
104.25, 250.4, 260
95.55, 244.1, 260
80.19999999999999, 253.8, 260
91.05, 234.9, 260
80.8, 227.1, 260
80.8, 245.5, 260
104.19999999999999, 256.9, 260
99.35, 258.8, 260
84.8, 228.8, 260
95.15, 254.3, 260
91.3, 260.8, 260
99.55, 250.8, 260
88.39999999999999, 256.9, 260
98.1, 247.2, 260
96.14999999999999, 254.5, 260
98.2, 235.3, 260
100.4, 240.3, 260
97.45, 254.5, 260
102.1, 236.9, 260
93.25, 249.1, 260
96.45, 255.5, 260
98.45, 255.3, 260
94.1, 250.0, 260
98.3, 230.4, 260
111.0, 249.0, 260
91.35000000000001, 247.7, 260
90.35000000000001, 219.4, 260
137.35, 255.8, 260
107.14999999999999, 258.2, 260
101.45, 253.9, 260
92.35000000000001, 240.5, 260
97.0, 252.3, 260
89.35000000000001, 242.8, 260
103.75, 257.1, 260
95.35, 246.3, 260
97.45, 256.9, 260
106.75, 250.8, 260
84.35000000000001, 253.6, 260
90.5, 222.0, 260
90.9, 249.6, 260
103.25, 207.4, 260
79.19999999999999, 258.3, 260
89.5, 260.3, 260
97.14999999999999, 250.5, 260
101.05, 250.8, 260
113.19999999999999, 254.6, 260
78.7, 235.3, 260
90.45, 258.5, 260
86.25, 252.6, 260
102.05, 240.8, 260
99.85000000000001, 251.9, 260
92.5, 253.0, 260
100.00000000000001, 249.5, 260
75.35000000000001, 234.5, 260
85.8, 254.6, 260
87.9, 252.9, 260
96.1, 249.6, 260
97.1, 255.7, 260
96.55000000000001, 251.1, 260
75.8, 254.3, 260
90.5, 249.7, 260
86.5, 255.8, 260
101.55, 253.2, 260
89.2, 251.1, 260
96.05, 254.2, 260
88.35000000000001, 253.6, 260
88.15, 252.9, 260
214.95, 258.6, 260
72.35000000000001, 256.3, 260
103.7, 259.3, 260
71.8, 246.6, 260
91.15, 249.8, 260
141.35, 261.8, 260
101.1, 252.8, 260
102.7, 252.2, 260
97.85000000000001, 257.8, 260
106.7, 256.0, 260
91.15, 257.0, 260
101.14999999999999, 266.5, 260
84.8, 237.8, 260
98.0, 208.9, 260
98.2, 255.4, 260
102.45, 250.1, 260
96.74999999999999, 251.2, 260
96.55, 249.1, 260
84.35000000000001, 232.6, 260
99.05, 253.4, 260
100.35, 253.0, 260
95.65, 255.7, 260
92.15, 228.8, 260
93.25, 249.4, 260
90.15, 249.4, 260
89.1, 251.3, 260
71.8, 246.5, 260
90.35000000000001, 258.5, 260
101.85000000000001, 257.2, 260
102.74999999999999, 256.7, 260
100.14999999999999, 211.9, 260
90.3, 242.8, 260
95.85000000000001, 258.1, 260
95.2, 239.9, 260
98.25, 246.7, 260
93.15, 236.9, 260
88.39999999999999, 239.0, 260
96.15, 248.1, 260
98.55000000000001, 266.8, 260
92.9, 261.3, 260
105.9, 258.3, 260
95.45, 251.1, 260
83.15, 253.9, 260
100.14999999999999, 246.5, 260
95.55000000000001, 258.5, 260
102.05, 258.8, 260
103.85000000000001, 255.0, 260
88.15, 266.5, 260
86.5, 232.3, 260
95.1, 229.6, 260
81.39999999999999, 254.6, 260
95.14999999999999, 259.3, 260
67.10000000000001, 250.8, 260
101.14999999999999, 251.3, 260
93.1, 248.7, 260
90.05000000000001, 248.6, 260
101.75, 217.0, 260
92.2, 254.2, 260
101.7, 252.4, 260
103.35, 252.4, 260
85.25, 248.2, 260
98.1, 258.4, 260
87.5, 250.4, 260
97.14999999999999, 258.7, 260
106.9, 237.3, 260
98.2, 245.6, 260
97.3, 245.0, 260
84.35000000000001, 253.2, 260
86.15, 261.3, 260
113.15, 256.7, 260
95.2, 221.0, 260
83.19999999999999, 255.8, 260
93.3, 221.0, 260
92.35000000000001, 256.8, 260
152.65, 258.3, 260
89.35000000000001, 267.5, 260
93.2, 246.6, 260
89.55000000000001, 244.6, 260
93.05, 249.4, 260
95.74999999999999, 257.5, 260
91.65, 259.3, 260
110.19999999999999, 255.4, 260
115.15, 247.5, 260
94.85000000000001, 242.8, 260
103.4, 265.8, 260
112.0, 229.0, 260
103.00000000000001, 256.3, 260
65.10000000000001, 262.1, 260
94.1, 245.4, 260
93.35000000000001, 252.1, 260
102.45, 267.3, 260
89.5, 250.9, 260
86.5, 247.8, 260
135.35, 259.9, 260
96.35, 255.2, 260
93.35000000000001, 253.5, 260
87.8, 228.8, 260
99.14999999999999, 250.1, 260
95.74999999999999, 254.2, 260
98.35, 260.1, 260
84.39999999999999, 245.4, 260
104.0, 249.4, 260
132.35, 253.7, 260
117.15, 252.3, 260
89.35000000000001, 252.8, 260
90.1, 259.1, 260
100.05, 254.5, 260
95.1, 238.3, 260
84.35000000000001, 253.1, 260
110.0, 246.6, 260
100.4, 252.3, 260
83.39999999999999, 254.3, 260
97.15, 258.5, 260
78.14999999999999, 240.9, 260
98.1, 246.0, 260
90.25, 248.2, 260
90.60000000000001, 254.6, 260
85.45, 257.5, 260
81.65, 238.3, 260
74.8, 258.8, 260
133.35, 241.1, 260
84.69999999999999, 250.1, 260
90.25, 258.5, 260
93.25, 261.4, 260
88.05000000000001, 256.9, 260
102.45, 261.9, 260
97.35, 252.7, 260
90.3, 257.7, 260
96.45, 253.8, 260
95.35, 209.1, 260
101.45, 254.0, 260
107.0, 250.9, 260
88.5, 264.1, 260
98.45, 260.1, 260
72.10000000000001, 246.0, 260
152.65, 208.9, 260
98.25, 252.0, 260
106.14999999999999, 254.9, 260
88.19999999999999, 228.6, 260
94.65, 256.0, 260
106.0, 253.1, 260
73.10000000000001, 257.7, 260
95.25, 251.3, 260
87.45, 240.9, 260
149.65, 256.8, 260
149.65, 255.1, 260
87.25, 256.6, 260
93.5, 256.6, 260
140.35, 245.2, 260
103.4, 254.3, 260
112.15, 238.1, 260
93.35000000000001, 252.9, 260
85.35000000000001, 228.6, 260
106.7, 254.9, 260
89.25, 258.1, 260
85.05000000000001, 248.1, 260
97.55, 249.5, 260
103.9, 251.3, 260
91.0, 253.4, 260
100.05, 249.3, 260
86.65, 254.8, 260
112.15, 247.7, 260
103.1, 240.9, 260
75.14999999999999, 249.2, 260
106.7, 252.9, 260
109.14999999999999, 252.8, 260
94.14999999999999, 249.8, 260
90.3, 241.6, 260
134.35, 244.4, 260
84.35000000000001, 249.2, 260
86.35000000000001, 261.3, 260
77.35000000000001, 250.8, 260
84.35000000000001, 265.1, 260
100.00000000000001, 253.8, 260
89.45, 255.4, 260
88.35000000000001, 249.5, 260
96.1, 253.3, 260
88.05000000000001, 249.2, 260
148.65, 256.0, 260
96.1, 259.4, 260
107.7, 256.1, 260
75.8, 261.9, 260
98.05, 217.0, 260
88.35000000000001, 252.0, 260
207.95, 265.2, 260
81.69999999999999, 253.6, 260
67.10000000000001, 252.7, 260
104.25, 254.5, 260
100.7, 258.8, 260
94.2, 250.5, 260
97.45, 251.4, 260
74.7, 243.5, 260
80.19999999999999, 252.3, 260
79.25, 261.3, 260
93.2, 248.0, 260
98.15, 220.6, 260
79.14999999999999, 258.4, 260
101.25, 255.8, 260
103.4, 263.0, 260
86.35000000000001, 171.5, 260
90.65, 252.3, 260
92.9, 252.0, 260
211.95, 246.8, 260
69.10000000000001, 253.6, 260
86.9, 229.6, 260
94.35, 247.1, 260
84.65, 237.6, 260
97.60000000000001, 244.7, 260
96.55, 254.2, 260
79.65, 268.1, 260
85.5, 215.1, 260
90.2, 239.9, 260
110.15, 255.5, 260
98.05, 215.2, 260
110.15, 237.3, 260
98.60000000000001, 250.8, 260
82.7, 256.0, 260
98.2, 251.5, 260
85.8, 258.5, 260
91.35000000000001, 259.2, 260
100.35, 245.2, 260
150.65, 255.6, 260
80.39999999999999, 246.7, 260
95.65, 259.9, 260
117.15, 251.2, 260
88.25, 248.1, 260
205.95, 208.9, 260
91.15, 240.2, 260
86.8, 255.4, 260
80.39999999999999, 251.3, 260
98.3, 259.9, 260
150.65, 263.0, 260
79.69999999999999, 246.4, 260
214.95, 236.3, 260
93.5, 255.3, 260
88.25, 243.5, 260
92.15, 246.8, 260
95.55000000000001, 258.8, 260
86.15, 254.8, 260
75.25, 252.8, 260
85.35000000000001, 239.0, 260
98.45, 255.4, 260
78.35000000000001, 245.9, 260
99.74999999999999, 254.8, 260
95.25, 256.0, 260
96.14999999999999, 255.8, 260
97.74999999999999, 258.1, 260
95.2, 260.2, 260
100.4, 241.6, 260
98.3, 259.9, 260
97.1, 255.3, 260
79.25, 245.9, 260
92.2, 241.1, 260
112.15, 239.0, 260
96.14999999999999, 270.3, 260
92.35000000000001, 245.8, 260
94.45, 253.3, 260
86.15, 263.0, 260
83.8, 256.9, 260
92.35000000000001, 254.3, 260
84.35000000000001, 250.0, 260
107.25, 256.3, 260
87.69999999999999, 251.7, 260
92.2, 219.4, 260
87.39999999999999, 251.4, 260
90.35000000000001, 267.3, 260
96.60000000000001, 255.1, 260
99.00000000000001, 253.6, 260
89.55000000000001, 251.4, 260
98.2, 259.2, 260
80.19999999999999, 244.3, 260
97.45, 250.9, 260
86.35000000000001, 244.7, 260
96.2, 237.1, 260
99.85000000000001, 256.0, 260
95.00000000000001, 257.7, 260
85.35000000000001, 243.8, 260
82.65, 259.1, 260
99.45, 250.3, 260
98.1, 228.6, 260
98.35, 244.6, 260
98.3, 244.8, 260
88.9, 240.3, 260
77.14999999999999, 246.5, 260
75.14999999999999, 253.6, 260
102.75, 249.5, 260
90.5, 237.3, 260
99.85000000000001, 253.0, 260
90.1, 253.4, 260
90.3, 252.7, 260
80.25, 259.9, 260
139.35, 250.2, 260
107.19999999999999, 247.8, 260
84.39999999999999, 245.2, 260
150.65, 267.1, 260
64.10000000000001, 260.3, 260
208.95, 245.6, 260
82.8, 256.3, 260
106.14999999999999, 252.7, 260
106.14999999999999, 249.4, 260
84.5, 232.2, 260
95.85000000000001, 259.2, 260
90.55000000000001, 240.5, 260
100.55, 259.7, 260
108.19999999999999, 262.1, 260
70.35000000000001, 256.1, 260
82.7, 258.1, 260
85.35000000000001, 257.3, 260
85.19999999999999, 263.6, 260
98.14999999999999, 228.6, 260
117.15, 249.0, 260
87.65, 244.7, 260
100.55, 246.6, 260
89.65, 242.0, 260
93.1, 246.5, 260
87.35000000000001, 252.1, 260
100.9, 254.0, 260
68.8, 235.3, 260
97.35, 253.3, 260
84.5, 237.3, 260
100.45, 241.6, 260
212.95, 247.8, 260
99.25, 253.2, 260
103.00000000000001, 258.8, 260
95.1, 259.9, 260
99.74999999999999, 249.4, 260
101.14999999999999, 258.4, 260
76.14999999999999, 248.0, 260
84.69999999999999, 249.1, 260
92.05, 229.2, 260
111.19999999999999, 255.8, 260
98.1, 234.5, 260
88.25, 260.3, 260
93.35000000000001, 240.0, 260
88.35000000000001, 246.8, 260
152.65, 259.2, 260
92.5, 215.1, 260
96.0, 270.9, 260
89.1, 244.4, 260
79.8, 240.5, 260
77.7, 250.1, 260
98.0, 253.2, 260
100.4, 242.2, 260
89.25, 249.8, 260
91.45, 260.3, 260
94.00000000000001, 257.1, 260
96.0, 260.3, 260
71.35000000000001, 256.0, 260
79.25, 267.3, 260
102.14999999999999, 248.0, 260
80.39999999999999, 225.3, 260
102.55, 229.0, 260
99.55, 251.3, 260
96.74999999999999, 247.3, 260
103.74999999999999, 211.9, 260
77.7, 252.6, 260
104.55, 257.8, 260
154.65, 252.6, 260
92.35000000000001, 251.9, 260
98.74999999999999, 244.4, 260
88.5, 257.8, 260
84.45, 254.5, 260
87.35000000000001, 251.3, 260
96.35, 240.4, 260
98.55, 253.1, 260
94.65, 261.7, 260
94.25, 255.3, 260
88.5, 256.3, 260
102.14999999999999, 249.4, 260
96.25, 263.8, 260
96.3, 261.3, 260
99.14999999999999, 248.0, 260
112.19999999999999, 235.8, 260
98.65, 255.8, 260
65.10000000000001, 229.0, 260
102.14999999999999, 251.6, 260
88.39999999999999, 255.8, 260
94.15, 237.8, 260
94.2, 258.5, 260
100.7, 258.1, 260
95.15, 253.4, 260
96.35, 244.0, 260
79.8, 252.1, 260
108.7, 259.2, 260
111.19999999999999, 257.2, 260
79.25, 240.8, 260
88.69999999999999, 245.5, 260
97.3, 261.8, 260
107.75, 251.4, 260
94.00000000000001, 243.1, 260
85.5, 243.7, 260
157.65, 252.0, 260
92.2, 227.0, 260
108.75, 239.8, 260
70.35000000000001, 246.2, 260
94.60000000000001, 260.3, 260
116.15, 243.1, 260
89.1, 246.3, 260
96.25, 250.0, 260
96.3, 250.2, 260
87.05000000000001, 234.8, 260
93.5, 241.1, 260
92.35000000000001, 243.8, 260
89.3, 255.9, 260
95.60000000000001, 241.6, 260
81.14999999999999, 252.3, 260
91.35000000000001, 236.4, 260
72.35000000000001, 246.3, 260
90.1, 249.0, 260
94.00000000000001, 260.2, 260
102.9, 229.2, 260
99.35, 250.5, 260
101.9, 256.9, 260
97.15, 261.3, 260
75.7, 249.0, 260
89.35000000000001, 228.8, 260
96.2, 251.3, 260
77.7, 203.6, 260
94.2, 263.5, 260
93.45, 252.6, 260
114.15, 264.2, 260
107.75, 244.3, 260
100.45, 248.6, 260
101.74999999999999, 250.2, 260
86.69999999999999, 243.7, 260
102.4, 249.5, 260
96.45, 252.2, 260
76.8, 266.5, 260
95.85000000000001, 258.6, 260
96.1, 246.6, 260
133.35, 253.6, 260
88.35000000000001, 249.0, 260
85.65, 252.3, 260
90.05000000000001, 261.5, 260
89.2, 182.0, 260
65.10000000000001, 244.8, 260
87.35000000000001, 262.1, 260
132.35, 250.9, 260
97.45, 245.2, 260
134.35, 252.3, 260
73.8, 250.1, 260
89.15, 259.4, 260
71.35000000000001, 243.7, 260
88.35000000000001, 245.5, 260
88.35000000000001, 250.4, 260
69.35000000000001, 252.1, 260
69.35000000000001, 263.5, 260
95.05, 266.0, 260
98.60000000000001, 257.6, 260
153.65, 249.4, 260
87.5, 246.0, 260
90.65, 263.8, 260
108.0, 252.4, 260
113.19999999999999, 250.2, 260
84.15, 241.1, 260
99.1, 247.2, 260
93.15, 254.2, 260
91.9, 252.4, 260
100.25, 250.0, 260
94.1, 254.4, 260
103.55, 258.6, 260
104.0, 252.7, 260
81.7, 246.2, 260
97.55, 256.6, 260
89.2, 258.2, 260
110.0, 252.7, 260
97.00000000000001, 246.6, 260
92.05000000000001, 253.0, 260
90.35000000000001, 252.0, 260
106.14999999999999, 259.9, 260
93.25, 212.2, 260
96.4, 240.0, 260
97.2, 227.0, 260
102.14999999999999, 184.2, 260
101.9, 254.5, 260
87.8, 249.8, 260
100.9, 257.5, 260
101.45, 244.4, 260
98.1, 246.8, 260
88.5, 246.9, 260
89.3, 215.1, 260
96.74999999999999, 277.0, 280
103.9, 251.4, 280
84.35000000000001, 236.4, 280
90.35000000000001, 225.9, 280
84.39999999999999, 268.1, 280
84.3, 253.9, 280
85.55, 264.5, 280
99.7, 272.4, 280
159.4, 280.8, 280
88.1, 253.4, 280
74.60000000000001, 269.3, 280
92.5, 267.0, 280
86.65, 259.2, 280
94.3, 267.0, 280
80.8, 251.9, 280
84.0, 276.7, 280
83.75, 268.2, 280
83.05, 271.1, 280
72.05, 271.3, 280
80.75, 270.3, 280
163.4, 270.4, 280
74.25, 257.4, 280
88.19999999999999, 263.4, 280
86.3, 265.1, 280
87.1, 266.0, 280
70.7, 272.2, 280
76.2, 262.6, 280
85.35000000000001, 280.0, 280
77.25, 277.8, 280
79.25, 266.2, 280
94.2, 278.4, 280
63.7, 278.8, 280
75.2, 268.6, 280
81.25, 270.7, 280
81.25, 225.9, 280
80.25, 281.1, 280
93.95, 273.1, 280
76.25, 276.3, 280
74.45, 271.1, 280
81.25, 271.2, 280
78.45, 266.5, 280
87.25, 257.3, 280
87.15, 280.5, 280
82.75, 269.9, 280
88.3, 269.4, 280
74.05, 276.2, 280
93.95, 275.6, 280
79.2, 251.8, 280
91.0, 261.0, 280
70.05, 272.6, 280
87.8, 267.1, 280
86.0, 271.3, 280
69.45, 265.6, 280
82.85, 269.4, 280
95.3, 269.7, 280
83.75, 268.2, 280
70.45, 269.6, 280
96.4, 261.8, 280
94.3, 266.3, 280
85.8, 281.6, 280
72.2, 275.6, 280
84.85000000000001, 275.5, 280
85.35000000000001, 275.6, 280
71.25, 269.5, 280
70.2, 257.5, 280
94.75000000000001, 273.8, 280
86.45, 264.2, 280
87.19999999999999, 270.8, 280
98.7, 251.8, 280
76.05, 265.7, 280
74.2, 273.8, 280
87.85000000000001, 244.9, 280
86.65, 266.1, 280
91.3, 270.2, 280
126.60000000000002, 271.3, 280
86.35, 275.7, 280
88.3, 265.1, 280
84.7, 263.5, 280
79.44999999999999, 266.4, 280
86.3, 273.7, 280
87.8, 267.4, 280
93.64999999999999, 243.1, 280
79.05, 267.9, 280
79.15, 276.4, 280
81.45, 267.4, 280
85.1, 271.3, 280
129.60000000000002, 276.8, 280
74.45, 274.8, 280
72.05, 271.0, 280
84.8, 263.6, 280
77.45, 274.3, 280
81.25, 283.0, 280
78.2, 257.5, 280
87.45, 275.4, 280
91.0, 272.4, 280
77.25, 263.5, 280
81.25, 277.1, 280
79.44999999999999, 272.4, 280
70.45, 234.0, 280
83.45, 280.6, 280
89.3, 277.6, 280
91.15, 268.1, 280
92.5, 274.2, 280
96.05, 261.4, 280
89.3, 244.0, 280
79.2, 276.2, 280
102.7, 264.7, 280
95.05, 266.5, 280
79.15, 251.5, 280
74.44999999999999, 264.7, 280
96.4, 263.2, 280
72.25, 274.7, 280
81.25, 273.1, 280
99.2, 262.5, 280
72.05, 263.1, 280
75.25, 275.6, 280
77.85, 280.6, 280
93.2, 264.5, 280
74.2, 265.0, 280
96.5, 274.3, 280
70.05, 274.3, 280
97.75000000000001, 268.4, 280
71.7, 273.1, 280
81.2, 264.1, 280
73.05, 268.1, 280
89.3, 272.8, 280
88.64999999999999, 276.0, 280
70.25, 274.6, 280
95.4, 280.3, 280
95.05, 268.7, 280
95.75000000000001, 265.6, 280
89.75000000000001, 272.8, 280
71.05, 260.9, 280
85.35000000000001, 286.8, 280
84.05, 272.8, 280
81.3, 284.3, 280
74.05, 276.8, 280
85.85, 272.3, 280
78.60000000000001, 259.0, 280
86.35, 271.4, 280
93.7, 255.1, 280
80.45, 265.1, 280
88.15, 269.7, 280
69.2, 287.9, 280
80.45, 265.1, 280
86.35, 232.2, 280
95.3, 264.7, 280
86.15, 269.0, 280
79.45, 224.4, 280
88.7, 256.8, 280
93.95, 266.0, 280
86.15, 274.8, 280
98.75000000000001, 274.8, 280
78.2, 281.6, 280
127.60000000000002, 267.9, 280
94.05, 281.6, 280
94.75000000000001, 263.3, 280
86.85000000000001, 265.6, 280
98.4, 249.2, 280
79.55, 271.6, 280
97.5, 266.7, 280
90.75, 266.1, 280
92.75, 281.6, 280
96.75000000000001, 276.9, 280
90.75000000000001, 253.3, 280
91.0, 262.0, 280
89.5, 265.7, 280
76.05, 271.5, 280
100.7, 263.9, 280
89.95, 263.2, 280
84.45, 265.0, 280
77.14999999999999, 271.3, 280
80.25, 273.9, 280
70.05, 271.3, 280
95.75000000000001, 253.3, 280
91.05, 267.3, 280
81.85, 274.6, 280
82.2, 199.0, 280
79.25, 270.3, 280
81.3, 256.0, 280
107.7, 272.4, 280
97.3, 269.5, 280
82.25, 269.0, 280
80.3, 270.3, 280
83.75, 270.2, 280
74.2, 287.9, 280
85.8, 273.1, 280
84.5, 260.5, 280
79.0, 262.0, 280
74.45, 276.2, 280
90.05, 262.9, 280
95.75000000000001, 266.0, 280
85.75, 232.1, 280
90.5, 258.1, 280
75.05, 261.6, 280
78.2, 262.2, 280
85.8, 268.3, 280
76.25, 265.1, 280
90.85000000000001, 282.1, 280
82.8, 266.6, 280
73.25, 267.4, 280
85.15, 281.6, 280
75.05, 276.9, 280
76.2, 276.9, 280
91.35000000000001, 257.4, 280
92.0, 259.0, 280
90.2, 253.4, 280
89.3, 272.8, 280
82.35, 277.2, 280
94.75000000000001, 276.2, 280
77.2, 266.2, 280
88.39999999999999, 266.0, 280
166.4, 273.1, 280
104.7, 267.2, 280
90.95, 266.5, 280
86.55, 268.1, 280
80.3, 264.7, 280
126.60000000000002, 238.0, 280
92.75, 274.6, 280
82.75, 253.4, 280
160.4, 245.6, 280
92.75000000000001, 266.4, 280
83.0, 266.6, 280
101.7, 264.8, 280
93.3, 272.8, 280
82.25, 262.0, 280
86.95, 271.3, 280
94.3, 264.8, 280
87.85000000000001, 270.8, 280
93.15, 271.1, 280
82.25, 278.6, 280
78.8, 274.0, 280
82.3, 265.0, 280
84.7, 271.5, 280
67.4, 263.1, 280
86.25, 280.5, 280
94.75000000000001, 270.3, 280
90.65, 260.1, 280
90.3, 258.6, 280
76.05, 237.6, 280
92.95, 270.3, 280
76.2, 275.1, 280
87.25, 262.4, 280
91.75000000000001, 272.2, 280
98.3, 287.9, 280
85.15, 271.6, 280
79.25, 232.2, 280
89.85000000000001, 264.1, 280
87.75, 265.6, 280
78.75, 277.0, 280
78.2, 272.6, 280
71.45, 249.3, 280
73.25, 268.6, 280
79.25, 265.0, 280
85.0, 277.8, 280
80.2, 281.4, 280
92.05, 271.5, 280
75.45, 236.4, 280
85.15, 278.3, 280
79.25, 254.8, 280
90.64999999999999, 268.3, 280
77.25, 267.7, 280
84.65, 267.5, 280
100.7, 265.1, 280
91.3, 277.8, 280
83.55, 265.6, 280
122.60000000000002, 270.6, 280
92.85000000000001, 271.3, 280
83.55, 252.3, 280
88.3, 271.3, 280
74.60000000000001, 275.7, 280
81.85, 263.2, 280
81.39999999999999, 269.7, 280
93.05, 261.7, 280
80.60000000000001, 273.5, 280
83.55, 270.9, 280
79.45, 261.1, 280
81.15, 263.0, 280
87.15, 269.7, 280
97.75000000000001, 264.7, 280
86.8, 278.3, 280
96.4, 249.2, 280
65.7, 269.4, 280
98.5, 269.9, 280
86.0, 270.2, 280
69.25, 264.2, 280
75.45, 261.1, 280
78.25, 271.4, 280
89.3, 270.4, 280
82.85, 268.3, 280
96.64999999999999, 271.9, 280
80.1, 275.4, 280
65.4, 263.4, 280
161.4, 270.8, 280
97.3, 268.3, 280
91.95, 275.7, 280
83.55, 260.8, 280
77.45, 267.8, 280
82.85, 260.5, 280
75.55, 271.4, 280
94.4, 225.9, 280
82.19999999999999, 274.3, 280
84.0, 276.1, 280
80.3, 276.2, 280
71.25, 276.3, 280
74.85, 244.9, 280
78.44999999999999, 264.8, 280
91.3, 273.0, 280
73.25, 256.8, 280
94.75000000000001, 267.1, 280
92.5, 266.3, 280
98.75000000000001, 270.4, 280
94.5, 270.7, 280
96.5, 269.7, 280
91.64999999999999, 264.2, 280
88.1, 226.1, 280
102.4, 273.0, 280
85.8, 265.0, 280
81.3, 271.2, 280
96.3, 234.0, 280
81.35, 275.8, 280
81.14999999999999, 277.6, 280
96.3, 263.5, 280
88.75, 278.8, 280
83.3, 272.6, 280
90.3, 266.0, 280
73.44999999999999, 262.2, 280
91.75000000000001, 254.3, 280
90.75, 262.0, 280
79.60000000000001, 271.1, 280
74.2, 268.4, 280
75.14999999999999, 272.0, 280
89.3, 249.3, 280
79.0, 269.4, 280
70.4, 284.3, 280
86.8, 278.1, 280
72.05, 277.0, 280
74.2, 253.6, 280
81.45, 265.3, 280
74.25, 276.3, 280
78.45, 254.1, 280
93.15, 237.6, 280
101.4, 266.0, 280
89.7, 273.0, 280
79.2, 275.7, 280
91.85000000000001, 262.3, 280
82.8, 266.4, 280
87.85000000000001, 270.3, 280
86.8, 266.0, 280
86.7, 266.3, 280
82.45, 266.5, 280
91.0, 261.6, 280
99.7, 266.0, 280
88.3, 256.8, 280
89.3, 243.1, 280
91.35000000000001, 271.5, 280
88.55, 273.0, 280
89.65, 273.0, 280
89.19999999999999, 270.5, 280
67.7, 276.3, 280
83.55, 266.8, 280
92.65, 270.0, 280
88.55, 270.6, 280
85.3, 273.1, 280
81.60000000000001, 258.1, 280
92.75000000000001, 271.8, 280
88.1, 265.2, 280
82.19999999999999, 274.2, 280
88.55, 199.0, 280
76.75, 269.7, 280
74.2, 269.3, 280
92.75000000000001, 275.5, 280
89.95, 257.5, 280
97.75000000000001, 261.7, 280
89.35000000000001, 273.0, 280
88.55, 283.0, 280
80.55, 251.9, 280
74.25, 269.3, 280
82.25, 267.9, 280
79.55, 266.5, 280
73.4, 276.7, 280
104.7, 270.3, 280
82.3, 270.0, 280
90.95, 266.6, 280
96.2, 273.9, 280
98.7, 287.3, 280
89.64999999999999, 264.1, 280
79.8, 279.9, 280
81.35, 274.1, 280
88.19999999999999, 266.7, 280
79.25, 269.7, 280
86.1, 244.1, 280
79.25, 278.5, 280
90.65, 260.8, 280
92.0, 277.6, 280
87.8, 281.1, 280
83.75, 275.1, 280
65.4, 278.9, 280
81.3, 263.5, 280
86.8, 268.6, 280
74.25, 273.0, 280
84.55, 272.4, 280
92.75000000000001, 191.1, 280
83.19999999999999, 272.3, 280
88.0, 265.0, 280
79.35, 274.0, 280
75.2, 265.1, 280
83.60000000000001, 264.5, 280
82.3, 266.1, 280
98.2, 270.5, 280
94.4, 268.7, 280
89.0, 270.0, 280
83.45, 274.8, 280
85.0, 251.5, 280
82.15, 267.2, 280
88.7, 256.8, 280
92.35000000000001, 284.5, 280
82.55, 281.2, 280
77.05, 259.2, 280
82.55, 272.8, 280
86.75, 265.0, 280
91.3, 275.1, 280
92.85000000000001, 269.0, 280
88.19999999999999, 244.1, 280
85.1, 267.9, 280
78.05, 283.0, 280
162.4, 263.6, 280
86.35000000000001, 254.1, 280
83.15, 268.7, 280
81.85, 253.9, 280
88.15, 276.1, 280
87.8, 270.0, 280
92.05, 276.1, 280
85.5, 267.9, 280
75.2, 265.6, 280
83.55, 280.3, 280
91.2, 265.6, 280
64.7, 270.8, 280
74.2, 268.1, 280
83.8, 188.5, 280
82.39999999999999, 269.9, 280
87.0, 261.3, 280
69.25, 278.3, 280
76.25, 261.7, 280
103.7, 270.6, 280
68.7, 267.3, 280
89.7, 266.0, 280
89.0, 247.8, 280
83.15, 269.7, 280
86.0, 249.6, 280
83.25, 268.3, 280
88.55, 276.4, 280
65.7, 229.2, 280
89.35000000000001, 276.3, 280
99.2, 201.2, 280
82.55, 261.4, 280
74.75, 258.6, 280
76.2, 263.2, 280
94.64999999999999, 262.8, 280
79.05, 273.0, 280
165.4, 265.0, 280
78.2, 272.4, 280
70.45, 276.3, 280
93.75000000000001, 270.1, 280
92.75, 272.4, 280
73.44999999999999, 269.8, 280
90.85000000000001, 270.6, 280
86.55, 274.6, 280
90.75000000000001, 260.9, 280
73.2, 263.2, 280
84.35, 264.5, 280
70.4, 275.1, 280
77.2, 284.3, 280
78.2, 264.1, 280
88.3, 264.7, 280
123.60000000000002, 269.7, 280
79.8, 269.1, 280
85.1, 268.1, 280
70.4, 268.1, 280
87.55, 277.0, 280
101.7, 264.2, 280
87.3, 267.9, 280
71.25, 244.1, 280
90.3, 272.1, 280
88.25, 274.6, 280
83.75, 276.3, 280
68.7, 271.5, 280
71.25, 283.0, 280
87.3, 268.3, 280
74.60000000000001, 264.7, 280
87.19999999999999, 234.8, 280
93.5, 264.3, 280
96.64999999999999, 275.6, 280
87.3, 272.6, 280
74.45, 273.7, 280
75.75, 277.3, 280
87.95, 274.7, 280
71.25, 268.2, 280
75.05, 271.9, 280
91.75, 269.9, 280
95.2, 230.3, 280
93.5, 246.2, 280
78.45, 280.8, 280
88.55, 266.5, 280
83.8, 274.0, 280
75.14999999999999, 263.1, 280
80.05, 265.0, 280
92.75000000000001, 270.3, 280
80.15, 287.3, 280
89.3, 262.4, 280
107.7, 260.7, 280
81.55, 271.9, 280
88.45, 278.4, 280
80.8, 257.9, 280
81.05, 271.6, 280
88.85000000000001, 262.1, 280
84.35, 272.6, 280
76.2, 265.6, 280
78.44999999999999, 262.0, 280
70.25, 271.3, 280
69.45, 265.7, 280
68.7, 271.5, 280
88.45, 272.9, 280
79.35, 267.9, 280
86.8, 245.5, 280
78.05, 262.5, 280
83.19999999999999, 276.3, 280
92.65, 272.5, 280
84.5, 269.8, 280
92.85000000000001, 278.4, 280
91.0, 232.2, 280
99.4, 270.1, 280
85.15, 271.5, 280
91.85000000000001, 265.1, 280
93.35000000000001, 265.3, 280
86.35000000000001, 275.6, 280
87.1, 269.0, 280
84.75, 251.8, 280
91.75, 265.0, 280
87.25, 277.1, 280
79.85, 258.6, 280
69.45, 277.8, 280
88.64999999999999, 272.7, 280
89.3, 267.4, 280
95.3, 276.6, 280
95.05, 234.0, 280
92.7, 269.1, 280
79.39999999999999, 276.3, 280
87.35, 270.8, 280
93.7, 262.5, 280
92.0, 263.7, 280
90.2, 275.7, 280
87.35, 273.1, 280
87.65, 276.9, 280
72.25, 264.8, 280
97.75000000000001, 264.5, 280
86.45, 262.4, 280
80.3, 266.0, 280
86.75, 262.9, 280
84.25, 267.3, 280
87.35000000000001, 270.4, 280
93.35000000000001, 266.3, 280
79.60000000000001, 272.1, 280
81.05, 275.4, 280
75.2, 278.9, 280
89.5, 274.1, 280
89.35000000000001, 267.8, 280
92.85000000000001, 261.4, 280
78.05, 270.0, 280
83.25, 267.9, 280
106.7, 199.0, 280
89.35000000000001, 267.0, 280
87.5, 275.4, 280
86.15, 265.0, 280
157.4, 276.7, 280
84.35000000000001, 275.8, 280
80.60000000000001, 267.0, 280
80.8, 273.6, 280
85.55, 264.8, 280
75.05, 261.3, 280
73.45, 259.8, 280
87.75, 268.7, 280
83.55, 276.3, 280
87.75, 274.8, 280
84.05, 271.2, 280
71.25, 266.8, 280
91.5, 270.0, 280
90.65, 270.0, 280
91.35000000000001, 274.3, 280
87.85000000000001, 255.3, 280
66.7, 276.6, 280
82.55, 284.3, 280
79.8, 263.6, 280
81.25, 271.6, 280
89.85000000000001, 238.9, 280
92.3, 243.1, 280
79.0, 271.8, 280
82.19999999999999, 263.8, 280
74.75, 273.1, 280
96.4, 261.1, 280
87.85000000000001, 293.1, 300
90.75, 292.5, 300
89.95, 286.9, 300
74.45, 298.6, 300
86.5, 299.8, 300
92.75000000000001, 283.5, 300
93.3, 289.4, 300
82.25, 285.4, 300
90.75000000000001, 292.3, 300
86.85000000000001, 278.3, 300
80.2, 289.4, 300
82.3, 286.7, 300
84.35, 281.5, 300
88.85000000000001, 288.3, 300
81.3, 205.5, 300
88.3, 277.8, 300
72.45, 290.8, 300
86.85000000000001, 280.2, 300
86.8, 295.9, 300
95.3, 283.5, 300
82.55, 282.1, 300
84.19999999999999, 289.3, 300
77.44999999999999, 293.2, 300
91.3, 293.8, 300
84.55, 282.1, 300
92.64999999999999, 300.8, 300
71.2, 264.8, 300
83.35, 291.3, 300
85.39999999999999, 283.1, 300
79.1, 288.5, 300
81.3, 277.2, 300
91.5, 287.8, 300
88.5, 290.9, 300
86.25, 290.8, 300
91.3, 277.2, 300
94.4, 293.6, 300
80.85, 205.5, 300
83.65, 289.9, 300
85.15, 268.9, 300
95.5, 295.7, 300
74.44999999999999, 283.5, 300
128.60000000000002, 294.9, 300
93.7, 288.1, 300
93.95, 279.8, 300
85.25, 278.4, 300
98.3, 282.0, 300
83.55, 279.0, 300
81.25, 304.9, 300
86.8, 287.3, 300
95.5, 286.8, 300
80.55, 281.5, 300
120.60000000000002, 286.7, 300
84.3, 294.9, 300
92.64999999999999, 277.2, 300
70.25, 298.4, 300
96.4, 286.6, 300
80.2, 283.5, 300
71.05, 289.4, 300
79.8, 287.7, 300
86.35000000000001, 273.8, 300
73.2, 293.2, 300
91.75, 289.5, 300
85.45, 294.3, 300
78.55, 289.4, 300
76.55, 292.7, 300
81.19999999999999, 273.8, 300
86.15, 295.1, 300
83.85, 285.0, 300
90.05, 299.2, 300
65.7, 283.4, 300
102.4, 280.7, 300
78.45, 278.0, 300
71.45, 283.0, 300
84.65, 293.3, 300
78.05, 286.3, 300
87.35000000000001, 284.2, 300
100.7, 293.3, 300
64.7, 285.1, 300
101.7, 247.3, 300
82.35, 290.3, 300
98.2, 287.1, 300
84.45, 277.7, 300
86.8, 280.8, 300
86.55, 286.5, 300
82.45, 287.1, 300
85.55, 293.6, 300
83.85, 284.3, 300
86.35, 262.6, 300
93.0, 301.1, 300
95.75000000000001, 292.8, 300
88.75, 237.6, 300
96.3, 272.1, 300
69.7, 294.3, 300
89.0, 246.2, 300
96.3, 283.0, 300
80.55, 271.6, 300
80.35, 292.5, 300
79.35, 284.4, 300
84.85000000000001, 294.9, 300
78.44999999999999, 284.8, 300
70.2, 278.1, 300
78.45, 280.1, 300
83.25, 289.9, 300
92.5, 280.6, 300
71.25, 292.6, 300
88.35000000000001, 275.3, 300
88.55, 270.4, 300
83.3, 288.5, 300
99.2, 291.1, 300
75.05, 285.9, 300
92.3, 277.8, 300
80.60000000000001, 281.7, 300
84.25, 249.2, 300
80.15, 289.1, 300
87.35, 286.1, 300
82.45, 293.1, 300
90.7, 288.9, 300
81.44999999999999, 283.1, 300
78.25, 280.3, 300
91.75, 285.3, 300
93.5, 287.1, 300
80.55, 245.9, 300
86.5, 278.1, 300
88.35000000000001, 286.0, 300
83.45, 290.1, 300
88.3, 283.5, 300
94.75000000000001, 286.3, 300
87.3, 271.3, 300
100.4, 286.3, 300
82.2, 284.0, 300
85.39999999999999, 286.8, 300
78.05, 291.0, 300
82.19999999999999, 298.6, 300
92.64999999999999, 294.0, 300
69.2, 278.1, 300
79.2, 273.9, 300
76.25, 259.3, 300
83.8, 294.3, 300
66.7, 282.0, 300
93.3, 275.4, 300
85.25, 283.0, 300
86.95, 286.1, 300
85.75, 302.1, 300
85.35000000000001, 300.5, 300
79.55, 285.1, 300
68.7, 268.5, 300
164.4, 292.1, 300
92.95, 296.4, 300
93.3, 278.3, 300
75.45, 245.9, 300
78.45, 272.1, 300
90.15, 293.2, 300
86.8, 271.1, 300
87.0, 284.1, 300
101.4, 279.4, 300
96.4, 287.0, 300
90.75, 287.0, 300
80.3, 249.1, 300
97.05, 291.6, 300
77.45, 299.8, 300
78.05, 290.0, 300
83.35, 293.3, 300
95.3, 290.9, 300
75.05, 291.0, 300
91.3, 290.9, 300
96.2, 284.2, 300
90.3, 284.0, 300
83.3, 286.3, 300
73.45, 297.5, 300
78.05, 272.1, 300
88.3, 285.0, 300
85.55, 293.1, 300
101.7, 264.8, 300
90.5, 293.6, 300
91.0, 282.1, 300
69.7, 287.9, 300
75.25, 292.1, 300
83.0, 289.3, 300
78.8, 287.0, 300
89.3, 291.8, 300
84.3, 270.3, 300
83.55, 281.2, 300
80.2, 288.5, 300
93.75, 288.0, 300
90.7, 278.4, 300
82.25, 287.0, 300
65.7, 292.8, 300
93.7, 281.8, 300
92.05, 287.9, 300
98.7, 284.5, 300
80.45, 275.3, 300
82.3, 287.9, 300
92.3, 290.9, 300
91.5, 304.3, 300
79.2, 289.3, 300
94.5, 291.6, 300
78.2, 291.3, 300
158.4, 287.2, 300
70.25, 280.9, 300
85.8, 286.1, 300
87.15, 286.3, 300
79.14999999999999, 282.0, 300
89.85000000000001, 280.1, 300
83.25, 278.7, 300
91.85000000000001, 288.5, 300
79.0, 274.3, 300
103.4, 282.0, 300
74.45, 289.8, 300
93.3, 297.6, 300
166.4, 249.2, 300
72.25, 291.5, 300
87.19999999999999, 291.9, 300
87.35000000000001, 280.6, 300
88.0, 281.7, 300
81.05, 285.4, 300
91.85000000000001, 275.6, 300
98.75000000000001, 270.4, 300
79.55, 291.9, 300
73.4, 278.7, 300
70.4, 288.6, 300
92.0, 281.8, 300
94.3, 282.0, 300
83.19999999999999, 291.2, 300
126.60000000000002, 268.4, 300
86.39999999999999, 283.4, 300
84.1, 282.0, 300
89.75000000000001, 292.6, 300
87.15, 259.2, 300
83.25, 284.1, 300
83.45, 292.6, 300
87.35, 286.0, 300
87.15, 293.4, 300
73.44999999999999, 266.3, 300
95.2, 288.3, 300
83.3, 251.0, 300
90.75, 272.1, 300
92.35000000000001, 288.9, 300
70.25, 296.1, 300
81.3, 297.6, 300
83.19999999999999, 276.2, 300
89.65, 283.0, 300
86.39999999999999, 286.3, 300
80.35, 288.6, 300
87.35000000000001, 280.6, 300
86.95, 293.7, 300
86.35000000000001, 286.2, 300
96.64999999999999, 289.2, 300
74.60000000000001, 263.0, 300
77.75, 280.5, 300
71.7, 266.6, 300
84.5, 290.7, 300
80.25, 289.9, 300
98.3, 277.9, 300
92.3, 292.8, 300
76.25, 291.3, 300
79.2, 294.6, 300
99.7, 247.1, 300
77.45, 283.1, 300
93.0, 295.6, 300
82.8, 266.6, 300
84.8, 291.3, 300
76.55, 242.9, 300
72.45, 268.5, 300
165.4, 283.4, 300
90.35000000000001, 285.3, 300
84.39999999999999, 292.7, 300
85.85, 282.1, 300
82.35, 292.6, 300
94.5, 289.4, 300
70.45, 283.5, 300
92.2, 280.8, 300
86.15, 289.4, 300
76.05, 287.3, 300
92.75, 281.5, 300
87.75, 294.6, 300
75.05, 283.2, 300
75.45, 273.8, 300
83.14999999999999, 283.6, 300
91.65, 282.0, 300
84.0, 292.3, 300
76.25, 284.0, 300
93.35000000000001, 274.4, 300
80.0, 272.1, 300
85.15, 283.4, 300
89.3, 289.3, 300
70.7, 288.3, 300
102.7, 286.7, 300
87.5, 287.1, 300
83.25, 295.4, 300
85.8, 301.3, 300
87.8, 277.2, 300
125.60000000000002, 289.0, 300
71.25, 301.1, 300
88.39999999999999, 290.1, 300
122.60000000000002, 249.2, 300
87.39999999999999, 288.8, 300
72.25, 289.0, 300
86.3, 292.3, 300
121.60000000000002, 281.5, 300
92.2, 290.8, 300
98.75000000000001, 294.3, 300
95.64999999999999, 274.5, 300
90.15, 268.4, 300
162.4, 283.4, 300
78.25, 282.6, 300
92.3, 279.5, 300
85.35, 264.4, 300
79.8, 293.3, 300
90.3, 288.1, 300
71.05, 297.0, 300
79.55, 283.6, 300
85.3, 292.7, 300
80.25, 247.1, 300
72.7, 278.7, 300
94.15, 279.6, 300
79.0, 245.9, 300
93.7, 289.8, 300
86.1, 304.9, 300
81.19999999999999, 283.6, 300
87.85000000000001, 283.6, 300
75.45, 285.8, 300
88.5, 293.3, 300
84.8, 287.3, 300
80.1, 283.1, 300
90.75000000000001, 261.1, 300
89.65, 289.6, 300
81.8, 271.8, 300
85.75, 283.4, 300
85.25, 289.8, 300
87.85000000000001, 293.3, 300
70.7, 289.8, 300
79.15, 285.4, 300
80.8, 288.9, 300
94.4, 242.9, 300
90.95, 294.0, 300
79.85, 285.4, 300
81.3, 259.3, 300
88.64999999999999, 288.8, 300
86.7, 283.1, 300
124.60000000000002, 287.6, 300
164.4, 286.6, 300
93.75000000000001, 275.4, 300
86.15, 296.1, 300
85.3, 288.0, 300
92.7, 278.8, 300
124.60000000000002, 287.3, 300
96.3, 282.7, 300
69.4, 289.8, 300
81.85, 286.7, 300
93.15, 279.8, 300
85.45, 259.3, 300
78.25, 293.9, 300
88.35000000000001, 261.0, 300
87.95, 243.1, 300
88.55, 291.8, 300
86.35000000000001, 289.1, 300
78.2, 303.8, 300
78.25, 286.4, 300
88.35, 278.0, 300
88.85000000000001, 300.8, 300
87.95, 291.7, 300
79.60000000000001, 287.7, 300
83.3, 290.0, 300
121.60000000000002, 287.0, 300
82.3, 303.8, 300
86.25, 281.7, 300
82.25, 292.8, 300
83.25, 278.1, 300
80.05, 282.7, 300
77.2, 294.9, 300
81.60000000000001, 266.6, 300
78.45, 289.4, 300
91.05, 287.9, 300
86.3, 285.9, 300
89.5, 285.4, 300
87.65, 282.0, 300
88.35, 295.9, 300
78.75, 277.2, 300
74.75, 289.8, 300
91.0, 281.5, 300
81.15, 291.8, 300
93.95, 296.4, 300
89.15, 280.7, 300
88.65, 289.8, 300
81.85, 288.6, 300
82.60000000000001, 288.9, 300
79.45, 279.4, 300
91.64999999999999, 291.8, 300
75.05, 293.6, 300
86.75, 285.9, 300
71.4, 261.9, 300
94.75000000000001, 241.4, 300
85.8, 281.2, 300
86.65, 287.9, 300
84.3, 304.9, 300
79.45, 277.7, 300
92.85000000000001, 270.3, 300
93.75000000000001, 296.4, 300
83.14999999999999, 291.0, 300
82.75, 282.2, 300
81.14999999999999, 282.6, 300
85.7, 287.6, 300
87.1, 205.5, 300
77.85, 243.1, 300
78.25, 290.7, 300
80.15, 247.1, 300
88.85000000000001, 284.0, 300
86.85, 295.7, 300
88.1, 249.2, 300
81.0, 287.8, 300
89.3, 292.3, 300
64.7, 285.9, 300
107.7, 285.6, 300
77.55, 279.0, 300
82.2, 268.5, 300
70.05, 291.1, 300
88.95, 254.6, 300
88.15, 269.3, 300
96.64999999999999, 287.0, 300
84.3, 284.1, 300
85.8, 283.4, 300
84.7, 297.6, 300
84.3, 284.8, 300
87.55, 294.6, 300
89.7, 285.0, 300
90.85000000000001, 293.3, 300
88.0, 297.0, 300
84.8, 287.1, 300
103.4, 296.4, 300
73.25, 286.2, 300
85.35000000000001, 285.4, 300
86.85, 283.0, 300
76.60000000000001, 290.0, 300
90.05, 293.3, 300
81.55, 293.3, 300
83.85, 279.5, 300
95.75000000000001, 255.0, 300
85.85000000000001, 271.1, 300
90.2, 284.5, 300
90.15, 284.9, 300
98.3, 300.0, 300
86.35, 282.7, 300
97.64999999999999, 294.0, 300
71.45, 295.8, 300
99.2, 278.3, 300
67.7, 297.5, 300
94.75000000000001, 299.2, 300
98.3, 296.9, 300
91.95, 279.6, 300
75.60000000000001, 287.8, 300
86.15, 276.8, 300
105.7, 293.4, 300
73.44999999999999, 279.5, 300
93.05, 288.3, 300
89.3, 297.0, 300
83.8, 287.1, 300
87.15, 293.0, 300
98.3, 271.3, 300
75.44999999999999, 289.3, 300
74.75, 279.2, 300
73.25, 296.1, 300
78.45, 278.3, 300
76.25, 277.7, 300
79.8, 301.1, 300
85.15, 283.4, 300
84.75, 262.8, 300
86.35000000000001, 287.1, 300
77.25, 246.2, 300
98.3, 291.5, 300
75.25, 287.1, 300
85.19999999999999, 288.8, 300
91.05, 283.5, 300
86.95, 292.7, 300
89.7, 295.7, 300
79.15, 284.2, 300
71.45, 292.7, 300
76.14999999999999, 289.6, 300
88.15, 288.3, 300
82.2, 288.6, 300
82.25, 292.7, 300
79.75, 280.1, 300
88.64999999999999, 274.0, 300
85.8, 277.2, 300
85.0, 292.2, 300
80.35, 286.7, 300
89.3, 280.2, 300
95.2, 293.3, 300
90.3, 293.3, 300
75.2, 284.4, 300
160.4, 287.3, 300
92.95, 286.9, 300
86.3, 278.8, 300
80.3, 283.4, 300
74.2, 293.6, 300
78.44999999999999, 276.2, 300
81.85, 290.8, 300
87.25, 271.0, 300
92.75000000000001, 287.8, 300
75.60000000000001, 261.1, 300
83.55, 282.1, 300
89.7, 262.4, 300
76.85, 285.4, 300
123.60000000000002, 297.6, 300
98.4, 283.1, 300
87.1, 285.4, 300
73.2, 287.3, 300
95.64999999999999, 286.8, 300
86.85000000000001, 299.1, 300
97.75000000000001, 285.8, 300
77.25, 289.3, 300
81.60000000000001, 275.3, 300
75.25, 283.5, 300
86.19999999999999, 284.0, 300
95.4, 288.2, 300
91.75000000000001, 287.6, 300
77.05, 294.2, 300
90.0, 282.7, 300
93.7, 288.5, 300
89.85000000000001, 296.4, 300
101.4, 290.9, 300
76.05, 275.1, 300
75.25, 283.3, 300
92.85000000000001, 284.9, 300
82.25, 278.3, 300
86.15, 280.8, 300
78.45, 295.9, 300
80.39999999999999, 288.2, 300
91.85000000000001, 296.4, 300
84.0, 293.1, 300
85.0, 277.5, 300
79.45, 283.4, 300
94.64999999999999, 282.0, 300
82.3, 280.3, 300
82.25, 284.5, 300
83.65, 284.2, 300
90.2, 290.7, 300
83.45, 270.3, 300
86.8, 253.4, 300
93.3, 283.5, 300
103.7, 279.2, 300
83.19999999999999, 295.5, 300
86.0, 297.3, 300
166.4, 279.5, 300
85.75, 293.4, 300
81.35, 293.3, 300
88.35, 281.7, 300
86.35000000000001, 279.2, 300
90.15, 276.0, 300
88.0, 298.6, 300
82.45, 287.5, 300
76.45, 283.5, 300
90.75, 280.6, 300
96.3, 287.4, 300
80.3, 281.5, 300
85.15, 281.2, 300
79.35, 293.3, 300
97.75000000000001, 291.4, 300
100.7, 287.7, 300
98.3, 274.8, 300
90.75000000000001, 255.0, 300
79.15, 282.0, 300
82.05, 284.2, 300
78.60000000000001, 273.9, 300
77.2, 286.6, 300
84.19999999999999, 261.1, 300
95.75000000000001, 286.0, 300
160.4, 286.9, 300
89.3, 283.4, 300
157.4, 286.3, 300
79.35, 278.3, 300
82.45, 294.3, 300
85.55, 289.9, 300
86.85, 283.0, 300
89.35000000000001, 279.4, 300
91.0, 282.2, 300
82.44999999999999, 292.1, 300
82.25, 300.8, 300
74.45, 285.1, 300
85.65, 279.4, 300
82.8, 270.3, 300
74.75, 304.3, 300
89.3, 279.8, 300
78.2, 282.6, 300
90.35000000000001, 294.3, 300
97.4, 281.7, 300
83.55, 283.4, 300
84.19999999999999, 281.1, 300
83.3, 279.4, 300
84.5, 263.0, 300
89.7, 281.1, 300
90.5, 286.3, 300
75.25, 278.3, 300
87.35, 290.1, 300
87.39999999999999, 293.3, 300
84.65, 283.0, 300
69.25, 272.3, 300
82.85, 298.1, 300
83.60000000000001, 287.6, 300
165.4, 293.4, 300
88.55, 298.4, 300
80.60000000000001, 281.1, 320
71.2, 285.3, 320
81.0, 289.2, 320
87.0, 284.0, 320
81.15, 263.0, 320
93.5, 263.2, 320
94.05, 281.2, 320
70.25, 280.6, 320
88.35, 289.8, 320
77.05, 288.3, 320
74.2, 291.2, 320
98.3, 289.8, 320
83.85000000000001, 298.4, 320
87.8, 285.3, 320
88.3, 293.3, 320
74.25, 278.3, 320
82.25, 271.0, 320
84.45, 290.3, 320
88.3, 285.4, 320
90.75000000000001, 283.0, 320
93.95, 292.1, 320
85.1, 287.4, 320
91.15, 280.8, 320
80.55, 278.3, 320
87.95, 281.7, 320
95.5, 279.2, 320
93.3, 283.1, 320
80.19999999999999, 271.0, 320
88.0, 291.0, 320
80.85, 281.3, 320
90.05, 300.5, 320
95.64999999999999, 293.7, 320
78.8, 285.4, 320
95.3, 246.2, 320
90.0, 284.9, 320
80.2, 272.3, 320
87.35000000000001, 283.1, 320
81.55, 294.9, 320
88.75, 292.5, 320
66.7, 286.7, 320
86.55, 275.1, 320
73.44999999999999, 279.5, 320
76.45, 262.5, 320
92.64999999999999, 287.1, 320
78.25, 304.9, 320
77.45, 290.0, 320
88.15, 284.8, 320
91.3, 292.7, 320
94.15, 284.2, 320
93.0, 283.7, 320
81.75, 281.3, 320
89.5, 294.0, 320
87.35, 290.0, 320
79.55, 287.0, 320
81.8, 256.0, 320
86.3, 278.1, 320
89.3, 284.4, 320
88.1, 281.1, 320
90.75, 288.3, 320
93.35000000000001, 289.2, 320
71.45, 289.0, 320
95.75000000000001, 280.9, 320
80.05, 280.6, 320
83.8, 287.0, 320
92.75000000000001, 296.1, 320
90.2, 270.3, 320
71.25, 280.2, 320
85.0, 284.5, 320
106.7, 273.8, 320
90.3, 287.6, 320
85.75, 291.8, 320
82.75, 286.9, 320
121.60000000000002, 289.3, 320
97.3, 272.3, 320
87.35000000000001, 291.8, 320
67.7, 282.0, 320
70.7, 290.6, 320
93.75, 289.4, 320
87.85000000000001, 297.3, 320
90.75, 291.1, 320
90.3, 292.7, 320
69.7, 274.4, 320
81.05, 295.6, 320
85.65, 274.8, 320
80.25, 294.9, 320
90.35000000000001, 270.6, 320
75.55, 291.6, 320
79.2, 273.0, 320
90.85000000000001, 274.0, 320
103.7, 284.2, 320
91.5, 283.5, 320
86.35, 281.3, 320
87.35, 255.9, 320
96.05, 289.4, 320
98.05, 247.1, 320
82.0, 300.8, 320
81.15, 283.5, 320
72.45, 288.2, 320
71.4, 288.6, 320
87.85000000000001, 266.3, 320
90.15, 270.3, 320
164.4, 298.2, 320
88.3, 284.0, 320
81.44999999999999, 283.4, 320
94.75000000000001, 243.1, 320
84.55, 293.3, 320
96.75000000000001, 289.3, 320
92.85000000000001, 282.0, 320
75.14999999999999, 263.2, 320
88.55, 286.1, 320
80.75, 303.8, 320
89.75, 289.8, 320
70.45, 279.9, 320
81.45, 287.3, 320
94.3, 284.0, 320
101.7, 288.8, 320
81.25, 281.1, 320
83.65, 281.2, 320
67.4, 289.6, 320
94.05, 289.6, 320
86.39999999999999, 281.7, 320
84.39999999999999, 289.4, 320
81.55, 292.4, 320
88.39999999999999, 289.4, 320
80.45, 300.8, 320
70.4, 287.1, 320
93.05, 283.4, 320
82.44999999999999, 287.6, 320
79.05, 295.6, 320
87.7, 280.4, 320
84.8, 290.9, 320
159.4, 298.2, 320
81.55, 283.4, 320
85.0, 291.1, 320
98.75000000000001, 288.8, 320
70.4, 285.4, 320
77.05, 282.3, 320
80.60000000000001, 286.3, 320
93.15, 283.4, 320
83.55, 280.9, 320
94.3, 281.2, 320
163.4, 295.5, 320
71.25, 291.6, 320
84.55, 279.4, 320
85.35000000000001, 280.9, 320
81.05, 277.7, 320
88.7, 283.3, 320
75.45, 290.0, 320
83.25, 291.5, 320
73.2, 287.6, 320
87.8, 282.1, 320
88.35, 290.9, 320
80.3, 275.3, 320
76.14999999999999, 284.7, 320
82.3, 287.2, 320
95.2, 290.1, 320
89.65, 291.8, 320
80.35, 286.9, 320
105.7, 280.6, 320
95.64999999999999, 297.0, 320
76.85, 290.8, 320
80.8, 294.3, 320
86.55, 243.1, 320
71.45, 292.7, 320
81.15, 292.3, 320
80.8, 294.8, 320
87.15, 272.1, 320
86.0, 282.0, 320
86.25, 296.4, 320
77.2, 275.1, 320
94.3, 293.3, 320
88.7, 283.3, 320
94.5, 275.6, 320
81.8, 277.2, 320
69.2, 282.6, 320
82.44999999999999, 286.1, 320
83.45, 276.8, 320
94.4, 286.6, 320
89.0, 295.7, 320
88.85000000000001, 295.3, 320
89.3, 289.1, 320
82.55, 270.3, 320
88.1, 282.1, 320
163.4, 270.4, 320
84.85000000000001, 286.6, 320
83.85, 287.0, 320
94.75000000000001, 300.5, 320
84.7, 288.3, 320
92.0, 295.4, 320
80.75, 259.2, 320
76.75, 278.4, 320
72.45, 277.2, 320
77.44999999999999, 283.4, 320
79.0, 295.7, 320
95.5, 261.0, 320
87.0, 295.5, 320
86.3, 280.7, 320
87.0, 298.6, 320
84.3, 289.4, 320
88.35, 284.2, 320
83.2, 255.9, 320
79.2, 297.6, 320
85.35000000000001, 278.3, 320
72.2, 293.1, 320
83.19999999999999, 287.1, 320
89.3, 290.0, 320
85.1, 285.9, 320
127.60000000000002, 285.1, 320
100.7, 293.4, 320
82.55, 289.8, 320
87.8, 289.3, 320
93.75000000000001, 277.7, 320
79.44999999999999, 279.1, 320
96.3, 296.4, 320
79.25, 284.1, 320
123.60000000000002, 282.0, 320
76.25, 295.8, 320
91.64999999999999, 266.3, 320
87.8, 295.7, 320
161.4, 294.8, 320
78.8, 286.7, 320
95.3, 276.8, 320
98.75000000000001, 278.4, 320
83.05, 292.2, 320
79.44999999999999, 293.8, 320
86.25, 287.4, 320
74.45, 291.0, 320
127.60000000000002, 268.9, 320
97.05, 293.3, 320
91.3, 282.6, 320
78.05, 304.3, 320
76.25, 280.6, 320
74.25, 282.2, 320
88.15, 293.1, 320
75.45, 282.2, 320
90.3, 290.7, 320
81.19999999999999, 286.9, 320
81.55, 286.7, 320
98.3, 279.4, 320
80.55, 277.9, 320
98.5, 243.1, 320
83.55, 282.0, 320
76.2, 293.9, 320
72.45, 286.9, 320
79.25, 280.9, 320
82.3, 208.1, 320
85.85, 260.1, 320
78.2, 286.7, 320
83.75, 287.8, 320
88.0, 285.4, 320
90.85000000000001, 292.6, 320
84.0, 295.7, 320
88.75, 286.4, 320
81.25, 295.8, 320
80.85, 282.6, 320
95.3, 288.3, 320
84.05, 285.4, 320
66.7, 278.7, 320
75.55, 292.2, 320
95.2, 281.7, 320
92.75000000000001, 283.1, 320
84.39999999999999, 292.8, 320
88.35, 287.7, 320
91.2, 287.5, 320
80.35, 297.3, 320
89.5, 284.9, 320
82.8, 283.4, 320
79.2, 278.8, 320
73.25, 292.1, 320
84.85000000000001, 282.3, 320
85.7, 282.0, 320
83.05, 279.0, 320
86.1, 282.2, 320
75.05, 288.5, 320
95.3, 295.7, 320
71.7, 287.9, 320
77.44999999999999, 278.1, 320
94.5, 283.3, 320
121.60000000000002, 295.7, 320
86.55, 283.4, 320
88.15, 288.3, 320
85.75, 281.3, 320
75.2, 295.1, 320
93.75, 277.7, 320
72.2, 283.1, 320
158.4, 282.1, 320
87.1, 288.8, 320
87.3, 300.0, 320
74.75, 289.6, 320
69.7, 289.7, 320
85.1, 275.4, 320
75.05, 245.9, 320
97.5, 293.3, 320
98.75000000000001, 291.7, 320
83.15, 289.9, 320
83.39999999999999, 268.9, 320
76.25, 293.8, 320
79.25, 300.0, 320
82.85, 291.9, 320
86.75, 283.1, 320
90.95, 290.0, 320
89.35000000000001, 288.0, 320
77.25, 295.8, 320
69.7, 290.0, 320
82.25, 284.1, 320
93.7, 270.4, 320
84.35, 292.1, 320
85.39999999999999, 289.7, 320
76.2, 299.8, 320
94.3, 260.1, 320
83.05, 285.6, 320
94.15, 284.9, 320
101.4, 277.2, 320
90.65, 292.1, 320
71.2, 288.4, 320
124.60000000000002, 287.3, 320
80.05, 286.3, 320
79.0, 288.6, 320
77.2, 287.6, 320
69.7, 247.3, 320
81.8, 268.9, 320
82.19999999999999, 282.1, 320
93.3, 293.3, 320
80.45, 283.4, 320
93.7, 289.6, 320
68.4, 300.8, 320
83.8, 285.3, 320
100.7, 284.1, 320
75.2, 275.4, 320
76.45, 251.0, 320
89.64999999999999, 287.8, 320
95.64999999999999, 262.4, 320
121.60000000000002, 284.9, 320
92.75000000000001, 285.7, 320
93.85000000000001, 274.4, 320
123.60000000000002, 282.1, 320
75.25, 274.0, 320
74.60000000000001, 283.1, 320
80.55, 295.5, 320
74.44999999999999, 294.0, 320
72.45, 288.0, 320
78.05, 245.9, 320
75.05, 282.0, 320
84.85000000000001, 289.8, 320
86.75, 278.4, 320
88.35000000000001, 280.2, 320
92.35000000000001, 249.1, 320
82.25, 271.3, 320
90.65, 268.5, 320
93.05, 283.3, 320
79.55, 284.2, 320
66.4, 287.9, 320
89.15, 290.9, 320
96.05, 266.3, 320
89.3, 288.6, 320
86.8, 286.4, 320
82.1, 289.5, 320
81.75, 285.8, 320
95.64999999999999, 270.3, 320
83.3, 286.8, 320
90.65, 274.5, 320
83.55, 296.9, 320
70.45, 289.8, 320
83.0, 292.6, 320
92.05, 300.0, 320
102.7, 293.2, 320
83.55, 290.0, 320
89.3, 285.6, 320
90.7, 283.8, 320
88.75, 297.5, 320
80.05, 294.1, 320
90.65, 294.9, 320
90.3, 241.4, 320
80.55, 274.4, 320
90.95, 249.2, 320
81.2, 283.4, 320
91.3, 280.7, 320
84.85, 293.2, 320
87.85000000000001, 289.6, 320
98.3, 287.3, 320
64.7, 284.8, 320
124.60000000000002, 293.3, 320
87.25, 268.9, 320
83.55, 285.2, 320
87.85, 269.8, 320
78.2, 286.4, 320
97.3, 295.3, 320
78.8, 286.3, 320
79.55, 269.3, 320
87.55, 279.5, 320
77.2, 287.3, 320
87.75, 276.2, 320
85.39999999999999, 290.0, 320
101.7, 289.1, 320
97.5, 251.0, 320
81.2, 301.3, 320
79.2, 296.4, 320
81.35, 247.3, 320
84.35000000000001, 289.8, 320
98.7, 279.9, 320
98.75000000000001, 284.2, 320
77.25, 282.1, 320
69.25, 270.3, 320
82.45, 298.6, 320
70.45, 276.8, 320
66.4, 292.6, 320
79.25, 280.7, 320
86.35, 294.8, 320
89.35000000000001, 271.3, 320
82.3, 289.4, 320
90.85000000000001, 292.1, 320
82.8, 283.4, 320
98.3, 288.0, 320
76.2, 287.0, 320
87.39999999999999, 261.9, 320
84.0, 286.3, 320
95.5, 289.7, 320
73.45, 282.0, 320
97.4, 294.1, 320
91.95, 261.9, 320
87.8, 292.5, 320
79.60000000000001, 294.6, 320
87.35, 292.1, 320
72.7, 290.0, 320
98.75000000000001, 289.3, 320
82.2, 294.0, 320
90.05, 288.9, 320
91.35000000000001, 280.0, 320
85.95, 286.2, 320
83.35, 268.8, 320
90.15, 293.2, 320
94.3, 301.5, 320
93.3, 263.2, 320
81.8, 298.4, 320
73.05, 288.8, 320
81.35, 292.5, 320
96.3, 300.8, 320
83.45, 286.1, 320
87.8, 286.9, 320
85.35, 293.0, 320
88.39999999999999, 291.3, 320
87.65, 269.8, 320
96.3, 295.3, 320
81.55, 270.3, 320
74.45, 289.0, 320
75.05, 289.0, 320
98.3, 294.0, 320
80.85, 275.6, 320
65.7, 283.8, 320
81.45, 293.3, 320
85.0, 287.8, 320
100.7, 283.4, 320
83.14999999999999, 285.9, 320
88.35000000000001, 280.9, 320
78.2, 289.0, 320
93.15, 287.0, 320
89.3, 287.0, 320
84.3, 293.3, 320
74.45, 291.0, 320
75.2, 292.8, 320
84.25, 290.9, 320
65.7, 285.0, 320
89.75, 287.6, 320
77.2, 287.9, 320
83.75, 284.2, 320
91.75000000000001, 278.7, 320
96.2, 284.2, 320
85.45, 273.0, 320
91.2, 288.8, 320
79.35, 284.0, 320
82.85, 288.5, 320
95.5, 280.7, 320
96.2, 293.1, 320
86.0, 290.3, 320
90.75, 283.5, 320
67.7, 205.5, 320
84.85, 285.9, 320
83.8, 293.9, 320
122.60000000000002, 292.3, 320
128.60000000000002, 280.1, 320
78.14999999999999, 287.1, 320
78.60000000000001, 293.2, 320
87.5, 281.7, 320
83.45, 292.2, 320
85.45, 293.7, 320
84.55, 291.6, 320
82.55, 287.3, 320
79.45, 287.3, 320
78.45, 294.9, 320
81.35, 287.1, 320
88.85000000000001, 278.3, 320
84.35, 284.8, 320
82.39999999999999, 280.4, 320
89.35000000000001, 287.5, 320
89.3, 294.0, 320
86.85, 288.2, 320
99.7, 261.9, 320
85.85000000000001, 286.9, 320
76.25, 289.8, 320
124.60000000000002, 291.1, 320
82.75, 251.0, 320
88.19999999999999, 293.4, 320
74.2, 291.1, 320
75.05, 286.7, 320
74.25, 294.3, 320
83.45, 285.7, 320
74.25, 245.9, 320
93.75, 288.4, 320
84.55, 276.0, 320
82.8, 293.4, 320
86.55, 289.9, 320
106.7, 304.3, 320
87.8, 290.7, 320
84.35, 237.6, 320
82.44999999999999, 286.1, 320
83.35, 299.2, 320
76.25, 286.4, 320
81.25, 295.8, 320
84.5, 299.1, 320
72.25, 285.4, 320
72.05, 292.7, 320
83.14999999999999, 286.1, 320
70.7, 284.1, 320
86.39999999999999, 289.9, 320
84.15, 283.8, 320
75.25, 277.8, 320
88.35000000000001, 293.3, 320
77.44999999999999, 287.3, 320
78.2, 285.2, 320
78.2, 287.3, 320
99.4, 288.6, 320
92.5, 274.8, 320
88.95, 255.0, 320
84.25, 292.4, 320
91.0, 286.3, 320
94.75000000000001, 271.3, 320
87.5, 293.2, 320
83.75, 286.7, 320
88.15, 285.9, 320
87.35, 288.2, 320
91.3, 285.1, 320
75.44999999999999, 282.0, 320
77.75, 271.3, 320
80.2, 293.8, 320
83.65, 291.9, 320
71.2, 284.0, 320
85.35, 284.1, 320
122.60000000000002, 247.3, 320
93.15, 283.4, 320
83.14999999999999, 297.5, 320
76.05, 286.0, 320
83.39999999999999, 289.9, 320
82.45, 283.8, 320
93.3, 292.7, 320
92.35000000000001, 284.4, 320
96.75000000000001, 293.0, 320
100.4, 282.7, 320
75.14999999999999, 274.8, 320
89.35000000000001, 300.0, 320
91.85000000000001, 295.3, 320
94.05, 292.1, 320
84.35000000000001, 293.6, 320
72.25, 288.2, 320
92.0, 292.8, 320
87.25, 279.5, 320
92.7, 280.5, 320
80.15, 298.6, 320
84.05, 295.4, 320
96.75000000000001, 270.3, 320
66.4, 287.9, 320
87.1, 278.3, 320
95.2, 260.1, 320
72.25, 218.2, 320
81.3, 287.5, 320
86.3, 282.2, 320
74.55, 289.0, 320
82.05, 282.0, 320
97.4, 283.3, 320
91.3, 286.0, 320
98.05, 290.5, 320
82.8, 288.0, 320
77.45, 285.0, 320
85.3, 295.3, 320
77.45, 287.3, 320
74.45, 292.1, 320
81.55, 293.8, 320
97.5, 292.1, 320
91.5, 277.8, 320
89.3, 287.7, 320
87.3, 275.1, 320
98.75000000000001, 288.3, 320
103.4, 279.2, 320
87.0, 284.4, 320
79.25, 283.5, 320
82.55, 287.9, 320
121.60000000000002, 273.0, 320
92.35000000000001, 290.5, 320
96.4, 294.8, 320
84.35, 295.8, 320
79.25, 286.6, 320
76.85, 276.2, 340
84.5, 285.7, 340
98.2, 293.2, 340
79.25, 286.0, 340
99.4, 275.3, 340
82.8, 281.8, 340
76.05, 286.0, 340
86.35000000000001, 281.2, 340
94.75000000000001, 284.3, 340
82.75, 279.2, 340
83.2, 295.4, 340
93.5, 270.6, 340
90.7, 300.5, 340
79.1, 282.0, 340
76.45, 285.3, 340
85.85000000000001, 285.6, 340
81.85, 288.3, 340
75.2, 287.0, 340
71.2, 296.1, 340
74.25, 292.7, 340
80.45, 266.3, 340
91.15, 283.3, 340
77.45, 288.3, 340
83.2, 241.4, 340
65.7, 294.3, 340
90.0, 249.1, 340
85.35, 277.5, 340
82.25, 285.1, 340
92.15, 284.8, 340
87.75, 255.9, 340
75.45, 303.8, 340
87.7, 296.9, 340
83.05, 294.3, 340
79.75, 299.1, 340
93.0, 289.8, 340
77.44999999999999, 290.9, 340
76.25, 292.5, 340
97.75000000000001, 268.5, 340
85.8, 285.1, 340
91.35000000000001, 289.4, 340
90.35000000000001, 277.5, 340
93.7, 293.1, 340
78.8, 287.2, 340
83.75, 271.0, 340
90.3, 263.0, 340
89.95, 283.4, 340
92.35000000000001, 294.3, 340
92.75000000000001, 273.0, 340
83.55, 284.7, 340
90.3, 289.6, 340
85.7, 293.3, 340
91.3, 277.5, 340
103.7, 294.0, 340
84.05, 275.1, 340
94.05, 286.3, 340
87.15, 262.4, 340
81.75, 268.9, 340
90.2, 251.8, 340
76.25, 283.2, 340
84.35000000000001, 263.0, 340
74.45, 289.0, 340
93.3, 284.2, 340
77.25, 292.7, 340
86.25, 289.2, 340
88.35000000000001, 296.4, 340
79.1, 283.0, 340
128.60000000000002, 282.0, 340
64.4, 284.4, 340
82.3, 283.4, 340
98.75000000000001, 273.8, 340
71.7, 294.3, 340
83.55, 283.4, 340
82.25, 289.6, 340
97.5, 286.8, 340
85.55, 298.4, 340
81.39999999999999, 276.2, 340
72.25, 284.9, 340
85.8, 290.8, 340
81.8, 289.8, 340
89.75, 266.6, 340
89.75000000000001, 290.0, 340
72.45, 242.9, 340
75.2, 288.4, 340
93.15, 295.8, 340
84.35000000000001, 284.9, 340
72.25, 285.1, 340
93.2, 274.0, 340
83.75, 287.4, 340
81.45, 290.0, 340
85.85000000000001, 251.8, 340
98.3, 285.3, 340
80.60000000000001, 279.9, 340
81.45, 286.8, 340
99.7, 288.9, 340
66.7, 288.5, 340
82.45, 259.2, 340
91.2, 284.1, 340
72.25, 286.3, 340
94.75000000000001, 284.0, 340
80.55, 285.2, 340
89.3, 278.8, 340
84.8, 287.1, 340
70.45, 293.3, 340
85.3, 296.9, 340
97.64999999999999, 289.4, 340
90.0, 280.5, 340
85.75, 288.5, 340
79.25, 264.4, 340
72.45, 290.0, 340
73.45, 299.1, 340
68.7, 293.6, 340
92.85000000000001, 285.4, 340
86.35, 256.0, 340
95.05, 292.1, 340
94.4, 279.2, 340
75.2, 292.1, 340
83.75, 284.2, 340
96.75000000000001, 284.5, 340
82.35, 264.8, 340
88.3, 281.7, 340
76.75, 288.8, 340
82.3, 283.7, 340
80.85, 255.0, 340
85.8, 281.2, 340
81.85, 259.2, 340
88.7, 243.1, 340
75.2, 285.4, 340
88.8, 273.8, 340
90.75, 293.2, 340
79.44999999999999, 300.4, 340
166.4, 287.9, 340
81.45, 294.3, 340
86.7, 283.5, 340
93.75000000000001, 279.3, 340
81.2, 264.4, 340
101.7, 293.6, 340
84.3, 284.3, 340
86.3, 295.7, 340
91.15, 262.4, 340
78.25, 292.6, 340
87.0, 273.0, 340
74.45, 289.4, 340
87.3, 285.3, 340
71.05, 280.6, 340
75.2, 276.8, 340
80.05, 291.2, 340
86.35000000000001, 292.8, 340
99.2, 237.6, 340
78.25, 273.0, 340
73.2, 293.8, 340
93.35000000000001, 298.2, 340
92.85000000000001, 280.6, 340
84.3, 292.7, 340
77.05, 295.7, 340
89.5, 289.2, 340
97.4, 297.8, 340
85.35000000000001, 289.8, 340
74.25, 264.8, 340
99.7, 292.1, 340
84.25, 293.3, 340
79.2, 289.8, 340
75.75, 245.9, 340
77.14999999999999, 279.5, 340
89.05, 281.5, 340
93.05, 284.9, 340
164.4, 288.5, 340
89.64999999999999, 279.2, 340
85.65, 251.0, 340
89.3, 281.2, 340
93.05, 274.4, 340
87.0, 282.0, 340
75.85, 282.1, 340
84.85000000000001, 284.0, 340
90.3, 277.2, 340
79.14999999999999, 280.3, 340
72.2, 292.7, 340
77.05, 282.1, 340
78.55, 278.3, 340
83.2, 283.0, 340
82.1, 237.6, 340
68.4, 298.6, 340
94.2, 290.1, 340
66.7, 288.4, 340
85.15, 284.2, 340
88.95, 277.1, 340
79.15, 260.1, 340
82.8, 287.1, 340
83.35, 278.3, 340
89.95, 287.9, 340
66.4, 289.8, 340
93.64999999999999, 280.5, 340
75.45, 268.8, 340
87.3, 290.9, 340
70.25, 208.1, 340
85.35, 294.2, 340
85.55, 289.8, 340
87.65, 279.0, 340
86.35000000000001, 281.8, 340
83.3, 280.6, 340
97.4, 282.0, 340
87.95, 270.4, 340
85.85000000000001, 290.9, 340
166.4, 289.4, 340
88.0, 289.9, 340
74.25, 284.0, 340
88.15, 282.6, 340
87.45, 205.5, 340
84.65, 287.3, 340
93.35000000000001, 273.8, 340
77.25, 283.2, 340
71.05, 247.1, 340
97.05, 290.9, 340
82.25, 280.5, 340
85.5, 279.6, 340
80.35, 280.8, 340
74.2, 285.1, 340
88.1, 300.4, 340
78.55, 290.3, 340
128.60000000000002, 291.8, 340
86.3, 300.0, 340
79.15, 294.6, 340
81.3, 280.8, 340
76.85, 282.2, 340
85.8, 287.3, 340
84.8, 303.8, 340
86.3, 281.2, 340
84.35, 300.5, 340
88.7, 287.3, 340
88.39999999999999, 279.3, 340
93.3, 289.6, 340
91.75, 270.6, 340
77.2, 281.8, 340
92.35000000000001, 284.2, 340
84.3, 297.8, 340
93.75000000000001, 283.4, 340
103.4, 279.5, 340
98.2, 291.0, 340
93.35000000000001, 297.5, 340
83.3, 277.7, 340
83.2, 293.3, 340
86.55, 294.9, 340
88.85000000000001, 249.2, 340
69.2, 283.3, 340
74.2, 285.1, 340
84.55, 294.0, 340
85.8, 282.0, 340
125.60000000000002, 277.7, 340
91.35000000000001, 273.8, 340
94.75000000000001, 287.6, 340
76.05, 285.4, 340
98.75000000000001, 290.0, 340
84.8, 273.0, 340
74.25, 282.1, 340
91.7, 293.8, 340
81.85, 289.4, 340
80.44999999999999, 286.7, 340
78.14999999999999, 286.1, 340
87.85, 292.7, 340
70.4, 272.1, 340
91.3, 291.8, 340
78.44999999999999, 284.2, 340
75.2, 280.5, 340
93.15, 276.2, 340
81.45, 278.4, 340
81.45, 280.2, 340
89.65, 245.9, 340
89.15, 292.1, 340
85.39999999999999, 297.5, 340
94.4, 293.4, 340
95.05, 281.1, 340
97.2, 293.1, 340
74.25, 272.1, 340
94.5, 300.5, 340
78.60000000000001, 295.9, 340
89.15, 294.6, 340
84.19999999999999, 291.8, 340
81.85, 282.1, 340
80.85, 292.1, 340
70.45, 285.7, 340
88.65, 288.3, 340
83.75, 279.2, 340
88.0, 300.8, 340
89.64999999999999, 288.0, 340
76.45, 292.6, 340
85.8, 279.2, 340
83.3, 284.9, 340
102.7, 286.4, 340
93.85000000000001, 261.0, 340
79.05, 282.0, 340
95.75000000000001, 291.3, 340
86.75, 264.8, 340
88.19999999999999, 283.6, 340
83.85000000000001, 290.3, 340
86.15, 294.8, 340
124.60000000000002, 262.6, 340
79.2, 271.6, 340
74.45, 295.1, 340
78.85, 285.3, 340
94.3, 290.5, 340
107.7, 301.1, 340
84.35000000000001, 296.4, 340
92.05, 290.0, 340
78.60000000000001, 295.9, 340
81.55, 281.5, 340
79.14999999999999, 286.7, 340
64.7, 296.4, 340
75.2, 297.5, 340
94.75000000000001, 283.0, 340
81.3, 241.4, 340
84.35000000000001, 288.1, 340
91.75, 283.4, 340
94.75000000000001, 251.0, 340
88.8, 275.6, 340
83.55, 292.8, 340
71.25, 287.2, 340
77.14999999999999, 296.9, 340
83.19999999999999, 293.6, 340
70.45, 283.4, 340
92.2, 218.2, 340
87.35, 266.6, 340
71.45, 285.1, 340
73.2, 279.1, 340
88.19999999999999, 297.6, 340
84.05, 285.4, 340
69.45, 297.3, 340
92.35000000000001, 283.4, 340
84.75, 266.3, 340
86.35, 293.7, 340
91.7, 283.7, 340
91.35000000000001, 288.9, 340
96.5, 216.0, 340
88.0, 279.9, 340
92.3, 289.8, 340
81.35, 289.8, 340
86.0, 284.1, 340
85.55, 281.7, 340
75.25, 283.8, 340
87.3, 296.9, 340
73.25, 278.6, 340
89.75000000000001, 296.9, 340
75.85, 259.3, 340
122.60000000000002, 284.2, 340
91.2, 282.6, 340
74.2, 216.0, 340
88.35000000000001, 285.4, 340
87.35, 284.1, 340
81.55, 255.9, 340
89.95, 285.3, 340
82.15, 292.7, 340
89.75, 290.0, 340
86.95, 281.1, 340
78.8, 287.1, 340
79.45, 282.2, 340
64.4, 293.3, 340
128.60000000000002, 291.6, 340
91.75000000000001, 295.4, 340
82.15, 290.3, 340
89.75000000000001, 283.1, 340
72.45, 287.2, 340
92.3, 289.8, 340
92.0, 290.9, 340
71.4, 249.1, 340
81.8, 284.2, 340
93.2, 292.7, 340
82.15, 288.3, 340
82.55, 288.3, 340
72.7, 281.8, 340
92.7, 283.4, 340
84.0, 278.3, 340
91.15, 296.4, 340
85.75, 283.3, 340
77.45, 259.2, 340
82.3, 283.3, 340
78.45, 285.3, 340
75.05, 282.2, 340
80.75, 282.0, 340
85.55, 289.8, 340
76.2, 287.8, 340
90.3, 298.2, 340
77.45, 279.4, 340
89.7, 275.3, 340
91.5, 287.4, 340
78.60000000000001, 284.4, 340
92.65, 295.1, 340
83.8, 294.0, 340
79.55, 285.9, 340
86.1, 279.2, 340
95.3, 282.6, 340
85.85000000000001, 291.8, 340
72.4, 288.8, 340
70.45, 291.5, 340
81.45, 274.4, 340
81.05, 297.0, 340
93.64999999999999, 303.8, 340
86.15, 260.1, 340
79.05, 283.5, 340
86.15, 285.3, 340
