109.96, 245.9, 240
97.45, 236.3, 240
120.0, 239.4, 240
238.6, 241.4, 240
95.15, 247.9, 240
97.89999999999999, 233.7, 240
90.85, 231.5, 240
108.0, 239.9, 240
93.4, 234.6, 240
100.05000000000001, 160.1, 240
98.45, 245.2, 240
193.2, 239.3, 240
106.64999999999999, 236.2, 240
107.14999999999999, 241.4, 240
143.0, 242.3, 240
99.89999999999999, 232.2, 240
95.60000000000001, 235.0, 240
95.2, 243.1, 240
101.94999999999999, 254.1, 240
94.0, 237.4, 240
100.1, 227.6, 240
97.15, 242.9, 240
98.60000000000001, 244.4, 240
237.6, 235.6, 240
95.0, 245.8, 240
98.45, 245.1, 240
90.75, 232.3, 240
105.7, 213.1, 240
135.0, 242.8, 240
108.15, 242.3, 240
96.89999999999999, 238.3, 240
90.7, 221.3, 240
90.65, 249.3, 240
100.4, 241.5, 240
98.15, 236.4, 240
101.6, 237.3, 240
96.2, 230.7, 240
116.80000000000001, 236.2, 240
111.35, 235.4, 240
155.1, 245.3, 240
157.1, 243.3, 240
107.04999999999998, 237.3, 240
101.75, 231.5, 240
106.94999999999999, 247.6, 240
96.80000000000001, 239.8, 240
123.80000000000001, 241.2, 240
194.2, 242.0, 240
101.89999999999999, 243.0, 240
109.19999999999999, 235.1, 240
192.2, 243.5, 240
105.35, 225.9, 240
108.64999999999999, 250.4, 240
112.30000000000001, 226.5, 240
94.55, 238.8, 240
76.0, 211.3, 240
99.74999999999999, 216.4, 240
108.35, 239.1, 240
133.0, 249.3, 240
97.45, 234.0, 240
104.35, 245.8, 240
104.6, 230.1, 240
92.15, 242.7, 240
108.6, 235.0, 240
141.0, 243.9, 240
99.89999999999999, 233.5, 240
94.35000000000001, 236.4, 240
105.30000000000001, 229.7, 240
107.25, 237.5, 240
70.0, 238.3, 240
94.80000000000001, 237.1, 240
104.75, 232.6, 240
97.1, 233.7, 240
106.75, 235.5, 240
116.80000000000001, 250.1, 240
94.35000000000001, 223.6, 240
84.0, 244.7, 240
97.65, 241.4, 240
101.6, 236.2, 240
112.64999999999999, 218.6, 240
97.55, 243.3, 240
97.1, 227.1, 240
107.19999999999999, 244.2, 240
116.95, 234.0, 240
106.64999999999999, 245.3, 240
86.15, 225.8, 240
120.0, 235.6, 240
89.4, 235.5, 240
84.0, 234.6, 240
110.0, 227.6, 240
93.1, 242.3, 240
91.65, 249.3, 240
101.7, 237.4, 240
99.05000000000001, 208.0, 240
101.55, 245.9, 240
91.35000000000001, 229.1, 240
93.7, 211.3, 240
115.95, 237.4, 240
108.15, 234.0, 240
104.94999999999999, 239.4, 240
94.80000000000001, 231.1, 240
84.7, 234.0, 240
83.0, 241.3, 240
101.55, 213.9, 240
107.85, 239.2, 240
76.0, 227.3, 240
97.35000000000001, 233.7, 240
241.6, 237.4, 240
92.80000000000001, 221.3, 240
99.3, 199.3, 240
105.19999999999999, 236.3, 240
102.14999999999999, 228.0, 240
99.25, 230.4, 240
92.2, 231.0, 240
111.6, 222.4, 240
95.2, 244.7, 240
107.05000000000001, 245.3, 240
97.1, 236.3, 240
87.8, 236.9, 240
102.3, 238.0, 240
102.65, 243.0, 240
98.99999999999999, 238.5, 240
92.1, 245.3, 240
107.1, 249.3, 240
124.0, 214.6, 240
82.0, 239.0, 240
97.89999999999999, 239.1, 240
108.15, 237.3, 240
103.74999999999999, 241.6, 240
97.60000000000001, 193.4, 240
102.4, 238.7, 240
105.25, 220.4, 240
96.65, 237.3, 240
102.74999999999999, 240.2, 240
85.15, 236.4, 240
104.35, 236.3, 240
85.7, 229.5, 240
95.1, 211.3, 240
114.04999999999998, 237.4, 240
108.19999999999999, 240.3, 240
89.8, 226.5, 240
103.1, 206.6, 240
107.99999999999999, 245.0, 240
89.65, 241.6, 240
238.6, 229.5, 240
135.0, 198.2, 240
106.7, 245.7, 240
98.80000000000001, 247.9, 240
104.64999999999999, 243.9, 240
104.25, 243.2, 240
98.65, 243.6, 240
93.0, 230.7, 240
91.7, 235.4, 240
110.0, 248.1, 240
93.65, 242.6, 240
102.05000000000001, 240.5, 240
107.19999999999999, 242.9, 240
118.80000000000001, 237.4, 240
108.30000000000001, 242.1, 240
95.80000000000001, 239.8, 240
86.8, 229.7, 240
107.3, 206.6, 240
93.4, 235.1, 240
102.75, 238.1, 240
108.0, 240.8, 240
97.45, 231.6, 240
105.30000000000001, 226.0, 240
107.05000000000001, 240.3, 240
112.95, 220.4, 240
95.1, 239.8, 240
118.6, 232.3, 240
95.85, 238.4, 240
196.2, 230.7, 240
109.85, 234.1, 240
106.0, 231.4, 240
100.25, 235.8, 240
98.7, 232.7, 240
100.94999999999999, 239.3, 240
86.8, 244.1, 240
85.4, 244.2, 240
113.95, 236.2, 240
105.75, 239.8, 240
101.89999999999999, 236.1, 240
98.80000000000001, 251.2, 240
107.75, 241.6, 240
103.19999999999999, 247.5, 240
93.7, 232.2, 240
99.25, 225.8, 240
112.0, 246.2, 240
100.89999999999999, 246.3, 240
77.0, 223.0, 240
91.5, 242.1, 240
107.14999999999999, 234.6, 240
101.94999999999999, 238.7, 240
93.35000000000001, 223.1, 240
98.74999999999999, 223.3, 240
150.1, 238.1, 240
102.65, 244.1, 240
92.5, 235.1, 240
105.25, 231.9, 240
91.80000000000001, 234.0, 240
89.8, 227.3, 240
106.0, 231.3, 240
98.80000000000001, 226.5, 240
95.7, 170.2, 240
95.80000000000001, 242.1, 240
107.04999999999998, 245.2, 240
90.65, 232.8, 240
95.3, 227.6, 240
101.75, 252.4, 240
98.89999999999999, 234.1, 240
109.95, 248.4, 240
122.80000000000001, 233.7, 240
101.6, 232.3, 240
100.89999999999999, 248.4, 240
95.2, 244.6, 240
93.2, 239.3, 240
94.4, 235.5, 240
84.8, 234.2, 240
97.2, 244.1, 240
97.65, 220.9, 240
95.85, 233.2, 240
101.14999999999999, 242.9, 240
101.1, 241.8, 240
102.89999999999999, 231.0, 240
88.75, 242.5, 240
87.5, 235.1, 240
110.70000000000002, 241.1, 240
106.1, 225.9, 240
98.89999999999999, 240.6, 240
92.7, 243.0, 240
102.94999999999999, 237.3, 240
90.65, 223.6, 240
112.0, 203.8, 240
90.75, 238.3, 240
90.15, 231.8, 240
95.2, 238.0, 240
88.15, 237.3, 240
96.25, 237.1, 240
146.0, 229.1, 240
88.8, 215.6, 240
105.0, 235.3, 240
98.65, 230.3, 240
90.80000000000001, 226.5, 240
105.85, 170.2, 240
99.7, 236.0, 240
90.80000000000001, 241.5, 240
97.65, 223.0, 240
108.3, 230.4, 240
101.19999999999999, 245.2, 240
103.94999999999999, 238.7, 240
87.7, 237.6, 240
113.04999999999998, 240.3, 240
105.05000000000001, 237.3, 240
100.7, 243.6, 240
189.2, 238.1, 240
101.05000000000001, 234.0, 240
95.89999999999999, 242.8, 240
101.25, 239.3, 240
114.0, 238.1, 240
95.89999999999999, 248.1, 240
100.94999999999999, 234.0, 240
110.64999999999999, 237.8, 240
117.80000000000001, 227.6, 240
99.45, 243.0, 240
108.35, 243.8, 240
98.80000000000001, 214.5, 240
95.25, 240.5, 240
105.04999999999998, 245.3, 240
89.75, 237.1, 240
98.25, 197.9, 240
101.89999999999999, 225.9, 240
105.85, 242.9, 240
101.4, 231.9, 240
110.95, 242.9, 240
95.80000000000001, 234.2, 240
93.89999999999999, 240.3, 240
88.75, 237.2, 240
102.94999999999999, 236.2, 240
109.04999999999998, 227.6, 240
102.45, 232.1, 240
89.4, 237.7, 240
112.15, 234.0, 240
89.15, 233.5, 240
107.19999999999999, 251.8, 240
89.65, 244.5, 240
95.80000000000001, 239.3, 240
90.85, 235.5, 240
93.15, 248.1, 240
93.7, 250.4, 240
91.65, 243.6, 240
93.8, 241.8, 240
123.80000000000001, 237.4, 240
106.64999999999999, 215.0, 240
90.80000000000001, 236.5, 240
98.55, 231.8, 240
96.80000000000001, 254.1, 240
118.80000000000001, 230.4, 240
117.70000000000002, 243.2, 240
113.95, 232.1, 240
95.15, 242.7, 240
95.7, 218.2, 240
106.3, 234.0, 240
89.35000000000001, 240.2, 240
122.80000000000001, 240.0, 240
92.0, 234.1, 240
103.55, 239.7, 240
90.80000000000001, 211.2, 240
98.80000000000001, 237.4, 240
86.1, 243.5, 240
93.5, 243.2, 240
103.80000000000001, 222.9, 240
100.1, 238.9, 240
100.7, 234.6, 240
96.65, 231.9, 240
90.1, 252.5, 240
103.55, 240.3, 240
90.85, 229.5, 240
152.1, 236.8, 240
93.4, 237.0, 240
97.2, 228.0, 240
92.35000000000001, 240.3, 240
98.74999999999999, 241.5, 240
99.6, 221.8, 240
107.75, 242.9, 240
96.0, 236.2, 240
94.0, 240.9, 240
235.6, 247.9, 240
111.70000000000002, 239.9, 240
105.35, 235.4, 240
90.75, 245.1, 240
98.1, 247.5, 240
90.35000000000001, 232.4, 240
94.7, 236.2, 240
105.85, 227.3, 240
94.4, 238.6, 240
89.2, 227.1, 240
109.19999999999999, 248.4, 240
101.05000000000001, 237.7, 240
110.19999999999999, 253.3, 240
98.3, 251.1, 240
91.2, 222.3, 240
114.70000000000002, 221.8, 240
96.65, 232.6, 240
87.65, 241.3, 240
107.35, 242.3, 240
92.65, 232.5, 240
87.7, 245.2, 240
112.04999999999998, 245.3, 240
108.04999999999998, 236.0, 240
108.30000000000001, 243.7, 240
93.15, 243.0, 240
235.6, 238.2, 240
98.74999999999999, 232.9, 240
103.1, 234.1, 240
100.7, 240.3, 240
121.80000000000001, 240.1, 240
93.80000000000001, 238.1, 240
88.15, 235.3, 240
87.0, 244.8, 240
190.2, 236.4, 240
106.30000000000001, 246.8, 240
104.35, 220.5, 240
94.0, 214.6, 240
107.35, 235.0, 240
101.7, 238.0, 240
107.25, 234.6, 240
108.95, 245.0, 240
97.2, 234.6, 240
94.65, 252.5, 240
102.94999999999999, 251.2, 240
93.35000000000001, 238.0, 240
96.45, 234.1, 240
108.05000000000001, 243.8, 240
107.6, 216.8, 240
96.0, 234.0, 240
98.45, 229.2, 240
89.2, 234.6, 240
92.80000000000001, 224.3, 240
115.95, 232.1, 240
100.4, 241.8, 240
89.1, 234.3, 240
112.19999999999999, 221.8, 240
103.4, 236.1, 240
99.05000000000001, 241.6, 240
93.89999999999999, 246.3, 240
99.3, 198.2, 240
89.2, 244.3, 240
108.25, 232.9, 240
102.60000000000001, 244.7, 240
90.5, 249.3, 240
84.8, 224.1, 240
95.45, 244.6, 240
99.94999999999999, 235.4, 240
91.7, 225.8, 240
78.0, 247.7, 240
84.15, 237.4, 240
100.05000000000001, 240.2, 240
97.65, 242.8, 240
97.60000000000001, 246.3, 240
93.0, 243.2, 240
98.94999999999999, 238.7, 240
106.6, 236.9, 240
107.85, 242.1, 240
106.94999999999999, 247.8, 240
93.85, 239.6, 240
95.89999999999999, 233.2, 240
112.15, 239.8, 240
99.05000000000001, 227.1, 240
99.89999999999999, 234.0, 240
95.2, 232.1, 240
89.65, 234.0, 240
103.3, 240.6, 240
99.60000000000001, 247.8, 240
107.3, 241.7, 240
107.94999999999999, 211.3, 240
99.89999999999999, 229.2, 240
91.2, 243.3, 240
98.45, 245.3, 240
107.3, 239.4, 240
104.25, 248.9, 240
112.95, 231.4, 240
110.70000000000002, 201.1, 240
105.05000000000001, 238.8, 240
87.7, 250.2, 240
105.6, 230.1, 240
93.89999999999999, 242.0, 240
96.85, 235.4, 240
95.0, 243.9, 240
96.80000000000001, 251.2, 240
95.94999999999999, 238.9, 240
98.89999999999999, 237.9, 240
97.1, 203.0, 240
96.89999999999999, 245.4, 240
195.2, 236.8, 240
95.7, 235.0, 240
91.7, 222.6, 240
93.89999999999999, 252.0, 240
96.80000000000001, 229.1, 240
93.15, 245.1, 240
93.60000000000001, 239.6, 240
156.1, 218.6, 240
114.19999999999999, 241.3, 240
94.65, 218.6, 240
101.05000000000001, 231.9, 240
92.1, 247.3, 240
87.4, 243.0, 240
102.25, 243.3, 240
115.70000000000002, 238.0, 240
97.85, 236.9, 240
98.94999999999999, 221.8, 240
106.75, 245.2, 240
96.80000000000001, 227.3, 240
99.45, 245.6, 240
241.6, 239.1, 240
88.2, 244.1, 240
108.30000000000001, 233.8, 240
102.7, 246.9, 240
106.3, 201.1, 240
101.0, 244.1, 240
110.85, 234.7, 240
100.14999999999999, 249.6, 240
102.45, 242.1, 240
105.19999999999999, 216.8, 240
97.80000000000001, 239.4, 240
108.15, 235.3, 240
91.1, 232.2, 240
85.5, 237.3, 240
112.19999999999999, 236.4, 240
104.14999999999999, 214.5, 240
195.2, 233.5, 240
100.25, 239.7, 240
94.74999999999999, 236.3, 240
108.0, 222.3, 240
112.30000000000001, 234.2, 240
91.0, 234.6, 240
97.2, 237.4, 240
89.65, 239.4, 240
99.65, 244.6, 240
118.80000000000001, 236.2, 240
103.80000000000001, 239.9, 240
106.30000000000001, 236.2, 240
99.15, 241.4, 240
102.45, 234.1, 240
84.65, 240.6, 240
94.0, 218.6, 240
93.2, 211.2, 240
100.1, 236.8, 240
97.60000000000001, 239.8, 240
102.25, 226.9, 240
102.89999999999999, 236.9, 240
114.04999999999998, 238.5, 240
117.70000000000002, 237.5, 240
96.74999999999999, 237.0, 240
101.60000000000001, 224.3, 240
101.75, 157.5, 240
100.94999999999999, 233.2, 240
232.6, 246.9, 240
90.8, 252.0, 240
117.95, 231.0, 240
86.15, 254.1, 240
96.2, 265.8, 280
94.89999999999999, 279.7, 280
91.75, 292.8, 280
106.85, 274.4, 280
108.35, 244.9, 280
90.65, 194.5, 280
100.05000000000001, 283.8, 280
112.0, 268.5, 280
104.1, 275.0, 280
93.80000000000001, 270.8, 280
89.5, 273.9, 280
98.85, 284.1, 280
91.2, 257.9, 280
85.5, 280.8, 280
108.25, 275.8, 280
152.1, 270.8, 280
105.35, 273.3, 280
235.6, 253.8, 280
94.2, 281.2, 280
111.64999999999999, 273.9, 280
105.25, 283.0, 280
97.80000000000001, 271.6, 280
120.0, 267.4, 280
96.0, 278.4, 280
112.04999999999998, 272.0, 280
94.7, 277.9, 280
97.15, 278.3, 280
100.94999999999999, 272.8, 280
101.94999999999999, 280.8, 280
95.0, 277.4, 280
113.15, 283.6, 280
95.2, 284.8, 280
235.6, 288.8, 280
112.6, 280.2, 280
96.65, 272.1, 280
107.1, 286.0, 280
103.05000000000001, 279.7, 280
99.75, 271.1, 280
76.0, 275.3, 280
96.89999999999999, 267.4, 280
98.7, 278.3, 280
110.0, 267.4, 280
111.19999999999999, 269.7, 280
103.4, 285.4, 280
97.65, 281.7, 280
102.7, 287.1, 280
103.3, 282.1, 280
90.0, 272.8, 280
101.94999999999999, 268.8, 280
91.65, 280.5, 280
95.94999999999999, 250.0, 280
96.80000000000001, 268.2, 280
78.0, 266.5, 280
93.4, 279.5, 280
100.7, 274.3, 280
90.4, 226.6, 280
119.80000000000001, 278.8, 280
93.1, 197.1, 280
112.19999999999999, 285.9, 280
101.3, 280.9, 280
99.25, 275.7, 280
95.15, 245.0, 280
83.0, 279.9, 280
96.0, 282.3, 280
111.30000000000001, 270.7, 280
91.8, 273.2, 280
104.75, 290.5, 280
103.05000000000001, 261.1, 280
89.1, 271.6, 280
92.80000000000001, 289.0, 280
92.2, 276.4, 280
96.45, 265.8, 280
110.19999999999999, 277.3, 280
110.0, 278.8, 280
92.65, 280.8, 280
96.74999999999999, 278.4, 280
78.0, 272.5, 280
99.55, 276.9, 280
101.25, 275.6, 280
106.0, 240.8, 280
105.30000000000001, 260.3, 280
101.3, 276.5, 280
113.6, 269.7, 280
102.74999999999999, 274.6, 280
102.3, 263.4, 280
96.80000000000001, 271.6, 280
100.94999999999999, 278.6, 280
99.74999999999999, 273.1, 280
94.15, 268.4, 280
101.1, 269.2, 280
97.65, 269.8, 280
96.80000000000001, 274.2, 280
89.4, 281.7, 280
106.85, 287.6, 280
107.1, 277.2, 280
108.7, 281.7, 280
97.89999999999999, 281.6, 280
100.65, 284.6, 280
111.04999999999998, 274.6, 280
100.89999999999999, 267.8, 280
102.80000000000001, 278.8, 280
97.2, 274.1, 280
104.99999999999999, 274.1, 280
101.80000000000001, 268.1, 280
94.74999999999999, 269.4, 280
93.5, 281.1, 280
108.04999999999998, 266.5, 280
109.70000000000002, 279.0, 280
103.55, 270.5, 280
92.0, 282.3, 280
108.75, 281.6, 280
95.15, 284.4, 280
94.0, 270.7, 280
104.35, 268.4, 280
108.70000000000002, 272.5, 280
110.19999999999999, 260.6, 280
84.8, 277.2, 280
158.1, 280.0, 280
89.65, 263.9, 280
108.35, 286.6, 280
91.2, 277.3, 280
102.99999999999999, 278.1, 280
108.6, 277.8, 280
105.19999999999999, 278.8, 280
94.4, 278.7, 280
91.1, 259.4, 280
100.25, 282.1, 280
113.35, 277.1, 280
106.05000000000001, 278.4, 280
105.0, 251.4, 280
92.15, 252.0, 280
108.25, 275.0, 280
95.2, 282.7, 280
103.74999999999999, 279.5, 280
87.2, 292.8, 280
93.60000000000001, 288.2, 280
90.80000000000001, 263.0, 280
86.65, 266.7, 280
92.85, 278.1, 280
101.55, 272.2, 280
113.95, 279.9, 280
95.4, 280.8, 280
108.14999999999999, 264.3, 280
96.94999999999999, 278.0, 280
85.8, 284.3, 280
99.55, 279.8, 280
84.65, 274.2, 280
103.94999999999999, 260.3, 280
189.2, 267.0, 280
104.14999999999999, 267.1, 280
110.85, 278.4, 280
107.30000000000001, 249.2, 280
102.89999999999999, 281.1, 280
110.19999999999999, 262.8, 280
91.35000000000001, 275.0, 280
94.89999999999999, 274.3, 280
98.60000000000001, 278.3, 280
92.75, 279.9, 280
80.0, 276.4, 280
117.70000000000002, 282.4, 280
113.30000000000001, 270.8, 280
87.75, 260.3, 280
96.80000000000001, 273.2, 280
97.74999999999999, 276.2, 280
89.1, 271.0, 280
99.7, 273.4, 280
93.1, 268.2, 280
96.65, 269.9, 280
95.85, 277.6, 280
109.04999999999998, 274.9, 280
93.85, 282.7, 280
111.85, 286.6, 280
100.14999999999999, 282.6, 280
104.99999999999999, 271.0, 280
87.8, 278.9, 280
102.1, 272.4, 280
111.75, 281.8, 280
92.75, 283.6, 280
102.6, 272.5, 280
198.2, 272.8, 280
118.0, 264.4, 280
108.35, 282.9, 280
110.19999999999999, 238.1, 280
102.7, 272.5, 280
95.1, 284.7, 280
101.80000000000001, 274.4, 280
95.1, 280.4, 280
91.4, 275.3, 280
103.14999999999999, 279.7, 280
97.0, 271.0, 280
101.65, 276.2, 280
99.7, 275.7, 280
107.25, 275.6, 280
107.75, 259.4, 280
143.0, 262.9, 280
104.7, 270.5, 280
237.6, 281.5, 280
84.7, 268.5, 280
111.35, 272.5, 280
84.5, 272.1, 280
108.15, 284.3, 280
103.85, 273.4, 280
80.25, 273.3, 280
91.5, 266.2, 280
124.60000000000002, 280.3, 280
85.8, 287.1, 280
74.75, 281.1, 280
86.8, 236.1, 280
81.3, 273.0, 280
88.35, 280.5, 280
85.65, 248.2, 280
82.8, 270.1, 280
85.35, 281.6, 280
81.25, 270.5, 280
77.44999999999999, 240.8, 280
94.64999999999999, 282.3, 280
90.65, 287.4, 280
78.25, 276.0, 280
75.2, 270.3, 280
67.4, 276.9, 280
82.0, 272.4, 280
81.3, 250.9, 280
86.7, 276.5, 280
78.44999999999999, 277.8, 280
71.4, 270.2, 280
81.2, 277.3, 280
72.4, 286.6, 280
83.39999999999999, 283.6, 280
82.0, 278.2, 280
74.45, 283.1, 280
87.65, 274.1, 280
78.60000000000001, 280.8, 280
90.75, 263.4, 280
75.2, 261.3, 280
83.85000000000001, 232.1, 280
81.05, 271.6, 280
83.2, 280.8, 280
92.75, 259.3, 280
86.15, 282.6, 280
81.2, 279.9, 280
88.35000000000001, 274.1, 280
85.85000000000001, 273.3, 280
95.3, 284.3, 280
80.8, 273.7, 280
85.0, 207.2, 280
86.8, 277.2, 280
162.4, 276.4, 280
70.2, 278.8, 280
93.75000000000001, 284.3, 280
82.8, 276.0, 280
80.2, 287.2, 280
87.15, 274.3, 280
76.2, 282.3, 280
82.39999999999999, 273.4, 280
81.44999999999999, 278.8, 280
83.0, 280.4, 280
83.2, 263.5, 280
85.45, 275.9, 280
84.0, 271.0, 280
98.3, 276.9, 280
83.60000000000001, 252.6, 280
80.15, 280.0, 280
69.45, 274.3, 280
70.2, 277.9, 280
73.25, 277.9, 280
78.45, 278.0, 280
85.55, 278.1, 280
69.2, 280.9, 280
83.85, 291.1, 280
84.3, 279.9, 280
81.60000000000001, 276.8, 280
92.64999999999999, 276.3, 280
90.5, 271.6, 280
93.15, 279.7, 280
76.14999999999999, 272.8, 280
83.85, 274.1, 280
91.3, 271.7, 280
77.25, 282.2, 280
80.15, 271.0, 280
77.05, 282.9, 280
90.3, 274.3, 280
83.65, 269.6, 280
78.8, 270.7, 280
89.15, 279.9, 280
83.14999999999999, 260.1, 280
90.35000000000001, 260.6, 280
95.3, 274.5, 280
100.4, 272.1, 280
86.45, 275.4, 280
84.35000000000001, 281.3, 280
99.7, 234.9, 280
81.15, 269.4, 280
94.64999999999999, 275.7, 280
83.55, 271.0, 280
90.75000000000001, 265.8, 280
86.39999999999999, 274.7, 280
89.5, 274.6, 280
88.55, 268.5, 280
163.4, 290.5, 280
75.14999999999999, 276.0, 280
98.75000000000001, 275.7, 280
81.60000000000001, 272.8, 280
69.45, 236.3, 280
85.0, 259.3, 280
73.44999999999999, 268.6, 280
63.7, 275.1, 280
89.15, 285.1, 280
87.75, 275.0, 280
88.35000000000001, 282.3, 280
81.8, 272.2, 280
95.4, 281.5, 280
85.55, 271.0, 280
74.55, 268.9, 280
82.85, 267.7, 280
82.8, 271.1, 280
85.1, 257.8, 280
80.55, 275.0, 280
86.7, 252.0, 280
71.4, 267.1, 280
161.4, 282.1, 280
102.7, 269.9, 280
82.19999999999999, 276.0, 280
84.35000000000001, 268.5, 280
85.3, 277.3, 280
74.25, 280.5, 280
98.3, 275.3, 280
79.39999999999999, 276.4, 280
79.55, 273.2, 280
82.2, 273.2, 280
85.39999999999999, 283.6, 280
79.15, 279.7, 280
68.4, 272.4, 280
82.05, 197.1, 280
85.25, 253.8, 280
87.75, 282.9, 280
74.85, 276.0, 280
64.7, 252.0, 280
78.2, 284.5, 280
85.3, 194.5, 280
81.2, 276.8, 280
163.4, 277.5, 280
73.44999999999999, 284.8, 280
84.05, 281.6, 280
80.55, 273.2, 280
163.4, 275.9, 280
85.8, 275.6, 280
102.4, 281.7, 280
88.19999999999999, 226.6, 280
70.4, 272.3, 280
77.60000000000001, 280.3, 280
78.25, 253.4, 280
64.4, 284.4, 280
83.35, 276.1, 280
81.75, 276.3, 280
92.64999999999999, 290.1, 280
74.45, 277.3, 280
72.4, 238.2, 280
75.2, 269.6, 280
89.0, 283.0, 280
83.8, 278.4, 280
86.55, 283.8, 280
76.25, 207.2, 280
82.8, 281.7, 280
93.35000000000001, 274.4, 280
83.8, 269.6, 280
94.3, 259.9, 280
93.95, 282.9, 280
90.7, 269.7, 280
81.8, 289.5, 280
87.15, 276.0, 280
96.3, 278.4, 280
79.25, 271.0, 280
80.85, 279.7, 280
78.55, 272.2, 280
78.8, 275.0, 280
95.3, 272.5, 280
91.65, 266.8, 280
69.4, 280.5, 280
72.25, 278.8, 280
75.25, 270.5, 280
85.75, 250.9, 280
82.55, 281.8, 280
87.95, 269.5, 280
73.2, 282.3, 280
92.5, 251.4, 280
87.8, 280.3, 280
79.45, 255.3, 280
87.65, 278.3, 280
86.35000000000001, 272.2, 280
121.60000000000002, 278.3, 280
79.75, 270.1, 280
64.4, 272.0, 280
74.44999999999999, 286.5, 280
83.55, 261.1, 280
80.0, 275.0, 280
84.95, 284.7, 280
85.0, 273.8, 280
85.39999999999999, 273.9, 280
84.0, 234.9, 280
86.0, 272.3, 280
87.8, 281.4, 280
90.95, 261.1, 280
98.2, 282.0, 280
88.64999999999999, 271.6, 280
90.3, 272.0, 280
84.8, 277.2, 280
85.35, 271.6, 280
72.25, 280.3, 280
90.5, 267.4, 280
78.45, 278.0, 280
86.39999999999999, 275.3, 280
83.45, 276.0, 280
69.25, 272.4, 280
87.95, 288.1, 280
77.25, 274.1, 280
96.2, 273.2, 280
70.7, 292.8, 280
74.45, 257.8, 280
81.85, 278.6, 280
90.64999999999999, 278.8, 280
79.85, 279.9, 280
84.85000000000001, 282.4, 280
78.14999999999999, 194.5, 280
93.64999999999999, 277.4, 280
77.60000000000001, 274.4, 280
81.60000000000001, 264.3, 280
92.75000000000001, 278.5, 280
83.3, 276.4, 280
74.25, 267.4, 280
82.05, 273.4, 280
79.35, 276.8, 280
163.4, 272.8, 280
94.5, 282.3, 280
96.05, 271.7, 280
97.3, 280.8, 280
73.4, 285.4, 280
85.19999999999999, 260.6, 280
91.95, 266.7, 280
88.7, 275.8, 280
86.0, 262.8, 280
85.5, 276.9, 280
81.45, 285.9, 280
73.25, 276.1, 280
94.3, 275.4, 280
77.44999999999999, 270.1, 280
86.85000000000001, 267.1, 280
98.3, 272.1, 280
79.55, 283.6, 280
78.8, 278.6, 280
95.4, 283.8, 280
68.7, 273.2, 280
89.64999999999999, 279.9, 280
83.25, 267.3, 280
86.45, 277.5, 280
81.8, 264.1, 280
77.44999999999999, 276.5, 280
85.8, 284.8, 280
89.85000000000001, 272.5, 280
86.35000000000001, 275.3, 280
70.45, 271.6, 280
93.75000000000001, 273.1, 280
72.2, 267.1, 280
83.15, 273.2, 280
87.85, 264.1, 280
93.75000000000001, 270.7, 280
76.44999999999999, 197.1, 280
83.85, 266.2, 280
98.3, 272.4, 280
76.05, 253.8, 280
87.5, 264.1, 280
70.2, 284.7, 280
91.5, 276.3, 280
101.7, 260.1, 280
71.25, 282.9, 280
102.7, 252.2, 280
75.45, 236.1, 280
86.25, 283.1, 280
65.7, 277.3, 280
94.5, 280.6, 280
79.25, 271.0, 280
91.3, 272.2, 280
79.2, 272.0, 280
89.65, 275.9, 280
81.1, 272.2, 280
82.19999999999999, 280.5, 280
87.0, 278.8, 280
77.85, 274.0, 280
103.4, 277.5, 280
88.75, 263.5, 280
98.3, 272.0, 280
97.75000000000001, 260.3, 280
100.4, 289.8, 280
90.05, 265.8, 280
86.15, 286.5, 280
88.75, 274.4, 280
82.85, 271.0, 280
87.85000000000001, 282.2, 280
92.5, 277.6, 280
78.8, 280.5, 280
84.95, 281.7, 280
125.60000000000002, 262.8, 280
82.2, 272.0, 280
78.85, 281.8, 280
86.3, 284.7, 280
88.45, 282.9, 280
93.2, 263.0, 280
86.35000000000001, 280.3, 280
76.05, 277.0, 280
163.4, 270.5, 280
80.25, 280.6, 280
80.3, 285.9, 280
71.4, 282.7, 280
82.0, 279.9, 280
84.35, 272.5, 280
75.2, 272.4, 280
98.3, 287.4, 280
74.05, 252.6, 280
127.60000000000002, 272.6, 280
82.2, 238.1, 280
81.60000000000001, 278.3, 280
74.14999999999999, 275.1, 280
97.3, 290.3, 280
81.2, 275.0, 280
81.0, 276.0, 280
98.3, 257.5, 280
97.3, 280.0, 280
77.05, 282.3, 280
166.4, 270.7, 280
80.25, 289.5, 280
83.8, 283.3, 280
72.25, 267.7, 280
80.55, 282.2, 280
89.5, 259.4, 280
77.45, 277.3, 280
82.25, 281.1, 280
92.95, 268.9, 280
96.5, 274.2, 280
91.35000000000001, 269.6, 280
80.45, 234.9, 280
90.85000000000001, 279.1, 280
75.85, 269.7, 280
89.0, 259.3, 280
92.3, 279.3, 280
87.35000000000001, 279.1, 280
85.5, 272.3, 280
91.85000000000001, 277.3, 280
88.3, 282.9, 280
83.55, 275.6, 280
91.75, 275.4, 280
83.3, 277.6, 280
97.4, 282.6, 280
87.8, 268.4, 280
92.75000000000001, 274.4, 280
79.8, 248.2, 280
83.3, 270.2, 280
80.2, 276.7, 280
84.3, 272.1, 280
88.1, 271.3, 280
73.2, 231.9, 280
94.15, 259.3, 280
79.14999999999999, 275.3, 280
72.7, 242.4, 280
92.75000000000001, 252.2, 280
77.2, 284.3, 280
91.95, 276.8, 280
97.64999999999999, 269.9, 280
160.4, 268.5, 280
88.75, 275.9, 280
90.3, 277.5, 280
70.7, 275.0, 280
80.85, 277.1, 280
77.45, 268.9, 280
90.35000000000001, 272.1, 280
87.5, 277.4, 280
80.60000000000001, 275.4, 280
88.25, 282.3, 280
78.25, 274.9, 280
96.3, 266.7, 280
163.4, 276.4, 280
85.8, 281.7, 280
78.14999999999999, 259.4, 280
91.3, 275.7, 280
124.60000000000002, 279.7, 280
92.2, 231.9, 280
75.2, 276.6, 280
90.75000000000001, 278.8, 280
82.0, 273.2, 280
98.05, 267.1, 280
80.39999999999999, 275.2, 280
76.45, 274.4, 280
157.4, 274.4, 280
75.45, 276.1, 280
86.25, 276.6, 280
86.15, 268.5, 280
100.7, 270.7, 280
86.95, 272.3, 280
86.3, 282.3, 280
89.95, 281.2, 280
81.45, 284.1, 280
81.2, 282.3, 280
96.05, 291.5, 320
78.45, 288.2, 320
86.5, 306.2, 320
98.75000000000001, 295.3, 320
80.8, 285.7, 320
88.39999999999999, 296.5, 320
93.0, 296.3, 320
87.7, 300.5, 320
85.75, 292.9, 320
86.85000000000001, 272.8, 320
94.3, 297.8, 320
128.60000000000002, 291.1, 320
80.3, 296.3, 320
87.8, 301.9, 320
93.3, 298.5, 320
93.3, 301.4, 320
92.0, 286.0, 320
81.55, 255.1, 320
73.05, 290.6, 320
98.7, 294.9, 320
93.7, 295.3, 320
87.8, 303.9, 320
79.05, 279.8, 320
80.14999999999999, 290.0, 320
89.15, 293.4, 320
90.3, 283.4, 320
75.45, 290.6, 320
88.75, 291.6, 320
79.14999999999999, 300.7, 320
75.05, 294.1, 320
85.55, 288.7, 320
91.95, 287.8, 320
86.35000000000001, 288.6, 320
95.3, 296.1, 320
65.7, 294.3, 320
88.85000000000001, 290.1, 320
91.35000000000001, 288.5, 320
71.4, 306.4, 320
89.64999999999999, 269.9, 320
87.85, 294.1, 320
72.4, 282.0, 320
71.7, 291.5, 320
83.05, 291.4, 320
71.25, 296.5, 320
93.5, 288.8, 320
85.25, 295.0, 320
88.39999999999999, 299.3, 320
86.8, 301.4, 320
88.55, 286.3, 320
88.75, 308.4, 320
87.35000000000001, 270.5, 320
95.2, 300.1, 320
83.3, 278.3, 320
82.55, 286.1, 320
96.75000000000001, 268.1, 320
86.7, 294.9, 320
87.15, 301.1, 320
77.60000000000001, 290.1, 320
88.35000000000001, 294.6, 320
64.4, 294.9, 320
91.3, 291.1, 320
82.3, 295.8, 320
78.60000000000001, 301.2, 320
92.3, 296.9, 320
127.60000000000002, 302.8, 320
95.75000000000001, 310.1, 320
79.55, 308.0, 320
88.15, 301.2, 320
77.44999999999999, 289.7, 320
90.95, 303.1, 320
92.95, 296.9, 320
84.35000000000001, 290.0, 320
85.35, 276.8, 320
78.25, 290.1, 320
71.45, 293.7, 320
85.75, 295.2, 320
127.60000000000002, 295.9, 320
89.35000000000001, 291.1, 320
74.85, 301.9, 320
83.19999999999999, 292.3, 320
78.55, 291.5, 320
74.25, 299.4, 320
85.65, 297.7, 320
90.35000000000001, 295.6, 320
80.55, 302.3, 320
84.75, 295.6, 320
71.7, 249.4, 320
84.7, 299.8, 320
84.35, 296.3, 320
67.4, 301.1, 320
84.0, 308.4, 320
90.75000000000001, 291.3, 320
75.45, 295.7, 320
94.5, 293.1, 320
91.3, 291.1, 320
97.75000000000001, 300.2, 320
66.7, 293.2, 320
83.55, 279.1, 320
78.8, 296.1, 320
86.19999999999999, 298.8, 320
86.65, 270.8, 320
74.45, 295.1, 320
127.60000000000002, 292.2, 320
95.64999999999999, 296.5, 320
94.3, 299.9, 320
90.3, 293.2, 320
90.3, 298.0, 320
71.2, 301.0, 320
82.55, 295.4, 320
85.8, 294.6, 320
85.3, 282.2, 320
87.55, 284.8, 320
86.3, 305.6, 320
83.1, 302.6, 320
83.60000000000001, 285.7, 320
83.55, 294.3, 320
79.25, 290.1, 320
75.2, 307.1, 320
97.3, 304.4, 320
93.35000000000001, 302.3, 320
78.25, 306.4, 320
81.8, 279.8, 320
81.85, 312.9, 320
81.8, 302.6, 320
80.2, 300.2, 320
80.3, 295.6, 320
93.5, 290.2, 320
86.75, 291.5, 320
88.3, 292.7, 320
92.5, 292.2, 320
76.44999999999999, 292.5, 320
84.45, 255.1, 320
93.3, 297.6, 320
85.35000000000001, 277.3, 320
79.35, 305.6, 320
95.2, 277.3, 320
79.44999999999999, 288.4, 320
77.2, 298.3, 320
73.44999999999999, 295.3, 320
80.25, 290.0, 320
85.3, 287.8, 320
93.35000000000001, 274.2, 320
88.19999999999999, 288.3, 320
95.3, 301.6, 320
73.44999999999999, 288.9, 320
84.55, 308.4, 320
78.25, 304.1, 320
80.14999999999999, 289.5, 320
164.4, 300.4, 320
84.7, 300.1, 320
85.35000000000001, 276.8, 320
97.05, 297.9, 320
80.85, 289.5, 320
87.35, 282.2, 320
87.75, 288.8, 320
85.39999999999999, 292.0, 320
86.0, 291.0, 320
83.19999999999999, 306.2, 320
77.45, 304.4, 320
80.75, 300.6, 320
78.75, 255.3, 320
88.15, 306.2, 320
92.95, 286.3, 320
89.5, 284.8, 320
76.45, 294.8, 320
94.3, 287.2, 320
86.65, 309.1, 320
84.75, 282.8, 320
88.7, 270.6, 320
91.75000000000001, 287.0, 320
161.4, 291.3, 320
88.75, 300.2, 320
85.7, 291.4, 320
86.35000000000001, 271.2, 320
88.35000000000001, 288.6, 320
81.35, 300.6, 320
91.5, 288.7, 320
79.05, 302.6, 320
91.35000000000001, 293.2, 320
76.45, 298.7, 320
70.45, 297.3, 320
78.2, 295.1, 320
100.7, 299.8, 320
80.85, 300.8, 320
92.15, 295.0, 320
79.15, 294.1, 320
83.45, 293.2, 320
90.0, 289.7, 320
74.2, 287.9, 320
90.75000000000001, 285.1, 320
89.75000000000001, 291.5, 320
98.2, 294.6, 320
79.39999999999999, 299.7, 320
86.85000000000001, 282.2, 320
102.4, 299.7, 320
88.35000000000001, 288.8, 320
81.3, 264.0, 320
84.5, 291.1, 320
74.55, 293.6, 320
96.2, 298.1, 320
87.75, 288.2, 320
79.25, 295.6, 320
80.0, 286.4, 320
81.45, 261.4, 320
160.4, 282.3, 320
87.39999999999999, 283.3, 320
159.4, 280.3, 320
86.85000000000001, 299.0, 320
90.75, 276.4, 320
82.8, 283.1, 320
81.15, 300.7, 320
95.3, 288.2, 320
81.2, 287.6, 320
86.5, 274.3, 320
161.4, 294.9, 320
92.3, 278.4, 320
76.25, 291.4, 320
81.2, 294.1, 320
89.5, 288.5, 320
80.3, 301.4, 320
81.35, 300.7, 320
77.85, 288.5, 320
84.85000000000001, 297.4, 320
80.1, 255.1, 320
89.85000000000001, 298.0, 320
84.0, 301.1, 320
79.45, 285.7, 320
85.25, 292.7, 320
85.8, 304.4, 320
84.15, 293.0, 320
82.45, 291.0, 320
89.5, 294.7, 320
161.4, 291.5, 320
73.4, 298.6, 320
80.8, 295.6, 320
80.3, 293.5, 320
91.85000000000001, 300.6, 320
92.2, 307.8, 320
89.65, 289.5, 320
78.8, 270.6, 320
92.5, 293.4, 320
88.15, 301.1, 320
84.7, 301.1, 320
76.44999999999999, 290.1, 320
86.85000000000001, 296.2, 320
87.75, 224.0, 320
89.3, 288.4, 320
86.0, 307.8, 320
72.4, 296.9, 320
85.25, 302.0, 320
64.7, 267.2, 320
79.55, 294.9, 320
86.15, 289.5, 320
74.2, 298.9, 320
80.1, 294.7, 320
83.19999999999999, 292.2, 320
77.2, 257.1, 320
103.4, 292.2, 320
92.95, 276.8, 320
121.60000000000002, 299.9, 320
88.3, 287.5, 320
83.75, 288.2, 320
85.25, 296.5, 320
92.5, 304.9, 320
75.85, 298.1, 320
83.39999999999999, 290.3, 320
79.05, 290.0, 320
83.75, 282.3, 320
92.85000000000001, 292.1, 320
91.3, 293.3, 320
84.0, 288.9, 320
84.35000000000001, 276.5, 320
87.85000000000001, 305.5, 320
84.1, 284.2, 320
77.05, 299.9, 320
82.2, 297.1, 320
83.3, 291.8, 320
160.4, 285.7, 320
93.7, 279.3, 320
90.5, 301.8, 320
73.4, 293.9, 320
84.35, 303.7, 320
107.7, 299.1, 320
75.2, 287.9, 320
88.3, 289.7, 320
98.3, 259.8, 320
75.75, 286.1, 320
88.15, 292.5, 320
166.4, 297.4, 320
83.8, 299.5, 320
91.0, 282.0, 320
77.2, 300.6, 320
85.35000000000001, 291.5, 320
69.45, 296.3, 320
81.44999999999999, 302.3, 320
69.25, 295.2, 320
93.15, 297.9, 320
92.3, 307.2, 320
84.8, 295.8, 320
87.85000000000001, 292.0, 320
83.55, 293.4, 320
83.45, 292.1, 320
76.45, 296.2, 320
72.7, 296.5, 320
101.7, 274.2, 320
75.2, 296.5, 320
87.1, 296.3, 320
93.75, 288.7, 320
85.75, 302.3, 320
94.2, 298.9, 320
89.75, 298.9, 320
86.85000000000001, 297.3, 320
93.64999999999999, 295.3, 320
79.35, 301.9, 320
92.0, 291.2, 320
93.75000000000001, 245.6, 320
72.05, 295.6, 320
86.35, 291.1, 320
89.5, 279.3, 320
93.3, 292.0, 320
71.05, 295.2, 320
88.95, 293.2, 320
95.3, 288.4, 320
85.65, 277.3, 320
78.45, 296.0, 320
82.3, 295.9, 320
163.4, 276.9, 320
88.35000000000001, 299.5, 320
98.3, 293.8, 320
87.95, 288.3, 320
70.05, 291.5, 320
83.14999999999999, 278.4, 320
83.60000000000001, 287.2, 320
81.25, 303.9, 320
75.25, 292.9, 320
80.0, 287.0, 320
78.85, 290.3, 320
85.0, 295.0, 320
86.85000000000001, 294.4, 320
71.45, 292.4, 320
78.25, 293.4, 320
86.0, 294.5, 320
91.95, 284.8, 320
84.95, 288.6, 320
86.0, 291.7, 320
94.75000000000001, 287.8, 320
71.7, 257.1, 320
74.2, 294.9, 320
81.8, 295.7, 320
83.85, 282.3, 320
82.35, 293.9, 320
97.75000000000001, 288.6, 320
86.25, 288.2, 320
80.3, 283.6, 320
163.4, 300.1, 320
69.45, 285.8, 320
90.35000000000001, 293.9, 320
93.3, 298.5, 320
74.45, 281.9, 320
88.15, 291.8, 320
69.7, 304.9, 320
84.5, 293.1, 320
85.5, 296.6, 320
83.60000000000001, 285.5, 320
95.3, 298.7, 320
89.75000000000001, 287.1, 320
91.3, 296.3, 320
86.3, 294.9, 320
95.64999999999999, 270.4, 320
81.1, 300.4, 320
80.8, 301.3, 320
80.45, 300.1, 320
83.75, 281.0, 320
71.7, 298.1, 320
89.35000000000001, 294.3, 320
90.85000000000001, 296.6, 320
81.35, 288.9, 320
79.75, 302.8, 320
87.85000000000001, 299.5, 320
83.8, 291.4, 320
78.05, 277.8, 320
68.7, 286.3, 320
75.25, 293.4, 320
98.3, 295.9, 320
73.25, 295.2, 320
83.85, 303.8, 320
87.3, 296.8, 320
79.35, 295.0, 320
78.25, 301.1, 320
90.65, 287.3, 320
93.75, 301.4, 320
89.3, 291.3, 320
78.05, 301.6, 320
80.55, 299.6, 320
71.4, 269.1, 320
87.35000000000001, 290.0, 320
89.75, 292.5, 320
81.8, 298.1, 320
90.3, 279.1, 320
85.55, 290.0, 320
95.75000000000001, 259.0, 320
83.45, 286.0, 320
76.25, 306.6, 320
87.3, 272.4, 320
80.25, 289.5, 320
107.7, 255.1, 320
82.8, 296.2, 320
89.19999999999999, 293.4, 320
88.19999999999999, 294.2, 320
90.5, 295.6, 320
84.35000000000001, 304.4, 320
83.65, 292.2, 320
85.8, 293.3, 320
89.5, 290.3, 320
75.60000000000001, 287.4, 320
98.3, 288.0, 320
81.8, 287.6, 320
86.65, 301.3, 320
79.1, 297.6, 320
162.4, 301.0, 320
93.3, 295.2, 320
79.25, 290.0, 320
85.35000000000001, 284.2, 320
91.75, 298.5, 320
77.05, 296.3, 320
87.3, 294.3, 320
77.25, 297.4, 320
94.5, 301.9, 320
73.45, 296.2, 320
88.3, 282.8, 320
76.60000000000001, 290.7, 320
82.25, 297.8, 320
84.8, 295.0, 320
89.05, 301.6, 320
90.7, 294.3, 320
77.75, 305.0, 320
84.35000000000001, 306.6, 320
75.45, 293.4, 320
84.85000000000001, 303.7, 320
83.45, 298.7, 320
75.25, 267.2, 320
74.45, 297.3, 320
77.45, 293.4, 320
158.4, 306.4, 320
86.39999999999999, 289.2, 320
90.35000000000001, 263.0, 320
81.8, 288.6, 320
84.5, 306.6, 320
75.55, 294.8, 320
90.95, 294.2, 320
77.2, 306.2, 320
86.35, 297.4, 320
85.1, 294.7, 320
89.75000000000001, 291.1, 320
69.4, 291.1, 320
89.75, 287.6, 320
97.3, 296.0, 320
77.55, 270.8, 320
70.45, 291.3, 320
96.75000000000001, 302.3, 320
74.45, 297.4, 320
98.5, 308.4, 320
88.55, 299.0, 320
89.35000000000001, 290.2, 320
84.85, 292.1, 320
87.85000000000001, 296.5, 320
85.0, 278.3, 320
78.45, 284.2, 320
83.25, 278.3, 320
79.14999999999999, 294.6, 320
95.3, 296.8, 320
97.3, 297.6, 320
87.15, 297.0, 320
75.44999999999999, 297.3, 320
92.85000000000001, 293.3, 320
94.3, 289.8, 320
84.35000000000001, 293.0, 320
74.85, 301.2, 320
87.85000000000001, 292.0, 320
85.55, 299.1, 320
78.05, 293.1, 320
80.35, 300.6, 320
94.5, 298.9, 320
91.75, 295.3, 320
86.75, 291.4, 320
86.85000000000001, 259.8, 320
86.45, 293.3, 320
69.7, 283.1, 320
74.45, 301.7, 320
84.05, 298.7, 320
78.60000000000001, 294.6, 320
73.05, 309.1, 320
79.25, 293.4, 320
75.05, 289.1, 320
86.1, 294.6, 320
85.8, 290.1, 320
91.75000000000001, 291.3, 320
92.64999999999999, 301.6, 320
79.2, 283.4, 320
84.65, 294.3, 320
80.35, 297.7, 320
87.35, 296.0, 320
87.25, 293.6, 320
79.14999999999999, 292.9, 320
95.75000000000001, 296.3, 320
84.3, 297.3, 320
93.15, 286.6, 320
102.4, 295.0, 320
72.2, 272.4, 320
66.7, 294.6, 320
84.75, 299.4, 320
87.8, 309.3, 320
81.05, 226.2, 320
81.44999999999999, 292.1, 320
86.19999999999999, 271.6, 320
73.25, 299.3, 320
93.3, 284.2, 320
85.1, 300.1, 320
88.55, 288.9, 320
91.0, 290.0, 320
93.0, 263.9, 320
83.3, 300.2, 320
87.85000000000001, 293.3, 320
71.45, 287.6, 320
101.7, 290.0, 320
94.3, 279.6, 320
83.75, 285.7, 320
93.15, 281.8, 320
75.55, 293.4, 320
82.14999999999999, 295.5, 320
72.7, 254.2, 320
93.35000000000001, 296.5, 320
84.3, 292.2, 320
85.75, 263.9, 320
95.75000000000001, 292.2, 320
88.75, 299.7, 320
96.5, 293.4, 320
78.25, 255.3, 320
81.45, 291.5, 320
121.60000000000002, 297.8, 320
86.75, 300.8, 320
88.7, 287.8, 320
81.15, 283.1, 320
74.2, 303.7, 320
80.0, 295.8, 320
80.2, 292.2, 320
89.64999999999999, 298.3, 320
86.45, 286.1, 320
92.2, 300.2, 320
92.3, 287.9, 320
83.25, 286.7, 320
72.2, 294.4, 320
74.2, 288.7, 320
69.45, 303.7, 320
88.3, 283.3, 320
84.95, 292.2, 320
83.3, 295.6, 320
80.85, 288.8, 320
76.14999999999999, 293.4, 320
81.25, 294.7, 320
69.2, 290.2, 320
87.35, 302.3, 320
78.45, 299.4, 320
84.39999999999999, 291.7, 320
88.75, 292.8, 320
92.15, 300.1, 320
84.39999999999999, 281.8, 320
89.85000000000001, 304.4, 320
125.60000000000002, 300.6, 320
96.3, 296.6, 320
64.7, 301.7, 320
88.55, 291.3, 320
79.44999999999999, 300.5, 320
75.60000000000001, 271.0, 320
91.75000000000001, 293.3, 320
79.14999999999999, 291.4, 320
82.8, 301.7, 320
93.3, 279.0, 320
93.95, 288.6, 320
77.25, 285.8, 320
78.05, 280.3, 320
79.2, 282.2, 320
85.19999999999999, 295.0, 320
75.25, 284.2, 320
78.75, 296.0, 320
96.2, 295.0, 320
85.15, 296.5, 320
82.75, 299.0, 320
74.14999999999999, 289.8, 320
85.39999999999999, 251.1, 320
86.75, 295.3, 320
122.60000000000002, 291.7, 320
86.5, 297.4, 320
93.75000000000001, 297.3, 320
84.8, 286.6, 320
86.75, 299.7, 320
76.44999999999999, 264.0, 320
85.35000000000001, 304.1, 320
96.3, 257.1, 320
92.75000000000001, 299.1, 320
83.8, 286.3, 320
92.95, 305.6, 320
89.19999999999999, 288.9, 320
84.8, 278.3, 320
79.2, 264.0, 320
95.4, 287.9, 320
91.85000000000001, 279.6, 320
74.2, 294.9, 320
82.3, 300.8, 320
73.45, 302.3, 320
157.4, 288.6, 320
82.8, 269.0, 320
90.75, 301.1, 320
87.55, 290.1, 320
97.75000000000001, 297.7, 320
92.75000000000001, 293.4, 320
78.25, 300.8, 320
90.64999999999999, 288.8, 320
77.14999999999999, 292.9, 320
121.60000000000002, 296.8, 320
81.35, 287.1, 320
85.3, 270.4, 320
78.2, 305.0, 320
86.35000000000001, 301.4, 320
69.4, 303.6, 320
90.2, 289.1, 320
80.8, 292.9, 320
93.75000000000001, 304.9, 320
90.75, 267.3, 320
78.2, 289.2, 320
85.85, 298.1, 320
79.25, 255.3, 320
76.85, 299.6, 320
77.25, 295.1, 320
90.3, 293.7, 320
79.44999999999999, 293.4, 320
94.75000000000001, 295.8, 320
79.85, 296.9, 320
75.45, 299.0, 320
86.85000000000001, 286.7, 320
84.35, 282.5, 320
85.85000000000001, 289.2, 320
107.7, 286.8, 320
78.25, 292.3, 320
86.8, 290.0, 320
89.3, 291.5, 320
81.8, 296.9, 320
89.05, 302.0, 320
91.05, 281.8, 320
90.3, 276.9, 320
73.45, 293.8, 320
85.75, 312.9, 320
76.25, 296.5, 320
90.15, 293.6, 320
99.7, 261.4, 320
75.05, 293.8, 320
81.15, 303.7, 320
74.55, 287.6, 320
71.4, 301.1, 320
87.55, 302.2, 320
98.4, 276.8, 320
82.75, 308.8, 320
98.7, 295.6, 320
96.64999999999999, 274.2, 320
77.55, 292.8, 320
90.85000000000001, 298.6, 320
126.60000000000002, 302.3, 320
87.85, 295.9, 320
86.8, 296.6, 320
87.7, 290.0, 320
77.25, 226.2, 320
74.45, 274.6, 320
80.2, 290.2, 320
82.3, 302.2, 320
89.75000000000001, 295.7, 320
85.35000000000001, 300.6, 320
80.60000000000001, 292.1, 320
89.05, 303.1, 320
86.85000000000001, 291.5, 320
98.75000000000001, 284.8, 320
88.7, 295.1, 320
81.2, 291.5, 320
86.19999999999999, 295.6, 320
71.45, 304.1, 320
158.4, 278.4, 320
75.05, 292.7, 320
91.15, 293.4, 320
77.2, 303.8, 320
76.2, 293.3, 320
85.7, 304.4, 320
94.2, 299.8, 320
161.4, 277.3, 320
85.8, 296.3, 320
88.35000000000001, 282.3, 320
87.35, 290.2, 320
81.2, 295.8, 320
80.35, 291.5, 320
90.85000000000001, 296.3, 320
93.0, 293.8, 320
75.60000000000001, 276.9, 320
81.8, 272.8, 320
75.60000000000001, 279.0, 320
81.2, 298.1, 320
82.55, 293.3, 320
85.35, 300.7, 320
82.35, 291.5, 320
71.45, 298.9, 320
73.45, 298.9, 320
86.55, 274.6, 320
77.45, 295.6, 320
71.45, 294.0, 320
75.60000000000001, 301.3, 320
82.55, 298.3, 320
89.75000000000001, 278.3, 320
90.0, 224.0, 320
78.45, 291.6, 320
89.75000000000001, 289.8, 320
80.39999999999999, 263.0, 320
80.2, 268.1, 320
81.1, 274.2, 320
79.8, 304.9, 320
88.7, 297.9, 320
82.35, 299.8, 320
98.3, 295.0, 320
82.44999999999999, 283.6, 320
81.55, 263.9, 320
94.3, 296.3, 320
88.15, 299.6, 320
70.25, 293.3, 320
81.15, 293.5, 320
160.4, 295.3, 320
86.19999999999999, 255.1, 320
89.75000000000001, 302.3, 320
121.60000000000002, 303.5, 320
72.05, 303.8, 320
74.05, 289.8, 320
93.3, 283.1, 320
91.75000000000001, 299.8, 320
83.1, 297.8, 320
76.55, 298.9, 320
166.4, 298.7, 320
87.3, 279.3, 320
80.60000000000001, 271.2, 320
88.3, 293.7, 320
82.05, 216.1, 320
66.4, 290.0, 320
84.8, 306.6, 320
88.3, 296.9, 320
77.25, 297.4, 320
77.2, 291.3, 320
99.4, 286.7, 320
82.3, 294.9, 320
90.75, 292.8, 320
96.3, 295.0, 320
90.75000000000001, 305.3, 320
81.85, 301.9, 320
85.35000000000001, 292.0, 320
162.4, 285.1, 320
105.7, 299.7, 320
88.35000000000001, 293.1, 320
79.15, 295.6, 320
80.19999999999999, 297.4, 320
91.35000000000001, 298.9, 320
82.2, 295.8, 320
82.55, 297.3, 320
77.05, 297.8, 320
77.45, 295.3, 320
160.4, 301.3, 320
72.25, 295.4, 320
93.35000000000001, 300.6, 320
88.0, 287.3, 320
90.3, 291.5, 320
79.45, 299.3, 320
76.25, 282.8, 320
83.2, 298.9, 320
81.60000000000001, 312.9, 320
84.05, 291.1, 320
88.55, 294.4, 320
80.1, 293.0, 320
85.85000000000001, 296.6, 320
95.75000000000001, 305.5, 320
84.75, 294.1, 320
85.35, 289.5, 320
81.45, 292.2, 320
78.2, 277.8, 320
84.65, 290.0, 320
76.25, 283.3, 320
74.75, 294.6, 320
79.0, 291.5, 320
86.75, 299.6, 320
73.25, 293.5, 320
86.3, 291.0, 320
82.8, 302.3, 320
86.8, 292.2, 320
83.14999999999999, 282.8, 320
86.85, 293.1, 320
82.75, 291.5, 320
80.55, 307.8, 320
87.85, 301.3, 320
91.35000000000001, 306.6, 320
88.0, 303.7, 320
81.3, 293.9, 320
73.25, 293.4, 320
80.3, 283.3, 320
76.25, 294.6, 320
84.3, 288.9, 320
88.39999999999999, 285.7, 320
90.65, 300.4, 320
89.95, 288.7, 320
161.4, 289.5, 320
73.45, 287.9, 320
84.35000000000001, 216.1, 320
81.3, 287.2, 320
78.45, 301.4, 320
90.35000000000001, 287.9, 320
81.85, 305.6, 320
89.85000000000001, 278.4, 320
87.19999999999999, 288.6, 320
89.64999999999999, 276.9, 320
79.05, 268.1, 320
80.85, 294.0, 320
93.75000000000001, 292.2, 320
87.35, 297.8, 320
77.2, 292.3, 320
78.05, 293.7, 320
160.4, 263.9, 320
102.4, 305.3, 320
85.3, 291.5, 320
72.05, 298.8, 320
90.85000000000001, 289.1, 320
85.85000000000001, 263.0, 320
96.3, 291.3, 320
80.3, 302.8, 320
82.35, 297.0, 320
90.5, 296.6, 320
83.8, 300.8, 320
91.05, 312.9, 320
65.4, 274.6, 320
88.95, 282.2, 320
92.95, 294.1, 320
69.45, 291.8, 320
94.4, 257.1, 320
83.85, 299.7, 320
86.15, 298.1, 320
86.1, 291.0, 320
82.15, 299.8, 320
70.25, 299.3, 320
79.35, 289.3, 320
77.14999999999999, 288.7, 320
92.75000000000001, 293.7, 320
76.45, 293.3, 320
88.15, 290.1, 320
79.25, 286.3, 320
86.55, 291.6, 320
124.60000000000002, 307.2, 320
83.25, 295.6, 320
81.44999999999999, 292.3, 320
102.7, 259.0, 320
88.19999999999999, 294.1, 320
82.39999999999999, 286.1, 320
79.45, 298.6, 320
123.60000000000002, 294.7, 320
90.95, 292.2, 320
78.75, 295.0, 320
74.25, 294.2, 320
69.45, 300.1, 320
72.2, 299.0, 320
80.8, 300.8, 320
92.95, 299.8, 320
79.2, 270.6, 320
80.75, 267.2, 320
82.25, 295.3, 320
84.19999999999999, 300.1, 320
83.35, 276.8, 320
77.45, 290.0, 320
101.4, 297.6, 320
94.64999999999999, 301.2, 320
77.85, 294.3, 320
83.55, 263.0, 320
78.60000000000001, 253.9, 320
81.8, 293.6, 320
91.65, 297.8, 320
91.64999999999999, 301.2, 320
90.85000000000001, 291.5, 320
85.0, 287.2, 320
80.8, 291.0, 320
86.85, 274.6, 320
82.05, 301.2, 320
124.60000000000002, 299.3, 320
89.75000000000001, 303.3, 320
91.2, 281.9, 320
84.25, 298.9, 320
83.60000000000001, 293.9, 320
74.2, 302.3, 320
91.75, 259.8, 320
89.35000000000001, 298.7, 320
129.60000000000002, 296.6, 320
75.25, 298.7, 320
88.3, 297.8, 320
85.3, 292.5, 320
82.15, 287.5, 320
83.85, 303.3, 320
93.35000000000001, 288.6, 320
82.2, 294.1, 320
80.1, 293.3, 320
93.15, 301.3, 320
85.3, 291.6, 320
92.35000000000001, 291.8, 320
93.5, 298.8, 320
76.25, 288.4, 320
69.7, 293.8, 320
80.05, 274.6, 320
85.39999999999999, 287.5, 320
92.64999999999999, 293.9, 320
64.7, 300.1, 320
85.3, 298.3, 320
82.2, 296.1, 320
89.95, 293.4, 320
100.7, 288.9, 320
89.0, 285.8, 320
82.8, 289.7, 320
93.05, 261.4, 320
93.5, 292.3, 320
95.3, 257.1, 320
67.4, 292.4, 320
86.45, 296.3, 320
82.45, 299.8, 320
78.85, 267.2, 320
90.3, 287.4, 320
83.39999999999999, 253.9, 320
89.85000000000001, 309.5, 320
121.60000000000002, 290.0, 320
77.55, 299.2, 320
84.85000000000001, 293.3, 320
92.3, 286.7, 320
91.64999999999999, 294.7, 320
87.55, 294.0, 320
84.8, 253.9, 320
98.4, 302.6, 320
82.60000000000001, 293.1, 320
75.55, 301.9, 320
84.1, 292.5, 320
85.0, 286.1, 320
87.5, 302.3, 320
79.35, 303.3, 320
82.85, 298.5, 320
94.05, 311.8, 320
70.7, 293.4, 320
92.3, 287.4, 320
83.55, 295.3, 320
89.0, 290.2, 320
84.8, 296.5, 320
74.25, 284.0, 320
90.2, 297.3, 320
82.2, 311.8, 320
89.85000000000001, 299.5, 320
69.25, 287.5, 320
91.75000000000001, 270.6, 320
84.05, 292.3, 320
82.55, 292.1, 320
122.60000000000002, 295.4, 320
79.14999999999999, 291.0, 320
87.85, 276.8, 320
88.0, 296.5, 320
86.55, 294.0, 320
75.25, 250.9, 320
85.0, 304.1, 320
87.8, 293.1, 320
90.35000000000001, 296.2, 320
127.60000000000002, 281.8, 320
83.60000000000001, 294.2, 320
79.05, 283.4, 320
97.5, 295.8, 320
85.85, 286.3, 320
85.3, 289.7, 320
81.25, 293.3, 320
77.45, 301.3, 320
92.3, 288.2, 320
91.75, 306.4, 320
91.0, 282.0, 320
87.35, 297.4, 320
84.8, 301.6, 320
67.7, 289.2, 320
92.75000000000001, 293.4, 320
73.2, 300.5, 320
90.3, 299.0, 320
97.5, 286.7, 320
82.25, 283.3, 320
90.85000000000001, 303.1, 320
81.2, 298.9, 320
76.2, 303.8, 320
89.35000000000001, 290.2, 320
84.95, 295.3, 320
79.8, 288.8, 320
83.75, 271.6, 320
80.05, 299.1, 320
80.60000000000001, 296.6, 320
84.8, 282.0, 320
88.39999999999999, 305.0, 320
97.4, 292.0, 320
71.45, 297.4, 320
76.2, 293.8, 320
80.3, 274.6, 320
88.15, 278.3, 320
90.75000000000001, 298.0, 320
97.5, 312.9, 320
70.45, 289.7, 320
80.60000000000001, 301.3, 320
85.39999999999999, 292.0, 320
85.85000000000001, 301.3, 320
82.25, 290.0, 320
94.3, 226.2, 320
79.2, 276.9, 320
83.14999999999999, 293.4, 320
90.05, 293.8, 320
89.3, 300.1, 320
85.85000000000001, 296.0, 320
83.14999999999999, 303.9, 320
84.3, 303.9, 320
81.3, 286.3, 320
162.4, 301.1, 320
81.8, 308.5, 320
85.35, 306.1, 320
84.35, 287.9, 320
84.45, 291.8, 320
83.45, 297.3, 320
79.55, 284.0, 320
98.4, 291.0, 320
92.35000000000001, 293.4, 320
80.35, 295.5, 320
91.75000000000001, 299.0, 320
89.5, 291.4, 320
82.15, 298.8, 320
75.25, 276.9, 320
83.3, 282.5, 320
90.3, 279.0, 320
86.25, 297.4, 320
80.19999999999999, 292.2, 320
81.75, 213.5, 320
89.75, 267.2, 320
86.25, 297.4, 320
82.05, 297.4, 320
92.95, 281.9, 320
88.75, 300.8, 320
80.8, 302.3, 320
84.75, 299.0, 320
83.8, 299.7, 320
87.85000000000001, 283.6, 320
85.75, 269.1, 320
77.44999999999999, 253.9, 320
85.3, 300.6, 320
86.35000000000001, 283.6, 320
94.3, 300.8, 320
95.3, 295.6, 320
84.39999999999999, 302.9, 320
86.3, 285.9, 320
88.0, 303.9, 320
83.2, 303.9, 320
87.7, 298.1, 320
79.25, 290.0, 320
79.8, 288.9, 320
77.45, 297.8, 320
80.1, 300.1, 320
92.65, 298.9, 320
85.85000000000001, 287.0, 320
92.65, 291.6, 320
91.75, 294.1, 320
82.3, 297.3, 320
99.4, 301.1, 320
78.44999999999999, 268.2, 320
86.5, 309.3, 320
73.45, 297.4, 320
89.35000000000001, 294.3, 320
76.55, 283.3, 320
91.64999999999999, 289.3, 320
81.25, 298.3, 320
77.25, 279.8, 320
73.45, 283.3, 320
85.39999999999999, 292.2, 320
81.15, 276.5, 320
74.60000000000001, 224.0, 320
97.3, 288.5, 320
83.14999999999999, 301.1, 320
87.35000000000001, 296.1, 320
70.45, 283.6, 320
71.25, 308.0, 320
90.2, 296.4, 320
90.75000000000001, 291.1, 320
80.05, 297.8, 320
76.75, 312.9, 320
79.05, 213.5, 320
83.85000000000001, 296.8, 320
92.64999999999999, 278.4, 320
83.3, 293.3, 320
89.35000000000001, 301.3, 320
88.39999999999999, 299.9, 320
92.85000000000001, 300.3, 320
88.85000000000001, 295.3, 320
86.25, 297.3, 320
76.14999999999999, 301.3, 320
82.15, 263.9, 320
91.3, 298.9, 320
79.60000000000001, 249.4, 320
86.35000000000001, 285.1, 320
91.85000000000001, 298.9, 320
102.4, 291.5, 320
92.7, 301.1, 320
81.55, 280.1, 320
91.85000000000001, 251.1, 320
92.7, 298.3, 320
72.7, 291.8, 320
102.4, 299.2, 320
84.05, 283.3, 320
80.45, 296.1, 320
87.1, 276.4, 320
87.3, 302.6, 320
74.45, 285.7, 320
87.35000000000001, 254.2, 320
95.75000000000001, 296.1, 320
77.55, 295.1, 320
84.75, 296.8, 320
67.7, 302.9, 320
91.35000000000001, 290.0, 320
102.7, 301.3, 320
80.45, 299.7, 320
93.0, 291.4, 320
90.75, 291.8, 320
81.25, 299.2, 320
88.15, 272.8, 320
78.2, 296.2, 320
121.60000000000002, 259.0, 320
81.8, 296.2, 320
70.7, 295.1, 320
82.35, 300.2, 320
82.35, 264.0, 320
86.19999999999999, 297.8, 320
78.2, 281.9, 320
88.35000000000001, 267.2, 320
83.3, 268.1, 320
94.64999999999999, 299.8, 320
75.05, 299.4, 320
87.15, 290.1, 320
90.3, 284.8, 320
79.25, 300.1, 320
97.5, 297.9, 320
63.7, 286.3, 320
80.45, 305.8, 320
86.85, 293.1, 320
80.3, 296.5, 320
92.05, 290.7, 320
80.25, 296.5, 320
85.3, 296.8, 320
77.45, 301.3, 320
89.95, 300.1, 320
84.8, 311.8, 320
92.3, 291.5, 320
82.60000000000001, 295.1, 320
98.4, 302.8, 320
91.2, 296.3, 320
82.14999999999999, 290.0, 320
96.3, 300.3, 320
85.3, 308.5, 320
86.0, 282.8, 320
85.15, 278.4, 320
85.35000000000001, 302.9, 320
81.55, 292.2, 320
86.7, 299.3, 320
88.15, 281.8, 320
87.1, 282.2, 320
83.65, 301.3, 320
83.85, 301.9, 320
71.4, 270.4, 320
84.8, 295.3, 320
83.2, 298.8, 320
94.2, 274.6, 320
82.39999999999999, 296.6, 320
87.85, 293.5, 320
88.95, 257.2, 320
81.8, 299.0, 320
71.45, 295.6, 320
77.14999999999999, 285.2, 320
91.65, 296.3, 320
72.2, 255.1, 320
70.4, 301.2, 320
82.2, 295.3, 320
86.19999999999999, 293.2, 320
97.3, 301.9, 320
83.35, 268.2, 320
86.75, 291.5, 320
97.64999999999999, 279.0, 320
95.3, 289.7, 320
72.45, 300.8, 320
82.8, 289.2, 320
106.7, 290.0, 320
81.25, 299.2, 320
64.4, 294.3, 320
127.60000000000002, 291.5, 320
84.35000000000001, 286.7, 320
71.7, 270.6, 320
80.35, 257.2, 320
71.7, 300.7, 320
79.2, 285.1, 320
89.5, 293.4, 320
92.35000000000001, 287.4, 320
81.15, 278.9, 320
80.8, 305.5, 320
92.7, 291.5, 320
91.5, 300.2, 320
73.2, 298.1, 320
80.19999999999999, 303.8, 320
95.75000000000001, 303.3, 320
87.8, 300.4, 320
85.55, 297.1, 320
70.2, 295.7, 320
94.3, 292.4, 320
78.75, 289.3, 320
97.05, 308.5, 320
92.75000000000001, 287.8, 320
84.8, 302.3, 320
84.85000000000001, 274.3, 320
72.25, 301.3, 320
92.75000000000001, 297.4, 320
75.25, 276.8, 320
93.64999999999999, 292.9, 320
88.35, 295.0, 320
79.75, 291.5, 320
88.3, 267.2, 320
82.15, 298.0, 320
84.85000000000001, 294.7, 320
102.4, 291.4, 320
86.75, 292.8, 320
102.4, 284.8, 320
81.25, 291.5, 320
88.3, 294.2, 320
96.3, 306.4, 320
72.45, 291.4, 320
90.5, 276.4, 320
69.7, 270.6, 320
96.05, 293.4, 320
92.75000000000001, 301.9, 320
77.05, 297.9, 320
79.25, 291.5, 320
96.5, 291.6, 320
91.65, 296.1, 320
84.75, 286.3, 320
95.3, 300.1, 320
75.45, 293.1, 320
97.64999999999999, 300.4, 320
84.3, 288.6, 320
105.7, 254.2, 320
80.8, 286.4, 320
80.8, 257.1, 320
98.75000000000001, 287.2, 320
72.25, 305.6, 320
88.35000000000001, 298.7, 320
79.2, 295.6, 320
85.3, 298.1, 320
92.75000000000001, 294.0, 320
81.39999999999999, 300.2, 320
75.05, 307.1, 320
78.45, 296.3, 320
77.55, 297.0, 320
89.19999999999999, 270.8, 320
78.85, 291.5, 320
80.8, 295.3, 320
80.8, 283.1, 320
76.85, 294.0, 320
158.4, 291.6, 320
86.5, 283.3, 320
74.45, 270.5, 320
87.0, 295.1, 320
86.0, 287.2, 320
84.19999999999999, 303.7, 320
89.3, 306.4, 320
91.0, 307.8, 320
77.14999999999999, 302.3, 320
96.3, 301.4, 320
86.85, 293.0, 320
91.75, 289.3, 320
92.35000000000001, 296.2, 320
82.0, 274.3, 320
84.75, 300.8, 320
74.25, 298.8, 320
98.75000000000001, 299.3, 320
74.2, 292.0, 320
96.3, 285.2, 320
73.4, 294.9, 320
95.3, 298.1, 320
95.3, 310.1, 320
77.45, 291.0, 320
75.45, 263.9, 320
97.3, 285.5, 320
98.3, 300.6, 320
63.7, 292.4, 320
84.75, 296.9, 320
82.55, 308.0, 320
77.14999999999999, 289.7, 320
73.45, 302.0, 320
82.14999999999999, 290.0, 320
88.35000000000001, 297.1, 320
86.35000000000001, 293.4, 320
68.4, 293.4, 320
78.85, 293.8, 320
90.3, 299.4, 320
94.75000000000001, 293.3, 320
76.2, 302.6, 320
86.1, 298.3, 320
88.75, 288.6, 320
82.0, 303.7, 320
98.3, 283.1, 320
84.8, 292.2, 320
93.75, 296.6, 320
78.8, 295.3, 320
82.75, 278.3, 320
73.25, 251.1, 320
92.7, 288.4, 320
94.4, 299.6, 320
86.1, 290.3, 320
83.35, 267.2, 320
98.3, 301.3, 320
83.3, 296.0, 320
92.85000000000001, 286.7, 320
82.8, 303.8, 320
93.5, 257.1, 320
121.60000000000002, 302.0, 320
92.75000000000001, 303.4, 320
87.3, 300.4, 320
83.25, 291.5, 320
85.19999999999999, 297.4, 320
158.4, 279.0, 320
164.4, 300.1, 320
88.8, 294.4, 320
95.64999999999999, 285.1, 320
82.0, 287.9, 320
80.55, 298.8, 320
80.45, 259.0, 320
91.35000000000001, 286.0, 320
84.15, 290.0, 320
79.35, 297.0, 320
86.85, 296.8, 320
83.55, 301.7, 320
74.25, 298.1, 320
89.3, 283.3, 320
86.1, 288.8, 320
82.8, 287.2, 320
77.2, 298.3, 320
72.25, 296.3, 320
80.05, 305.8, 320
80.25, 271.2, 320
125.60000000000002, 293.3, 320
80.1, 304.9, 320
81.55, 295.6, 320
92.64999999999999, 276.9, 320
86.8, 303.1, 320
72.7, 298.9, 320
90.65, 292.4, 320
84.85000000000001, 296.1, 320
160.4, 279.3, 320
83.75, 298.8, 320
89.3, 312.3, 320
81.85, 299.3, 320
92.3, 267.3, 320
81.15, 300.6, 320
98.05, 306.1, 320
124.60000000000002, 297.0, 320
78.55, 299.8, 320
77.44999999999999, 281.8, 320
166.4, 291.5, 320
85.0, 291.5, 320
90.5, 290.0, 320
69.2, 293.6, 320
93.05, 278.4, 320
86.15, 281.9, 320
86.95, 303.3, 320
85.0, 296.3, 320
77.44999999999999, 291.5, 320
83.3, 274.6, 320
85.5, 288.0, 320
86.15, 293.5, 320
75.2, 286.7, 320
80.44999999999999, 297.4, 320
80.35, 291.4, 320
87.75, 301.3, 320
86.8, 295.1, 320
83.2, 284.8, 320
80.55, 281.0, 320
91.35000000000001, 297.4, 320
91.3, 283.6, 320
94.3, 298.9, 320
84.8, 293.4, 320
92.75, 300.6, 320
89.15, 283.3, 320
78.2, 288.8, 320
85.15, 285.7, 320
77.45, 300.1, 320
79.85, 297.6, 320
80.3, 284.2, 320
77.25, 296.5, 320
96.2, 287.4, 320
74.2, 295.4, 320
70.05, 298.1, 320
89.3, 295.7, 320
84.0, 298.3, 320
93.95, 293.2, 320
70.4, 306.6, 320
76.75, 289.1, 320
86.39999999999999, 269.1, 320
83.55, 297.8, 320
81.2, 298.3, 320
82.05, 290.1, 320
91.64999999999999, 303.8, 320
87.7, 290.6, 320
80.39999999999999, 290.0, 320
82.14999999999999, 290.0, 320
80.8, 288.6, 320
85.15, 296.5, 320
85.8, 296.6, 320
91.85000000000001, 300.6, 320
81.44999999999999, 295.0, 320
71.2, 293.1, 320
75.45, 294.3, 320
86.85000000000001, 296.3, 320
80.14999999999999, 300.4, 320
74.2, 290.0, 320
93.5, 300.4, 320
90.3, 292.7, 320
68.7, 287.0, 320
96.3, 300.5, 320
80.25, 292.2, 320
69.45, 289.2, 320
88.75, 274.6, 320
83.8, 301.3, 320
78.8, 300.6, 320
82.0, 301.2, 320
81.75, 292.8, 320
83.35, 290.7, 320
83.8, 294.0, 320
76.44999999999999, 279.6, 320
91.65, 309.5, 320
82.55, 297.9, 320
81.2, 301.3, 320
81.35, 287.4, 320
81.85, 295.5, 320
82.15, 306.2, 320
79.2, 297.1, 320
84.3, 306.6, 320
79.8, 298.7, 320
81.45, 301.3, 320
166.4, 294.5, 320
95.5, 300.1, 320
86.8, 292.0, 320
82.55, 291.8, 320
81.45, 295.3, 320
127.60000000000002, 287.3, 320
81.85, 303.7, 320
91.15, 286.0, 320
95.75000000000001, 302.2, 320
83.45, 294.7, 320
84.8, 288.2, 320
88.0, 270.6, 320
84.3, 250.9, 320
95.5, 297.6, 320
85.3, 296.3, 320
80.19999999999999, 300.1, 320
76.55, 287.5, 320
85.45, 290.0, 320
87.0, 290.3, 320
97.5, 291.3, 320
96.4, 264.0, 320
80.2, 296.2, 320
98.4, 293.6, 320
86.85000000000001, 303.3, 320
72.45, 269.1, 320
91.15, 292.3, 320
81.35, 294.9, 320
88.85000000000001, 288.6, 320
97.5, 300.4, 320
74.75, 288.2, 320
93.3, 270.8, 320
80.55, 296.6, 320
76.25, 303.9, 320
75.60000000000001, 292.3, 320
79.85, 291.5, 320
81.55, 288.2, 320
88.75, 289.7, 320
160.4, 300.8, 320
87.55, 290.0, 320
78.45, 286.6, 320
88.35, 301.2, 320
92.85000000000001, 300.4, 320
162.4, 303.9, 320
86.45, 288.6, 320
77.05, 301.4, 320
84.8, 302.2, 320
87.35000000000001, 293.2, 320
85.85000000000001, 291.3, 320
88.45, 282.5, 320
78.45, 288.3, 320
97.3, 296.6, 320
87.0, 297.4, 320
81.85, 287.1, 320
65.4, 300.6, 320
88.35, 297.0, 320
75.60000000000001, 291.4, 320
90.75, 305.6, 320
89.75, 295.0, 320
85.35000000000001, 305.8, 320
92.05, 297.0, 320
93.75000000000001, 283.6, 320
81.45, 294.7, 320
126.60000000000002, 298.6, 320
81.15, 296.3, 320
87.1, 292.7, 320
85.8, 291.0, 320
67.7, 298.9, 320
79.05, 293.5, 320
98.3, 301.3, 320
77.60000000000001, 306.4, 320
82.2, 288.7, 320
77.25, 305.6, 320
91.75, 288.9, 320
70.45, 292.0, 320
94.15, 292.1, 320
84.35000000000001, 293.7, 320
80.8, 287.0, 320
86.3, 288.9, 320
97.05, 290.6, 320
82.55, 288.0, 320
82.35, 287.6, 320
84.45, 292.3, 320
99.4, 301.9, 320
84.19999999999999, 282.3, 320
99.7, 298.9, 320
92.3, 216.1, 320
68.4, 286.3, 320
85.45, 301.2, 320
88.15, 291.3, 320
78.05, 298.0, 320
72.25, 298.0, 320
73.4, 296.3, 320
83.3, 272.8, 320
81.8, 293.4, 320
77.05, 297.4, 320
81.1, 269.0, 320
92.3, 268.2, 320
76.25, 274.2, 320
83.60000000000001, 301.1, 320
89.5, 288.1, 320
81.2, 290.6, 320
72.2, 295.0, 320
81.2, 290.0, 320
79.05, 294.9, 320
80.0, 303.3, 320
95.05, 293.3, 320
88.0, 279.8, 320
92.15, 255.3, 320
84.1, 259.0, 320
96.3, 282.2, 320
90.2, 294.4, 320
73.25, 290.2, 320
63.7, 278.4, 320
75.60000000000001, 300.6, 320
88.35, 290.1, 320
88.5, 290.7, 320
81.45, 297.3, 320
84.75, 293.0, 320
165.4, 294.1, 320
86.75, 270.8, 320
85.19999999999999, 292.9, 320
91.75, 301.4, 320
75.2, 295.2, 320
86.7, 291.8, 320
90.3, 295.0, 320
89.95, 263.0, 320
94.15, 302.3, 320
87.95, 294.7, 320
74.2, 302.6, 320
127.60000000000002, 283.3, 320
88.8, 309.5, 320
101.7, 290.0, 320
86.85000000000001, 291.1, 320
80.8, 293.4, 320
80.55, 254.2, 320
77.45, 307.1, 320
165.4, 289.7, 320
81.85, 280.1, 320
88.15, 280.1, 320
86.3, 287.0, 320
94.05, 290.0, 320
91.0, 284.2, 320
81.2, 296.3, 320
82.75, 295.3, 320
81.60000000000001, 298.1, 320
92.85000000000001, 271.0, 320
85.3, 283.1, 320
82.14999999999999, 298.7, 320
78.25, 279.8, 320
127.60000000000002, 290.0, 320
94.2, 312.3, 320
81.1, 287.0, 320
94.05, 280.1, 320
87.3, 295.0, 320
85.55, 291.4, 320
85.0, 301.9, 320
86.35, 294.8, 320
72.45, 291.2, 320
84.3, 290.7, 320
86.1, 298.8, 320
83.14999999999999, 287.4, 320
74.25, 297.4, 320
124.60000000000002, 276.9, 320
84.65, 262.6, 320
88.39999999999999, 302.8, 320
63.7, 267.2, 320
85.7, 295.0, 320
92.85000000000001, 257.1, 320
85.19999999999999, 281.0, 320
94.75000000000001, 293.2, 320
82.2, 295.0, 320
85.39999999999999, 300.1, 320
85.8, 297.4, 320
91.2, 268.1, 320
77.2, 304.9, 320
158.4, 278.3, 320
83.0, 299.3, 320
80.60000000000001, 292.2, 320
70.2, 297.3, 320
87.65, 294.6, 320
79.39999999999999, 299.8, 320
82.15, 224.0, 320
70.25, 294.9, 320
92.85000000000001, 305.8, 320
94.5, 297.8, 320
87.85000000000001, 288.1, 320
77.44999999999999, 301.2, 320
73.44999999999999, 299.4, 320
97.75000000000001, 291.5, 320
78.60000000000001, 295.0, 320
74.25, 276.8, 320
80.3, 288.6, 320
87.8, 297.8, 320
157.4, 289.8, 320
95.5, 272.4, 320
82.2, 291.6, 320
87.0, 290.3, 320
73.05, 299.2, 320
70.45, 295.0, 320
81.45, 277.3, 320
83.14999999999999, 292.8, 320
88.55, 305.5, 320
78.25, 300.2, 320
99.2, 299.3, 320
80.3, 286.7, 320
83.35, 299.0, 320
123.60000000000002, 289.7, 320
87.15, 289.2, 320
85.95, 261.4, 320
86.8, 287.0, 320
73.2, 303.8, 320
97.4, 296.4, 320
69.45, 301.8, 320
96.05, 303.7, 320
74.25, 305.5, 320
87.8, 295.0, 320
82.44999999999999, 300.6, 320
80.05, 302.3, 320
88.0, 290.0, 320
85.3, 299.0, 320
89.35000000000001, 268.2, 320
76.45, 291.2, 320
92.05, 288.1, 320
82.19999999999999, 296.5, 320
88.75, 297.3, 320
90.0, 293.3, 320
78.75, 287.0, 320
86.75, 276.4, 320
83.55, 295.0, 320
105.7, 288.3, 320
98.4, 292.7, 320
75.2, 291.0, 320
74.44999999999999, 299.8, 320
86.15, 302.8, 320
89.05, 294.7, 320
78.85, 303.7, 320
71.4, 292.4, 320
72.45, 307.1, 320
87.75, 303.3, 320
74.45, 302.6, 320
89.95, 293.1, 320
83.55, 278.9, 320
63.7, 300.6, 320
81.2, 300.5, 320
91.0, 297.4, 320
82.8, 297.8, 320
158.4, 287.5, 320
70.4, 298.0, 320
90.35000000000001, 291.1, 320
97.75000000000001, 295.3, 320
87.25, 297.9, 320
84.55, 274.2, 320
87.8, 272.8, 320
85.15, 301.8, 320
84.65, 300.6, 320
96.05, 283.1, 320
72.4, 295.0, 320
83.60000000000001, 296.1, 320
77.05, 291.3, 320
87.55, 271.6, 320
85.55, 289.3, 320
80.05, 300.6, 320
79.45, 288.5, 320
95.3, 291.5, 320
78.25, 295.0, 320
78.45, 292.2, 320
98.2, 289.2, 320
89.85000000000001, 290.0, 320
83.8, 286.3, 320
96.75000000000001, 296.5, 320
87.8, 292.3, 320
76.45, 294.7, 320
95.3, 290.0, 320
71.25, 292.3, 320
92.5, 292.1, 320
84.3, 293.7, 320
92.05, 267.3, 320
89.05, 294.0, 320
76.25, 295.9, 320
65.7, 300.6, 320
94.75000000000001, 300.6, 320
81.55, 299.6, 320
84.1, 276.4, 320
78.60000000000001, 286.0, 320
86.15, 299.2, 320
89.7, 270.5, 320
92.35000000000001, 304.1, 320
75.45, 309.5, 320
84.3, 295.3, 320
86.85000000000001, 292.5, 320
88.65, 306.2, 320
80.8, 295.3, 320
96.75000000000001, 291.4, 320
81.25, 291.4, 320
95.75000000000001, 294.3, 320
88.75, 302.6, 320
94.3, 276.9, 320
77.2, 297.1, 320
87.15, 302.1, 320
83.75, 290.3, 320
85.7, 286.3, 320
76.25, 294.6, 320
91.2, 290.0, 320
88.75, 303.5, 320
98.3, 309.1, 320
103.4, 285.7, 320
83.75, 296.5, 320
81.25, 296.0, 320
97.75000000000001, 282.5, 320
65.4, 294.0, 320
105.7, 297.3, 320
88.0, 283.6, 320
87.35, 296.5, 320
87.3, 297.8, 320
77.45, 283.6, 320
87.65, 299.3, 320
73.25, 294.5, 320
85.55, 312.9, 320
83.3, 298.9, 320
83.3, 295.0, 320
88.0, 255.1, 320
85.7, 296.5, 320
87.25, 297.7, 320
78.45, 288.6, 320
88.75, 294.5, 320
94.3, 294.7, 320
75.45, 291.8, 320
76.60000000000001, 287.5, 320
86.0, 278.6, 320
161.4, 278.4, 320
68.4, 259.8, 320
72.2, 288.9, 320
83.75, 300.8, 320
87.35, 299.0, 320
80.75, 290.6, 320
91.3, 289.1, 320
90.5, 294.3, 320
89.35000000000001, 299.8, 320
80.05, 303.7, 320
87.35, 293.4, 320
69.4, 297.3, 320
83.14999999999999, 307.1, 320
92.35000000000001, 303.4, 320
90.95, 299.3, 320
73.05, 301.2, 320
92.75000000000001, 299.3, 320
86.0, 290.0, 320
80.55, 305.6, 320
82.35, 292.0, 320
80.35, 299.3, 320
104.7, 310.1, 320
77.25, 287.6, 320
78.2, 297.3, 320
82.39999999999999, 293.2, 320
82.3, 300.6, 320
88.75, 303.7, 320
92.3, 294.3, 320
73.05, 296.8, 320
79.05, 278.9, 320
81.35, 303.7, 320
78.45, 287.6, 320
76.44999999999999, 302.9, 320
80.75, 295.9, 320
72.4, 286.4, 320
86.7, 286.7, 320
83.2, 270.8, 320
85.95, 298.9, 320
76.75, 292.2, 320
87.35000000000001, 253.9, 320
97.4, 285.5, 320
81.05, 288.2, 320
74.55, 278.3, 320
88.75, 271.2, 320
82.44999999999999, 279.1, 320
78.45, 286.4, 320
99.7, 300.8, 320
86.85000000000001, 290.1, 320
128.60000000000002, 310.1, 320
87.65, 286.0, 320
80.1, 294.9, 320
88.65, 303.1, 320
83.3, 290.0, 320
84.85, 294.6, 320
86.0, 302.3, 320
74.75, 296.9, 320
90.5, 298.9, 320
76.14999999999999, 301.3, 320
77.45, 301.3, 320
92.5, 289.1, 320
91.75, 290.7, 320
89.5, 287.9, 320
86.25, 287.3, 320
92.3, 286.7, 320
84.85000000000001, 285.5, 320
93.2, 295.1, 320
70.45, 289.1, 320
88.8, 288.8, 320
75.05, 299.8, 320
83.19999999999999, 292.1, 320
81.8, 298.9, 320
92.75000000000001, 251.1, 320
85.35, 293.8, 320
81.85, 284.8, 320
81.55, 289.1, 320
81.3, 294.1, 320
87.35000000000001, 298.0, 320
93.75, 300.1, 320
82.75, 291.8, 320
84.35, 286.3, 320
87.39999999999999, 303.9, 320
71.25, 288.6, 320
96.5, 308.5, 320
95.75000000000001, 295.1, 320
86.8, 257.1, 320
74.25, 300.6, 320
86.45, 299.7, 320
93.5, 297.8, 320
80.15, 303.7, 320
85.35000000000001, 300.6, 320
69.45, 296.5, 320
68.7, 302.0, 320
91.95, 290.6, 320
80.05, 298.0, 320
82.75, 292.0, 320
123.60000000000002, 308.4, 320
81.85, 290.0, 320
88.0, 295.4, 320
84.45, 287.1, 320
77.55, 297.6, 320
81.15, 295.2, 320
81.2, 296.3, 320
85.55, 301.3, 320
88.35, 300.7, 320
87.8, 287.9, 320
86.7, 295.7, 320
89.3, 305.8, 320
98.5, 269.0, 320
79.55, 292.3, 320
81.25, 291.8, 320
80.3, 301.0, 320
84.85, 303.1, 320
98.2, 299.3, 320
92.75, 296.5, 320
86.75, 276.5, 320
87.8, 289.2, 320
79.1, 288.7, 320
86.5, 309.1, 320
77.05, 295.8, 320
100.7, 293.2, 320
74.45, 298.0, 320
74.55, 296.3, 320
100.4, 293.3, 320
75.45, 291.7, 320
81.8, 297.3, 320
81.55, 291.6, 320
88.5, 299.3, 320
86.3, 296.3, 320
80.3, 308.5, 320
82.55, 271.0, 320
84.35000000000001, 297.3, 320
86.75, 298.3, 320
93.15, 285.9, 320
86.0, 294.7, 320
73.45, 283.3, 320
79.55, 290.7, 320
81.3, 288.7, 320
79.14999999999999, 301.3, 320
83.3, 291.4, 320
97.2, 302.3, 320
161.4, 278.4, 320
85.75, 279.3, 320
79.25, 303.6, 320
85.5, 302.6, 320
88.8, 294.8, 320
97.3, 293.7, 320
90.7, 216.1, 320
83.3, 292.2, 320
81.55, 297.1, 320
89.95, 294.9, 320
82.55, 307.1, 320
88.85000000000001, 293.4, 320
84.85000000000001, 287.5, 320
70.25, 295.9, 320
92.7, 300.8, 320
84.65, 300.2, 320
72.45, 294.8, 320
88.95, 293.2, 320
80.2, 294.4, 320
96.3, 296.9, 320
90.5, 287.1, 320
79.14999999999999, 274.2, 320
80.45, 287.4, 320
91.65, 300.1, 320
89.3, 299.2, 320
79.35, 287.3, 320
93.7, 308.5, 320
76.2, 295.2, 320
91.5, 282.5, 320
83.45, 268.2, 320
77.2, 306.4, 320
91.35000000000001, 283.3, 320
87.55, 295.7, 320
90.15, 294.3, 320
76.55, 308.0, 320
76.75, 297.2, 320
92.3, 291.1, 320
84.85000000000001, 295.6, 320
80.2, 286.1, 320
77.75, 306.6, 320
75.45, 301.3, 320
74.45, 295.2, 320
83.3, 289.5, 320
84.19999999999999, 301.3, 320
85.55, 299.1, 320
72.7, 297.4, 320
78.85, 295.1, 320
79.25, 281.8, 320
91.65, 286.4, 320
85.85000000000001, 287.9, 320
91.75, 302.8, 320
84.1, 250.9, 320
90.3, 293.1, 320
83.14999999999999, 292.2, 320
77.44999999999999, 278.9, 320
121.60000000000002, 296.3, 320
89.7, 279.0, 320
88.95, 291.4, 320
78.25, 301.9, 320
121.60000000000002, 291.2, 320
82.19999999999999, 301.1, 320
79.8, 291.4, 320
91.3, 299.2, 320
76.60000000000001, 295.8, 320
82.15, 300.6, 320
94.5, 250.9, 320
81.14999999999999, 290.1, 320
81.2, 288.2, 320
82.3, 301.1, 320
78.45, 294.6, 320
101.4, 291.7, 320
78.85, 292.2, 320
86.8, 295.4, 320
84.55, 302.6, 320
125.60000000000002, 298.3, 320
84.39999999999999, 287.4, 320
92.3, 299.0, 320
157.4, 304.1, 320
86.0, 285.7, 320
97.75000000000001, 288.9, 320
77.85, 298.3, 320
84.8, 294.6, 320
100.7, 299.0, 320
82.14999999999999, 306.6, 320
81.14999999999999, 293.0, 320
84.8, 302.8, 320
88.19999999999999, 291.3, 320
82.8, 298.0, 320
85.8, 293.0, 320
73.25, 302.3, 320
86.85, 278.3, 320
92.75000000000001, 308.4, 320
92.2, 297.4, 320
86.15, 308.8, 320
71.4, 293.4, 320
85.85000000000001, 301.4, 320
86.75, 300.6, 320
90.15, 281.8, 320
79.45, 269.1, 320
91.75000000000001, 293.0, 320
91.15, 300.5, 320
82.8, 294.1, 320
89.3, 294.9, 320
83.85, 290.2, 320
81.35, 296.9, 320
84.1, 301.4, 320
83.85000000000001, 288.6, 320
67.7, 305.6, 320
95.05, 308.5, 320
71.2, 302.1, 320
88.15, 294.7, 320
83.1, 293.4, 320
87.8, 297.8, 320
89.15, 291.8, 320
83.8, 291.5, 320
95.4, 291.4, 320
84.7, 269.1, 320
73.25, 286.7, 320
79.39999999999999, 292.2, 320
80.39999999999999, 297.6, 320
80.0, 224.0, 320
91.35000000000001, 296.6, 320
83.3, 278.4, 320
81.85, 289.2, 320
77.60000000000001, 301.7, 320
74.55, 278.3, 320
84.8, 303.6, 320
84.39999999999999, 300.8, 320
77.14999999999999, 213.5, 320
86.8, 281.0, 320
84.15, 290.1, 320
92.85000000000001, 285.9, 320
82.8, 292.8, 320
85.8, 298.1, 320
89.35000000000001, 289.8, 320
75.44999999999999, 288.6, 320
87.3, 295.6, 320
99.4, 292.2, 320
79.60000000000001, 270.5, 320
84.55, 300.3, 320
92.75, 294.3, 320
85.55, 292.3, 320
88.7, 296.4, 320
89.85000000000001, 296.9, 320
101.4, 295.8, 320
91.7, 287.3, 320
90.75, 300.1, 320
79.2, 287.0, 320
82.05, 303.7, 320
107.7, 299.8, 320
82.3, 290.0, 320
87.3, 294.0, 320
91.75000000000001, 311.8, 320
79.15, 294.3, 320
164.4, 283.6, 320
88.3, 308.4, 320
87.1, 295.3, 320
98.05, 291.1, 320
90.2, 283.1, 320
81.8, 291.3, 320
82.8, 288.7, 320
77.44999999999999, 295.4, 320
86.25, 279.8, 320
68.7, 298.7, 320
91.64999999999999, 287.2, 320
83.8, 295.7, 320
89.3, 297.0, 320
92.75, 291.4, 320
76.14999999999999, 289.7, 320
64.4, 291.1, 320
87.85000000000001, 277.3, 320
76.45, 300.8, 320
82.85, 253.9, 320
89.5, 296.6, 320
78.2, 291.6, 320
82.8, 301.3, 320
89.35000000000001, 268.1, 320
72.45, 254.2, 320
94.64999999999999, 295.7, 320
89.75, 292.3, 320
70.05, 307.8, 320
81.14999999999999, 301.1, 320
70.4, 297.3, 320
95.75000000000001, 299.3, 320
82.0, 307.1, 320
83.0, 294.8, 320
81.44999999999999, 301.0, 320
92.85000000000001, 287.0, 320
91.85000000000001, 307.1, 320
94.2, 297.4, 320
87.7, 300.7, 320
95.75000000000001, 296.9, 320
90.5, 294.7, 320
75.05, 254.2, 320
88.35, 299.0, 320
77.14999999999999, 292.2, 320
121.60000000000002, 308.4, 320
76.45, 290.1, 320
86.8, 295.2, 320
91.64999999999999, 306.1, 320
79.2, 271.2, 320
98.75000000000001, 292.1, 320
91.2, 301.2, 320
92.15, 289.7, 320
80.55, 303.8, 320
83.2, 295.8, 320
95.05, 301.9, 320
84.8, 309.1, 320
87.3, 291.5, 320
75.75, 301.7, 320
160.4, 292.4, 320
85.35000000000001, 300.1, 320
82.25, 291.8, 320
89.0, 295.4, 320
82.45, 301.3, 320
82.85, 279.3, 320
89.3, 291.8, 320
64.4, 290.7, 320
80.55, 290.1, 320
93.3, 311.8, 320
70.25, 294.0, 320
158.4, 294.8, 320
92.95, 290.7, 320
90.35000000000001, 250.9, 320
93.35000000000001, 297.4, 320
77.85, 298.7, 320
73.25, 289.2, 320
84.75, 304.9, 320
70.05, 282.2, 320
83.0, 301.3, 320
89.35000000000001, 257.1, 320
85.15, 292.9, 320
78.25, 294.3, 320
87.8, 293.2, 320
75.45, 301.3, 320
78.85, 268.1, 320
72.7, 301.3, 320
90.05, 279.3, 320
78.2, 298.6, 320
90.3, 295.6, 320
79.45, 301.1, 320
72.4, 303.9, 320
86.0, 295.0, 320
87.7, 288.2, 320
69.45, 286.7, 320
99.4, 272.4, 320
88.15, 302.6, 320
89.05, 302.1, 320
88.15, 294.8, 320
87.15, 293.4, 320
95.3, 306.6, 320
85.35000000000001, 300.6, 320
80.2, 290.0, 320
88.55, 293.1, 320
89.64999999999999, 293.6, 320
78.45, 291.4, 320
84.0, 295.9, 320
87.3, 296.9, 320
80.44999999999999, 294.9, 320
83.65, 295.9, 320
81.85, 282.2, 320
82.14999999999999, 282.2, 320
98.3, 295.0, 320
78.45, 294.3, 320
91.75, 299.0, 320
87.85000000000001, 288.8, 320
79.25, 294.3, 320
73.05, 289.7, 320
87.7, 293.5, 320
80.25, 224.0, 320
97.5, 290.7, 320
90.85000000000001, 309.1, 320
79.0, 277.8, 320
86.85000000000001, 259.8, 320
77.25, 289.3, 320
75.45, 297.4, 320
85.3, 293.4, 320
86.75, 291.1, 320
76.25, 299.0, 320
76.45, 295.8, 320
76.45, 290.0, 320
94.5, 285.5, 320
74.2, 302.6, 320
76.05, 291.5, 320
79.45, 295.5, 320
86.65, 302.3, 320
83.25, 307.1, 320
98.05, 295.4, 320
80.3, 245.6, 320
76.05, 294.3, 320
89.35000000000001, 277.8, 320
159.4, 282.0, 320
74.45, 302.6, 320
81.45, 304.1, 320
81.39999999999999, 298.3, 320
69.7, 282.5, 320
82.2, 274.6, 320
79.75, 297.6, 320
83.75, 299.7, 320
85.35000000000001, 295.2, 320
78.8, 308.0, 320
87.39999999999999, 283.1, 320
96.5, 289.8, 320
77.14999999999999, 298.9, 320
75.45, 308.5, 320
85.95, 308.5, 320
83.55, 294.3, 320
86.15, 296.3, 320
89.85000000000001, 290.1, 320
76.05, 299.0, 320
89.75, 296.0, 320
76.05, 290.0, 320
84.0, 287.9, 320
86.85000000000001, 299.8, 320
90.0, 295.8, 320
91.85000000000001, 290.2, 320
81.15, 297.7, 320
79.85, 279.0, 320
81.45, 296.3, 320
91.5, 271.0, 320
69.25, 297.6, 320
164.4, 303.6, 320
85.3, 290.2, 320
77.25, 289.7, 320
71.25, 301.3, 320
87.55, 308.5, 320
80.45, 293.1, 320
87.8, 291.3, 320
91.75000000000001, 285.8, 320
82.85, 298.0, 320
92.05, 290.1, 320
100.4, 290.6, 320
72.25, 290.7, 320
86.3, 297.8, 320
88.75, 296.1, 320
88.85000000000001, 257.2, 320
85.55, 294.4, 320
78.14999999999999, 263.9, 320
96.2, 290.0, 320
79.05, 294.0, 320
86.3, 290.0, 320
86.85000000000001, 274.2, 320
84.19999999999999, 301.6, 320
78.25, 297.3, 320
92.65, 253.9, 320
83.1, 289.2, 320
128.60000000000002, 293.6, 320
84.5, 297.0, 320
96.75000000000001, 285.5, 320
127.60000000000002, 280.1, 320
79.75, 280.3, 320
88.65, 292.2, 320
88.75, 304.9, 320
89.5, 263.0, 320
76.2, 276.8, 320
80.3, 263.0, 320
94.5, 255.3, 320
87.35, 226.2, 320
76.44999999999999, 291.1, 320
74.14999999999999, 296.9, 320
95.5, 295.2, 320
82.8, 288.2, 320
92.3, 303.3, 320
77.14999999999999, 301.9, 320
166.4, 301.1, 320
87.7, 292.4, 320
79.25, 305.6, 320
90.3, 308.4, 320
89.7, 294.7, 320
160.4, 291.8, 320
166.4, 302.3, 320
158.4, 298.0, 320
98.75000000000001, 296.9, 320
92.65, 291.5, 320
74.14999999999999, 293.3, 320
97.75000000000001, 277.3, 320
87.55, 261.4, 320
84.35000000000001, 285.2, 320
88.5, 293.9, 320
78.44999999999999, 296.3, 320
88.19999999999999, 296.3, 320
81.45, 299.7, 320
71.45, 303.8, 320
79.55, 295.0, 320
84.3, 298.5, 320
88.19999999999999, 291.1, 320
80.05, 308.5, 320
125.60000000000002, 290.7, 320
88.19999999999999, 298.3, 320
89.75, 306.6, 320
97.3, 271.0, 320
79.14999999999999, 298.6, 320
81.2, 278.9, 320
82.25, 283.6, 320
90.3, 295.9, 320
82.3, 288.0, 320
82.14999999999999, 311.8, 320
77.05, 290.0, 320
86.8, 286.0, 320
164.4, 297.4, 320
80.0, 272.8, 320
83.65, 287.1, 320
99.7, 291.4, 320
96.64999999999999, 294.9, 320
72.45, 306.4, 320
82.44999999999999, 296.9, 320
82.3, 277.8, 320
78.8, 296.0, 320
87.15, 298.9, 320
78.55, 268.2, 320
80.25, 288.1, 320
90.3, 292.1, 320
84.05, 285.1, 320
81.8, 297.1, 320
80.05, 300.1, 320
77.45, 289.7, 320
76.05, 279.3, 320
88.85000000000001, 297.2, 320
86.85, 287.4, 320
71.45, 259.8, 320
77.45, 301.0, 320
92.75000000000001, 298.3, 320
82.35, 298.3, 320
91.75000000000001, 298.5, 320
76.44999999999999, 292.7, 320
94.75000000000001, 296.1, 320
89.19999999999999, 301.3, 320
88.3, 292.1, 320
125.60000000000002, 301.1, 320
89.15, 302.3, 320
89.85000000000001, 224.0, 320
88.75, 300.1, 320
71.25, 288.5, 320
77.25, 287.2, 320
84.45, 301.3, 320
92.5, 299.9, 320
82.3, 294.9, 320
76.45, 293.4, 320
106.7, 291.5, 320
90.05, 300.3, 320
86.15, 291.3, 320
79.75, 278.4, 320
88.3, 291.1, 320
89.3, 296.2, 320
92.35000000000001, 298.3, 320
78.44999999999999, 288.7, 320
87.3, 299.8, 320
81.85, 292.7, 320
82.55, 301.9, 320
85.5, 276.5, 320
78.2, 302.0, 320
81.19999999999999, 301.4, 320
81.44999999999999, 298.9, 320
98.2, 299.5, 320
92.7, 286.1, 320
82.35, 291.4, 320
75.75, 307.1, 320
101.7, 297.4, 320
86.8, 278.3, 320
83.85000000000001, 281.8, 320
71.25, 282.4, 320
91.15, 307.8, 320
76.25, 307.2, 320
81.3, 291.6, 320
80.3, 213.5, 320
85.35, 295.5, 320
93.75000000000001, 292.8, 320
87.39999999999999, 291.5, 320
91.15, 297.7, 320
87.95, 301.4, 320
79.55, 301.2, 320
92.75000000000001, 291.0, 320
81.44999999999999, 249.4, 320
82.75, 299.8, 320
94.75000000000001, 279.6, 320
70.7, 288.1, 320
86.55, 299.2, 320
80.05, 290.7, 320
79.55, 292.3, 320
88.35, 287.5, 320
81.25, 304.9, 320
66.4, 269.1, 320
90.3, 296.2, 320
98.75000000000001, 279.6, 320
129.60000000000002, 306.6, 320
86.1, 291.4, 320
86.15, 298.9, 320
87.85, 298.9, 320
71.25, 302.0, 320
78.25, 303.8, 320
87.85000000000001, 270.6, 320
83.2, 302.3, 320
89.35000000000001, 293.3, 320
81.55, 295.3, 320
89.85000000000001, 291.5, 320
87.0, 286.7, 320
84.35000000000001, 291.3, 320
78.75, 293.1, 320
86.8, 287.4, 320
82.55, 271.6, 320
126.60000000000002, 295.7, 320
93.7, 289.1, 320
80.45, 282.4, 320
74.2, 291.3, 320
77.05, 291.7, 320
94.15, 301.3, 320
86.1, 295.0, 320
87.8, 287.5, 320
83.3, 271.6, 320
79.55, 291.6, 320
81.75, 296.0, 320
79.55, 300.4, 320
76.25, 290.7, 320
96.64999999999999, 300.7, 320
98.3, 290.1, 320
82.14999999999999, 288.5, 320
78.05, 296.8, 320
81.05, 295.1, 320
75.55, 300.6, 320
87.7, 295.2, 320
92.95, 263.9, 320
83.75, 291.4, 320
75.05, 303.8, 320
84.15, 296.0, 320
98.3, 287.6, 320
84.85000000000001, 301.3, 320
81.35, 303.3, 320
82.05, 272.4, 320
77.45, 294.6, 320
97.3, 294.0, 320
81.8, 296.8, 320
79.44999999999999, 306.6, 320
86.39999999999999, 305.6, 320
73.25, 282.8, 320
83.15, 288.6, 320
81.25, 304.9, 320
79.05, 288.3, 320
96.5, 304.9, 320
94.2, 281.9, 320
83.45, 286.3, 320
106.7, 294.1, 320
76.2, 279.8, 320
88.0, 291.0, 320
84.35000000000001, 278.4, 320
84.35, 287.9, 320
84.19999999999999, 298.0, 320
77.55, 279.1, 320
76.2, 282.0, 320
104.7, 294.4, 320
76.05, 303.9, 320
101.4, 286.1, 320
84.5, 293.8, 320
80.8, 297.5, 320
86.35000000000001, 287.9, 320
83.05, 263.9, 320
81.55, 291.2, 320
90.85000000000001, 257.2, 320
86.3, 297.8, 320
75.25, 264.0, 320
84.8, 298.9, 320
87.19999999999999, 294.1, 320
87.35, 302.0, 320
91.5, 282.5, 320
86.55, 300.7, 320
91.7, 290.0, 320
76.2, 292.9, 320
75.05, 296.3, 320
95.3, 308.5, 320
74.2, 285.5, 320
87.15, 296.9, 320
86.3, 290.0, 320
85.8, 293.8, 320
95.3, 295.9, 320
89.3, 295.9, 320
76.2, 293.0, 320
89.3, 288.6, 320
90.2, 300.7, 320
90.64999999999999, 300.5, 320
91.0, 301.3, 320
81.39999999999999, 293.1, 320
97.2, 291.1, 320
79.0, 290.0, 320
86.15, 291.5, 320
80.3, 289.8, 320
85.5, 292.2, 320
79.8, 285.2, 320
88.39999999999999, 293.3, 320
83.14999999999999, 300.3, 320
70.05, 294.3, 320
87.35000000000001, 287.5, 320
82.1, 294.0, 320
89.05, 301.2, 320
80.25, 297.4, 320
90.3, 289.3, 320
79.55, 295.0, 320
90.75, 297.9, 320
76.85, 288.1, 320
75.45, 301.9, 320
87.0, 300.6, 320
85.0, 297.4, 320
87.65, 293.4, 320
67.4, 286.1, 320
87.75, 283.3, 320
91.85000000000001, 292.5, 320
82.35, 308.5, 320
95.2, 277.3, 320
78.44999999999999, 278.9, 320
79.55, 298.8, 320
75.44999999999999, 288.2, 320
71.25, 295.8, 320
83.8, 299.3, 320
78.45, 298.9, 320
90.35000000000001, 276.9, 320
90.3, 290.3, 320
87.85000000000001, 305.5, 320
87.8, 296.2, 320
93.75, 302.6, 320
71.25, 302.3, 320
86.3, 303.5, 320
83.19999999999999, 292.2, 320
95.3, 298.9, 320
85.3, 303.9, 320
85.3, 267.2, 320
98.75000000000001, 298.9, 320
81.75, 302.6, 320
74.60000000000001, 286.7, 320
77.45, 263.0, 320
82.35, 287.0, 320
89.19999999999999, 284.2, 320
74.45, 295.1, 320
80.45, 284.8, 320
92.5, 279.6, 320
75.25, 289.8, 320
79.0, 285.7, 320
93.05, 296.4, 320
86.75, 312.9, 320
82.8, 295.3, 320
80.75, 305.6, 320
79.8, 288.7, 320
87.55, 292.2, 320
76.2, 301.7, 320
82.45, 295.3, 320
84.35000000000001, 296.6, 320
120.60000000000002, 251.1, 320
98.7, 288.9, 320
91.5, 299.3, 320
85.55, 213.5, 320
88.5, 296.3, 320
85.5, 296.0, 320
83.85, 291.8, 320
78.8, 280.1, 320
72.4, 300.8, 320
89.35000000000001, 276.9, 320
80.2, 292.9, 320
92.35000000000001, 295.0, 320
93.7, 311.8, 320
92.64999999999999, 300.7, 320
88.1, 290.0, 320
92.65, 291.5, 320
89.85000000000001, 295.9, 320
80.1, 289.7, 320
82.75, 301.9, 320
75.45, 301.6, 320
75.25, 295.3, 320
74.85, 289.2, 320
81.2, 298.1, 320
69.4, 299.8, 320
102.4, 306.4, 320
90.85000000000001, 304.4, 320
83.2, 278.4, 320
92.0, 301.4, 320
93.0, 277.3, 320
90.5, 291.0, 320
83.55, 296.6, 320
75.44999999999999, 292.4, 320
81.75, 290.0, 320
124.60000000000002, 294.8, 320
78.25, 288.0, 320
72.05, 277.8, 320
69.4, 271.0, 320
74.55, 291.4, 320
70.05, 306.1, 320
75.60000000000001, 294.0, 320
80.39999999999999, 295.0, 320
95.64999999999999, 303.8, 320
90.3, 286.6, 320
85.0, 262.6, 320
70.45, 291.6, 320
86.85, 293.3, 320
76.45, 303.7, 320
85.8, 291.5, 320
94.3, 298.0, 320
75.55, 286.1, 320
75.14999999999999, 292.1, 320
98.75000000000001, 305.5, 320
96.3, 285.8, 320
81.45, 294.1, 320
96.64999999999999, 285.9, 320
83.14999999999999, 294.0, 320
81.3, 295.1, 320
91.0, 306.4, 320
85.3, 288.8, 320
75.45, 304.9, 320
87.35, 293.5, 320
81.19999999999999, 294.6, 320
85.39999999999999, 294.1, 320
84.55, 291.0, 320
82.3, 290.1, 320
79.05, 296.6, 320
82.19999999999999, 294.2, 320
92.75000000000001, 291.5, 320
69.7, 286.4, 320
92.0, 296.6, 320
71.2, 295.4, 320
89.85000000000001, 293.6, 320
90.65, 300.5, 320
88.65, 310.1, 320
81.85, 293.6, 320
82.39999999999999, 290.0, 320
77.25, 301.8, 320
96.2, 285.1, 320
88.8, 304.9, 320
76.85, 292.7, 320
88.3, 291.3, 320
86.85, 303.4, 320
73.44999999999999, 285.5, 320
95.3, 297.0, 320
78.85, 301.3, 320
80.35, 291.5, 320
72.2, 290.1, 320
84.75, 276.8, 320
79.8, 298.3, 320
75.14999999999999, 295.9, 320
71.05, 278.3, 320
83.85, 297.4, 320
86.3, 253.9, 320
92.85000000000001, 297.4, 320
71.25, 282.3, 320
78.2, 285.7, 320
89.05, 302.9, 320
83.85, 291.6, 320
83.45, 263.9, 320
77.14999999999999, 297.9, 320
79.2, 283.4, 320
70.25, 294.1, 320
83.2, 288.5, 320
77.05, 293.6, 320
79.1, 301.1, 320
86.0, 297.3, 320
96.3, 296.3, 320
94.15, 288.5, 320
88.3, 300.6, 320
86.8, 288.5, 320
77.2, 294.4, 320
93.64999999999999, 269.9, 320
86.75, 290.1, 320
88.8, 270.6, 320
88.3, 287.2, 320
84.1, 288.7, 320
92.3, 296.0, 320
85.8, 291.1, 320
92.35000000000001, 295.9, 320
91.5, 269.0, 320
93.35000000000001, 290.2, 320
91.3, 259.0, 320
87.3, 289.1, 320
97.4, 305.5, 320
80.45, 295.5, 320
76.45, 294.8, 320
85.25, 306.1, 320
96.05, 295.2, 320
87.0, 297.8, 320
77.25, 302.3, 320
79.25, 295.9, 320
84.39999999999999, 288.4, 320
164.4, 282.4, 320
72.25, 299.2, 320
82.8, 306.4, 320
85.35, 268.1, 320
79.05, 276.4, 320
63.7, 287.2, 320
77.14999999999999, 294.5, 320
91.85000000000001, 304.4, 320
103.4, 296.2, 320
89.85000000000001, 281.8, 320
92.15, 298.1, 320
85.35, 281.9, 320
80.39999999999999, 295.7, 320
74.25, 290.1, 320
83.14999999999999, 297.2, 320
94.75000000000001, 271.2, 320
96.05, 286.7, 320
74.2, 287.5, 320
90.95, 293.3, 320
89.85000000000001, 301.2, 320
79.55, 296.8, 320
74.25, 298.9, 320
88.75, 284.8, 320
70.7, 293.3, 320
84.55, 294.3, 320
74.55, 292.3, 320
64.4, 294.0, 320
79.55, 303.3, 320
74.14999999999999, 301.3, 320
93.3, 289.5, 320
78.2, 272.4, 320
89.7, 297.0, 320
82.15, 300.7, 320
88.35, 297.8, 320
79.55, 302.1, 320
82.8, 296.3, 320
93.95, 299.1, 320
93.0, 287.3, 320
86.0, 299.2, 320
85.3, 298.3, 320
92.65, 286.4, 320
82.15, 295.8, 320
82.44999999999999, 309.3, 320
78.25, 291.6, 320
81.8, 291.7, 320
84.3, 308.0, 320
86.65, 283.6, 320
83.35, 299.3, 320
91.75, 281.8, 320
89.3, 289.7, 320
93.85000000000001, 303.9, 320
81.75, 301.9, 320
91.15, 288.7, 320
64.4, 301.3, 320
92.85000000000001, 281.8, 320
74.75, 298.7, 320
86.0, 295.2, 320
79.8, 269.1, 320
69.2, 298.9, 320
88.1, 296.8, 320
84.3, 293.8, 320
84.95, 292.4, 320
79.60000000000001, 292.9, 320
81.75, 268.2, 320
95.3, 283.3, 320
123.60000000000002, 288.2, 320
74.45, 297.2, 320
106.7, 302.8, 320
98.5, 286.7, 320
79.35, 286.7, 320
84.35, 292.3, 320
85.15, 296.2, 320
93.35000000000001, 298.3, 320
87.7, 297.8, 320
85.0, 253.9, 320
121.60000000000002, 301.3, 320
90.75000000000001, 305.3, 320
77.14999999999999, 278.3, 320
77.45, 294.9, 320
74.60000000000001, 294.4, 320
79.85, 301.3, 320
86.55, 292.7, 320
73.2, 271.6, 320
78.8, 282.0, 320
89.85000000000001, 291.0, 320
85.0, 267.3, 320
81.25, 294.5, 320
74.75, 285.1, 320
96.3, 295.2, 320
88.35000000000001, 304.1, 320
92.3, 291.5, 320
88.15, 301.3, 320
82.25, 286.0, 320
70.05, 294.9, 320
88.15, 299.1, 320
91.64999999999999, 283.3, 320
89.5, 285.2, 320
71.7, 295.8, 320
86.75, 291.4, 320
97.75000000000001, 298.5, 320
86.0, 294.3, 320
90.0, 272.4, 320
92.0, 288.9, 320
93.75000000000001, 296.6, 320
82.60000000000001, 295.0, 320
