84
84
84
84
84
84
84
84
84
84
394
394
394
394
394
394
394
394
394
394
391
391
391
391
391
391
391
391
391
391
335
335
335
335
335
335
335
335
335
335
308
308
308
308
308
308
308
308
308
308
291
291
291
291
291
291
291
291
291
291
282
282
282
282
282
282
282
282
282
282
275
275
275
275
275
275
275
275
275
275
271
271
271
271
271
271
271
271
271
271
267
267
267
267
267
267
267
267
267
267
265
265
265
265
265
265
265
265
265
265
262
262
262
262
262
262
262
262
262
262
261
261
261
261
261
261
261
261
261
261
260
260
260
260
260
260
260
260
260
260
259
259
259
259
259
259
259
259
259
259
258
258
258
258
258
258
258
258
258
258
257
257
257
257
257
257
257
257
257
257
257
257
257
257
257
257
257
257
257
257
257
257
257
257
257
257
257
257
257
257
256
256
256
256
256
256
256
256
256
256
256
256
256
256
256
256
256
256
256
256
256
256
256
256
256
256
256
256
256
256
255
255
255
255
255
255
255
255
255
255
255
255
255
255
255
255
255
255
255
255
255
255
255
255
255
255
255
255
255
255
247
247
247
247
247
247
247
247
247
247
239
239
239
239
239
239
239
239
239
239
242
242
242
242
242
242
242
242
242
242
244
244
244
244
244
244
244
244
244
244
246
246
246
246
246
246
246
246
246
246
248
248
248
248
248
248
248
248
248
248
251
251
251
251
251
251
251
251
251
251
251
251
251
251
251
251
251
251
251
251
252
252
252
252
252
252
252
252
252
252
245
245
245
245
245
245
245
245
245
245
248
248
248
248
248
248
248
248
248
248
245
245
245
245
245
245
245
245
245
245
239
239
239
239
239
239
239
239
239
239
243
243
243
243
243
243
243
243
243
243
237
237
237
237
237
237
237
237
237
237
231
231
231
231
231
231
231
231
231
231
228
228
228
228
228
228
228
228
228
228
225
225
225
225
225
225
225
225
225
225
231
231
231
231
231
231
231
231
231
231
237
237
237
237
237
237
237
237
237
237
235
235
235
235
235
235
235
235
235
235
239
239
239
239
239
239
239
239
239
239
242
242
242
242
242
242
242
242
242
242
246
246
246
246
246
246
246
246
246
246
242
242
242
242
242
242
242
242
242
242
227
227
227
227
227
227
227
227
227
227
224
224
224
224
224
224
224
224
224
224
221
221
221
221
221
221
221
221
221
221
211
211
211
211
211
211
211
211
211
211
211
211
211
211
211
211
211
211
211
211
194
194
194
194
194
194
194
194
194
194
190
190
190
190
190
190
190
190
190
190
186
186
186
186
186
186
186
186
186
186
184
184
184
184
184
184
184
184
184
184
189
189
189
189
189
189
189
189
189
189
194
194
194
194
194
194
194
194
194
194
197
197
197
197
197
197
197
197
197
197
191
191
191
191
191
191
191
191
191
191
194
194
194
194
194
194
194
194
194
194
201
201
201
201
201
201
201
201
201
201
202
202
202
202
202
202
202
202
202
202
195
195
195
195
195
195
195
195
195
195
191
191
191
191
191
191
191
191
191
191
222
222
222
222
222
222
222
222
222
222
261
261
261
261
261
261
261
261
261
261
309
309
309
309
309
309
309
309
309
309
356
356
356
356
356
356
356
356
356
356
394
394
394
394
394
394
394
394
394
394
424
424
424
424
424
424
424
424
424
424
440
440
440
440
440
440
440
440
440
440
436
436
436
436
436
436
436
436
436
436
450
450
450
450
450
450
450
450
450
450
451
451
451
451
451
451
451
451
451
451
442
442
442
442
442
442
442
442
442
442
472
472
472
472
472
472
472
472
472
472
453
453
453
453
453
453
453
453
453
453
463
463
463
463
463
463
463
463
463
463
456
456
456
456
456
456
456
456
456
456
432
432
432
432
432
432
432
432
432
432
430
430
430
430
430
430
430
430
430
430
410
410
410
410
410
410
410
410
410
410
412
412
412
412
412
412
412
412
412
412
405
405
405
405
405
405
405
405
405
405
408
408
408
408
408
408
408
408
408
408
359
359
359
359
359
359
359
359
359
359
330
330
330
330
330
330
330
330
330
330
300
300
300
300
300
300
300
300
300
300
274
274
274
274
274
274
274
274
274
274
268
268
268
268
268
268
268
268
268
268
285
285
285
285
285
285
285
285
285
285
312
312
312
312
312
312
312
312
312
312
342
342
342
342
342
342
342
342
342
342
360
360
360
360
360
360
360
360
360
360
403
403
403
403
403
403
403
403
403
403
458
458
458
458
458
458
458
458
458
458
459
459
459
459
459
459
459
459
459
459
443
443
443
443
443
443
443
443
443
443
396
396
396
396
396
396
396
396
396
396
351
351
351
351
351
351
351
351
351
351
324
324
324
324
324
324
324
324
324
324
336
336
336
336
336
336
336
336
336
336
356
356
356
356
356
356
356
356
356
356
366
366
366
366
366
366
366
366
366
366
352
352
352
352
352
352
352
352
352
352
365
365
365
365
365
365
365
365
365
365
376
376
376
376
376
376
376
376
376
376
376
376
376
376
376
376
376
376
376
376
377
377
377
377
377
377
377
377
377
377
361
361
361
361
361
361
361
361
361
361
356
356
356
356
356
356
356
356
356
356
360
360
360
360
360
360
360
360
360
360
355
355
355
355
355
355
355
355
355
355
363
363
363
363
363
363
363
363
363
363
374
374
374
374
374
374
374
374
374
374
392
392
392
392
392
392
392
392
392
392
447
447
447
447
447
447
447
447
447
447
452
452
452
452
452
452
452
452
452
452
461
461
461
461
461
461
461
461
461
461
454
454
454
454
454
454
454
454
454
454
448
448
448
448
448
448
448
448
448
448
413
413
413
413
413
413
413
413
413
413
380
380
380
380
380
380
380
380
380
380
346
346
346
346
346
346
346
346
346
346
316
316
316
316
316
316
316
316
316
316
303
303
303
303
303
303
303
303
303
303
308
308
308
308
308
308
308
308
308
308
288
288
288
288
288
288
288
288
288
288
274
274
274
274
274
274
274
274
274
274
252
252
252
252
252
252
252
252
252
252
244
244
244
244
244
244
244
244
244
244
234
234
234
234
234
234
234
234
234
234
227
227
227
227
227
227
227
227
227
227
248
248
248
248
248
248
248
248
248
248
269
269
269
269
269
269
269
269
269
269
317
317
317
317
317
317
317
317
317
317
347
347
347
347
347
347
347
347
347
347
396
396
396
396
396
396
396
396
396
396
419
419
419
419
419
419
419
419
419
419
421
421
421
421
421
421
421
421
421
421
437
437
437
437
437
437
437
437
437
437
468
468
468
468
468
468
468
468
468
468
490
490
490
490
490
490
490
490
490
490
493
493
493
493
493
493
493
493
493
493
516
516
516
516
516
516
516
516
516
516
531
531
531
531
531
531
531
531
531
531
525
525
525
525
525
525
525
525
525
525
518
518
518
518
518
518
518
518
518
518
549
549
549
549
549
549
549
549
549
549
540
540
540
540
540
540
540
540
540
540
532
532
532
532
532
532
532
532
532
532
494
494
494
494
494
494
494
494
494
494
472
472
472
472
472
472
472
472
472
472
447
447
447
447
447
447
447
447
447
447
427
427
427
427
427
427
427
427
427
427
416
416
416
416
416
416
416
416
416
416
409
409
409
409
409
409
409
409
409
409
403
403
403
403
403
403
403
403
403
403
391
391
391
391
391
391
391
391
391
391
383
383
383
383
383
383
383
383
383
383
424
424
424
424
424
424
424
424
424
424
439
439
439
439
439
439
439
439
439
439
444
444
444
444
444
444
444
444
444
444
398
398
398
398
398
398
398
398
398
398
360
360
360
360
360
360
360
360
360
360
324
324
324
324
324
324
324
324
324
324
295
295
295
295
295
295
295
295
295
295
271
271
271
271
271
271
271
271
271
271
289
289
289
289
289
289
289
289
289
289
309
309
309
309
309
309
309
309
309
309
333
333
333
333
333
333
333
333
333
333
401
401
401
401
401
401
401
401
401
401
433
433
433
433
433
433
433
433
433
433
430
430
430
430
430
430
430
430
430
430
463
463
463
463
463
463
463
463
463
463
489
489
489
489
489
489
489
489
489
489
509
509
509
509
509
509
509
509
509
509
525
525
525
525
525
525
525
525
525
525
539
539
539
539
539
539
539
539
539
539
538
538
538
538
538
538
538
538
538
538
529
529
529
529
529
529
529
529
529
529
524
524
524
524
524
524
524
524
524
524
527
527
527
527
527
527
527
527
527
527
540
540
540
540
540
540
540
540
540
540
540
540
540
540
540
540
540
540
540
540
550
550
550
550
550
550
550
550
550
550
542
542
542
542
542
542
542
542
542
542
534
534
534
534
534
534
534
534
534
534
527
527
527
527
527
527
527
527
527
527
530
530
530
530
530
530
530
530
530
530
535
535
535
535
535
535
535
535
535
535
527
527
527
527
527
527
527
527
527
527
538
538
538
538
538
538
538
538
538
538
547
547
547
547
547
547
547
547
547
547
547
547
547
547
547
547
547
547
547
547
539
539
539
539
539
539
539
539
539
539
547
547
547
547
547
547
547
547
547
547
558
558
558
558
558
558
558
558
558
558
581
581
581
581
581
581
581
581
581
581
601
601
601
601
601
601
601
601
601
601
554
554
554
554
554
554
554
554
554
554
490
490
490
490
490
490
490
490
490
490
443
443
443
443
443
443
443
443
443
443
407
407
407
407
407
407
407
407
407
407
368
368
368
368
368
368
368
368
368
368
344
344
344
344
344
344
344
344
344
344
329
329
329
329
329
329
329
329
329
329
298
298
298
298
298
298
298
298
298
298
281
281
281
281
281
281
281
281
281
281
276
276
276
276
276
276
276
276
276
276
255
255
255
255
255
255
255
255
255
255
256
256
256
256
256
256
256
256
256
256
249
249
249
249
249
249
249
249
249
249
241
241
241
241
241
241
241
241
241
241
235
235
235
235
235
235
235
235
235
235
230
230
230
230
230
230
230
230
230
230
227
227
227
227
227
227
227
227
227
227
248
248
248
248
248
248
248
248
248
248
282
282
282
282
282
282
282
282
282
282
329
329
329
329
329
329
329
329
329
329
389
389
389
389
389
389
389
389
389
389
427
427
427
427
427
427
427
427
427
427
461
461
461
461
461
461
461
461
461
461
485
485
485
485
485
485
485
485
485
485
506
506
506
506
506
506
506
506
506
506
523
523
523
523
523
523
523
523
523
523
533
533
533
533
533
533
533
533
533
533
546
546
546
546
546
546
546
546
546
546
565
565
565
565
565
565
565
565
565
565
579
579
579
579
579
579
579
579
579
579
587
587
587
587
587
587
587
587
587
587
580
580
580
580
580
580
580
580
580
580
592
592
592
592
592
592
592
592
592
592
567
567
567
567
567
567
567
567
567
567
540
540
540
540
540
540
540
540
540
540
508
508
508
508
508
508
508
508
508
508
497
497
497
497
497
497
497
497
497
497
493
493
493
493
493
493
493
493
493
493
444
444
444
444
444
444
444
444
444
444
407
407
407
407
407
407
407
407
407
407
369
369
369
369
369
369
369
369
369
369
345
345
345
345
345
345
345
345
345
345
319
319
319
319
319
319
319
319
319
319
298
298
298
298
298
298
298
298
298
298
280
280
280
280
280
280
280
280
280
280
267
267
267
267
267
267
267
267
267
267
264
264
264
264
264
264
264
264
264
264
261
261
261
261
261
261
261
261
261
261
253
253
253
253
253
253
253
253
253
253
246
246
246
246
246
246
246
246
246
246
240
240
240
240
240
240
240
240
240
240
231
231
231
231
231
231
231
231
231
231
226
226
226
226
226
226
226
226
226
226
231
231
231
231
231
231
231
231
231
231
235
235
235
235
235
235
235
235
235
235
230
230
230
230
230
230
230
230
230
230
228
228
228
228
228
228
228
228
228
228
224
224
224
224
224
224
224
224
224
224
220
220
220
220
220
220
220
220
220
220
219
219
219
219
219
219
219
219
219
219
215
215
215
215
215
215
215
215
215
215
216
216
216
216
216
216
216
216
216
216
223
223
223
223
223
223
223
223
223
223
222
222
222
222
222
222
222
222
222
222
211
211
211
211
211
211
211
211
211
211
211
211
211
211
211
211
211
211
211
211
211
211
211
211
211
211
211
211
211
211
218
218
218
218
218
218
218
218
218
218
217
217
217
217
217
217
217
217
217
217
224
224
224
224
224
224
224
224
224
224
229
229
229
229
229
229
229
229
229
229
231
231
231
231
231
231
231
231
231
231
229
229
229
229
229
229
229
229
229
229
226
226
226
226
226
226
226
226
226
226
230
230
230
230
230
230
230
230
230
230
235
235
235
235
235
235
235
235
235
235
238
238
238
238
238
238
238
238
238
238
240
240
240
240
240
240
240
240
240
240
236
236
236
236
236
236
236
236
236
236
238
238
238
238
238
238
238
238
238
238
240
240
240
240
240
240
240
240
240
240
242
242
242
242
242
242
242
242
242
242
244
244
244
244
244
244
244
244
244
244
237
237
237
237
237
237
237
237
237
237
232
232
232
232
232
232
232
232
232
232
237
237
237
237
237
237
237
237
237
237
240
240
240
240
240
240
240
240
240
240
243
243
243
243
243
243
243
243
243
243
245
245
245
245
245
245
245
245
245
245
247
247
247
247
247
247
247
247
247
247
248
248
248
248
248
248
248
248
248
248
242
242
242
242
242
242
242
242
242
242
243
243
243
243
243
243
243
243
243
243
245
245
245
245
245
245
245
245
245
245
237
237
237
237
237
237
237
237
237
237
239
239
239
239
239
239
239
239
239
239
243
243
243
243
243
243
243
243
243
243
244
244
244
244
244
244
244
244
244
244
245
245
245
245
245
245
245
245
245
245
246
246
246
246
246
246
246
246
246
246
249
249
249
249
249
249
249
249
249
249
250
250
250
250
250
250
250
250
250
250
252
252
252
252
252
252
252
252
252
252
244
244
244
244
244
244
244
244
244
244
245
245
245
245
245
245
245
245
245
245
247
247
247
247
247
247
247
247
247
247
249
249
249
249
249
249
249
249
249
249
249
249
249
249
249
249
249
249
249
249
251
251
251
251
251
251
251
251
251
251
251
251
251
251
251
251
251
251
251
251
252
252
252
252
252
252
252
252
252
252
252
252
252
252
252
252
252
252
252
252
244
244
244
244
244
244
244
244
244
244
245
245
245
245
245
245
245
245
245
245
248
248
248
248
248
248
248
248
248
248
249
249
249
249
249
249
249
249
249
249
251
251
251
251
251
251
251
251
251
251
253
253
253
253
253
253
253
253
253
253
255
255
255
255
255
255
255
255
255
255
254
254
254
254
254
254
254
254
254
254
254
254
254
254
254
254
254
254
254
254
245
245
245
245
245
245
245
245
245
245
246
246
246
246
246
246
246
246
246
246
248
248
248
248
248
248
248
248
248
248
250
250
250
250
250
250
250
250
250
250
249
249
249
249
249
249
249
249
249
249
257
257
257
257
257
257
257
257
257
257
258
258
258
258
258
258
258
258
258
258
256
256
256
256
256
256
256
256
256
256
257
257
257
257
257
257
257
257
257
257
257
257
257
257
257
257
257
257
257
257
257
257
257
257
257
257
257
257
257
257
255
255
255
255
255
255
255
255
255
255
254
254
254
254
254
254
254
254
254
254
254
254
254
254
254
254
254
254
254
254
254
254
254
254
254
254
254
254
254
254
255
255
255
255
255
255
255
255
255
255
256
256
256
256
256
256
256
256
256
256
254
254
254
254
254
254
254
254
254
254
255
255
255
255
255
255
255
255
255
255
252
252
252
252
252
252
252
252
252
252
252
252
252
252
252
252
252
252
252
252
253
253
253
253
253
253
253
253
253
253
254
254
254
254
254
254
254
254
254
254
253
253
253
253
253
253
253
253
253
253
253
253
253
253
253
253
253
253
253
253
252
252
252
252
252
252
252
252
252
252
254
254
254
254
254
254
254
254
254
254
246
246
246
246
246
246
246
246
246
246
246
246
246
246
246
246
246
246
246
246
247
247
247
247
247
247
247
247
247
247
250
250
250
250
250
250
250
250
250
250
251
251
251
251
251
251
251
251
251
251
251
251
251
251
251
251
251
251
251
251
243
243
243
243
243
243
243
243
243
243
237
237
237
237
237
237
237
237
237
237
232
232
232
232
232
232
232
232
232
232
235
235
235
235
235
235
235
235
235
235
239
239
239
239
239
239
239
239
239
239
242
242
242
242
242
242
242
242
242
242
236
236
236
236
236
236
236
236
236
236
231
231
231
231
231
231
231
231
231
231
227
227
227
227
227
227
227
227
227
227
224
224
224
224
224
224
224
224
224
224
229
229
229
229
229
229
229
229
229
229
233
233
233
233
233
233
233
233
233
233
238
238
238
238
238
238
238
238
238
238
239
239
239
239
239
239
239
239
239
239
234
234
234
234
234
234
234
234
234
234
229
229
229
229
229
229
229
229
229
229
233
233
233
233
233
233
233
233
233
233
236
236
236
236
236
236
236
236
236
236
238
238
238
238
238
238
238
238
238
238
240
240
240
240
240
240
240
240
240
240
242
242
242
242
242
242
242
242
242
242
244
244
244
244
244
244
244
244
244
244
246
246
246
246
246
246
246
246
246
246
248
248
248
248
248
248
248
248
248
248
250
250
250
250
250
250
250
250
250
250
248
248
248
248
248
248
248
248
248
248
249
249
249
249
249
249
249
249
249
249
250
250
250
250
250
250
250
250
250
250
251
251
251
251
251
251
251
251
251
251
252
252
252
252
252
252
252
252
252
252
254
254
254
254
254
254
254
254
254
254
253
253
253
253
253
253
253
253
253
253
254
254
254
254
254
254
254
254
254
254
246
246
246
246
246
246
246
246
246
246
248
248
248
248
248
248
248
248
248
248
250
250
250
250
250
250
250
250
250
250
251
251
251
251
251
251
251
251
251
251
252
252
252
252
252
252
252
252
252
252
251
251
251
251
251
251
251
251
251
251
252
252
252
252
252
252
252
252
252
252
252
252
252
252
252
252
252
252
252
252
253
253
253
253
253
253
253
253
253
253
254
254
254
254
254
254
254
254
254
254
255
255
255
255
255
255
255
255
255
255
255
255
255
255
255
255
255
255
255
255
237
237
237
237
237
237
237
237
237
237
309
309
309
309
309
309
309
309
309
309
365
365
365
365
365
365
365
365
365
365
327
327
327
327
327
327
327
327
327
327
317
317
317
317
317
317
317
317
317
317
324
324
324
324
324
324
324
324
324
324
311
311
311
311
311
311
311
311
311
311
307
307
307
307
307
307
307
307
307
307
312
312
312
312
312
312
312
312
312
312
335
335
335
335
335
335
335
335
335
335
341
341
341
341
341
341
341
341
341
341
356
356
356
356
356
356
356
356
356
356
334
334
334
334
334
334
334
334
334
334
334
334
334
334
334
334
334
334
334
334
339
339
339
339
339
339
339
339
339
339
379
379
379
379
379
379
379
379
379
379
394
394
394
394
394
394
394
394
394
394
432
432
432
432
432
432
432
432
432
432
427
427
427
427
427
427
427
427
427
427
442
442
442
442
442
442
442
442
442
442
456
456
456
456
456
456
456
456
456
456
450
450
450
450
450
450
450
450
450
450
465
465
465
465
465
465
465
465
465
465
490
490
490
490
490
490
490
490
490
490
484
484
484
484
484
484
484
484
484
484
494
494
494
494
494
494
494
494
494
494
495
495
495
495
495
495
495
495
495
495
478
478
478
478
478
478
478
478
478
478
418
418
418
418
418
418
418
418
418
418
364
364
364
364
364
364
364
364
364
364
291
291
291
291
291
291
291
291
291
291
233
233
233
233
233
233
233
233
233
233
186
186
186
186
186
186
186
186
186
186
149
149
149
149
149
149
149
149
149
149
134
134
134
134
134
134
134
134
134
134
115
115
115
115
115
115
115
115
115
115
174
174
174
174
174
174
174
174
174
174
232
232
232
232
232
232
232
232
232
232
268
268
268
268
268
268
268
268
268
268
292
292
292
292
292
292
292
292
292
292
313
313
313
313
313
313
313
313
313
313
344
344
344
344
344
344
344
344
344
344
326
326
326
326
326
326
326
326
326
326
342
342
342
342
342
342
342
342
342
342
351
351
351
351
351
351
351
351
351
351
349
349
349
349
349
349
349
349
349
349
331
331
331
331
331
331
331
331
331
331
314
314
314
314
314
314
314
314
314
314
277
277
277
277
277
277
277
277
277
277
255
255
255
255
255
255
255
255
255
255
276
276
276
276
276
276
276
276
276
276
289
289
289
289
289
289
289
289
289
289
300
300
300
300
300
300
300
300
300
300
299
299
299
299
299
299
299
299
299
299
310
310
310
310
310
310
310
310
310
310
332
332
332
332
332
332
332
332
332
332
349
349
349
349
349
349
349
349
349
349
346
346
346
346
346
346
346
346
346
346
327
327
327
327
327
327
327
327
327
327
313
313
313
313
313
313
313
313
313
313
319
319
319
319
319
319
319
319
319
319
298
298
298
298
298
298
298
298
298
298
288
288
288
288
288
288
288
288
288
288
327
327
327
327
327
327
327
327
327
327
366
366
366
366
366
366
366
366
366
366
376
376
376
376
376
376
376
376
376
376
368
368
368
368
368
368
368
368
368
368
346
346
346
346
346
346
346
346
346
346
318
318
318
318
318
318
318
318
318
318
295
295
295
295
295
295
295
295
295
295
259
259
259
259
259
259
259
259
259
259
242
242
242
242
242
242
242
242
242
242
229
229
229
229
229
229
229
229
229
229
233
233
233
233
233
233
233
233
233
233
238
238
238
238
238
238
238
238
238
238
241
241
241
241
241
241
241
241
241
241
243
243
243
243
243
243
243
243
243
243
195
195
195
195
195
195
195
195
195
195
156
156
156
156
156
156
156
156
156
156
124
124
124
124
124
124
124
124
124
124
99
99
99
99
99
99
99
99
99
99
113
113
113
113
113
113
113
113
113
113
124
124
124
124
124
124
124
124
124
124
141
141
141
141
141
141
141
141
141
141
150
150
150
150
150
150
150
150
150
150
139
139
139
139
139
139
139
139
139
139
129
129
129
129
129
129
129
129
129
129
118
118
118
118
118
118
118
118
118
118
102
102
102
102
102
102
102
102
102
102
81
81
81
81
81
81
81
81
81
81
65
65
65
65
65
65
65
65
65
65
69
69
69
69
69
69
69
69
69
69
88
88
88
88
88
88
88
88
88
88
104
104
104
104
104
104
104
104
104
104
136
136
136
136
136
136
136
136
136
136
174
174
174
174
174
174
174
174
174
174
196
196
196
196
196
196
196
196
196
196
218
218
218
218
218
218
218
218
218
218
251
251
251
251
251
251
251
251
251
251
276
276
276
276
276
276
276
276
276
276
304
304
304
304
304
304
304
304
304
304
336
336
336
336
336
336
336
336
336
336
358
358
358
358
358
358
358
358
358
358
372
372
372
372
372
372
372
372
372
372
384
384
384
384
384
384
384
384
384
384
392
392
392
392
392
392
392
392
392
392
396
396
396
396
396
396
396
396
396
396
400
400
400
400
400
400
400
400
400
400
402
402
402
402
402
402
402
402
402
402
409
409
409
409
409
409
409
409
409
409
429
429
429
429
429
429
429
429
429
429
423
423
423
423
423
423
423
423
423
423
435
435
435
435
435
435
435
435
435
435
449
449
449
449
449
449
449
449
449
449
439
439
439
439
439
439
439
439
439
439
439
439
439
439
439
439
439
439
439
439
455
455
455
455
455
455
455
455
455
455
467
467
467
467
467
467
467
467
467
467
477
477
477
477
477
477
477
477
477
477
469
469
469
469
469
469
469
469
469
469
447
447
447
447
447
447
447
447
447
447
443
443
443
443
443
443
443
443
443
443
437
437
437
437
437
437
437
437
437
437
443
443
443
443
443
443
443
443
443
443
447
447
447
447
447
447
447
447
447
447
445
445
445
445
445
445
445
445
445
445
439
439
439
439
439
439
439
439
439
439
434
434
434
434
434
434
434
434
434
434
434
434
434
434
434
434
434
434
434
434
468
468
468
468
468
468
468
468
468
468
466
466
466
466
466
466
466
466
466
466
445
445
445
445
445
445
445
445
445
445
423
423
423
423
423
423
423
423
423
423
397
397
397
397
397
397
397
397
397
397
388
388
388
388
388
388
388
388
388
388
408
408
408
408
408
408
408
408
408
408
446
446
446
446
446
446
446
446
446
446
479
479
479
479
479
479
479
479
479
479
452
452
452
452
452
452
452
452
452
452
422
422
422
422
422
422
422
422
422
422
396
396
396
396
396
396
396
396
396
396
391
391
391
391
391
391
391
391
391
391
397
397
397
397
397
397
397
397
397
397
417
417
417
417
417
417
417
417
417
417
416
416
416
416
416
416
416
416
416
416
432
432
432
432
432
432
432
432
432
432
438
438
438
438
438
438
438
438
438
438
398
398
398
398
398
398
398
398
398
398
370
370
370
370
370
370
370
370
370
370
339
339
339
339
339
339
339
339
339
339
324
324
324
324
324
324
324
324
324
324
311
311
311
311
311
311
311
311
311
311
350
350
350
350
350
350
350
350
350
350
381
381
381
381
381
381
381
381
381
381
398
398
398
398
398
398
398
398
398
398
407
407
407
407
407
407
407
407
407
407
361
361
361
361
361
361
361
361
361
361
326
326
326
326
326
326
326
326
326
326
295
295
295
295
295
295
295
295
295
295
271
271
271
271
271
271
271
271
271
271
264
264
264
264
264
264
264
264
264
264
280
280
280
280
280
280
280
280
280
280
289
289
289
289
289
289
289
289
289
289
293
293
293
293
293
293
293
293
293
293
310
310
310
310
310
310
310
310
310
310
313
313
313
313
313
313
313
313
313
313
370
370
370
370
370
370
370
370
370
370
374
374
374
374
374
374
374
374
374
374
381
381
381
381
381
381
381
381
381
381
387
387
387
387
387
387
387
387
387
387
393
393
393
393
393
393
393
393
393
393
423
423
423
423
423
423
423
423
423
423
444
444
444
444
444
444
444
444
444
444
486
486
486
486
486
486
486
486
486
486
457
457
457
457
457
457
457
457
457
457
442
442
442
442
442
442
442
442
442
442
388
388
388
388
388
388
388
388
388
388
345
345
345
345
345
345
345
345
345
345
322
322
322
322
322
322
322
322
322
322
293
293
293
293
293
293
293
293
293
293
311
311
311
311
311
311
311
311
311
311
324
324
324
324
324
324
324
324
324
324
335
335
335
335
335
335
335
335
335
335
380
380
380
380
380
380
380
380
380
380
437
437
437
437
437
437
437
437
437
437
467
467
467
467
467
467
467
467
467
467
472
472
472
472
472
472
472
472
472
472
480
480
480
480
480
480
480
480
480
480
509
509
509
509
509
509
509
509
509
509
495
495
495
495
495
495
495
495
495
495
491
491
491
491
491
491
491
491
491
491
472
472
472
472
472
472
472
472
472
472
469
469
469
469
469
469
469
469
469
469
462
462
462
462
462
462
462
462
462
462
449
449
449
449
449
449
449
449
449
449
438
438
438
438
438
438
438
438
438
438
438
438
438
438
438
438
438
438
438
438
436
436
436
436
436
436
436
436
436
436
433
433
433
433
433
433
433
433
433
433
438
438
438
438
438
438
438
438
438
438
452
452
452
452
452
452
452
452
452
452
454
454
454
454
454
454
454
454
454
454
465
465
465
465
465
465
465
465
465
465
463
463
463
463
463
463
463
463
463
463
457
457
457
457
457
457
457
457
457
457
457
457
457
457
457
457
457
457
457
457
457
457
457
457
457
457
457
457
457
457
450
450
450
450
450
450
450
450
450
450
452
452
452
452
452
452
452
452
452
452
457
457
457
457
457
457
457
457
457
457
458
458
458
458
458
458
458
458
458
458
459
459
459
459
459
459
459
459
459
459
467
467
467
467
467
467
467
467
467
467
467
467
467
467
467
467
467
467
467
467
474
474
474
474
474
474
474
474
474
474
472
472
472
472
472
472
472
472
472
472
479
479
479
479
479
479
479
479
479
479
483
483
483
483
483
483
483
483
483
483
494
494
494
494
494
494
494
494
494
494
396
396
396
396
396
396
396
396
396
396
317
317
317
317
317
317
317
317
317
317
253
253
253
253
253
253
253
253
253
253
203
203
203
203
203
203
203
203
203
203
162
162
162
162
162
162
162
162
162
162
129
129
129
129
129
129
129
129
129
129
103
103
103
103
103
103
103
103
103
103
83
83
83
83
83
83
83
83
83
83
66
66
66
66
66
66
66
66
66
66
53
53
53
53
53
53
53
53
53
53
42
42
42
42
42
42
42
42
42
42
34
34
34
34
34
34
34
34
34
34
27
27
27
27
27
27
27
27
27
27
21
21
21
21
21
21
21
21
21
21
17
17
17
17
17
17
17
17
17
17
13
13
13
13
13
13
13
13
13
13
11
11
11
11
11
11
11
11
11
11
8
8
8
8
8
8
8
8
8
8
7
7
7
7
7
7
7
7
7
7
5
5
5
5
5
5
5
5
5
5
4
4
4
4
4
4
4
4
4
4
3
3
3
3
3
3
3
3
3
3
2
2
2
2
2
2
2
2
2
2
2
2
2
2
2
2
2
2
2
2
1
1
1
1
1
1
1
1
1
1
1
1
1
1
1
1
1
1
1
1
1
1
1
1
1
1
1
1
1
1
0
0
0
0
0
0
0
0
0
0
0
0
0
0
0
0
0
0
0
0
0
0
0
0
0
0
0
0
0
0
0
0
0
0
0
0
0
0
0
0
0
0
0
0
0
0
0
0
0
0
0
0
0
0
0
0
0
0
0
0
0
0
0
0
0
0
0
0
0
0
0
0
0
0
0
0
0
0
0
0
0
0
0
0
0
0
0
0
0
0
0
0
0
0
0
0
0
0
0
0
0
0
0
0
0
0
0
0
0
0
0
0
0
0
0
0
0
0
0
0
0
0
0
0
0
0
0
0
0
0
0
0
0
0
0
0
0
0
0
0
0
0
0
0
0
0
0
0
0
0
0
0
0
0
0
0
0
0
0
0
0
0
0
0
0
0
0
0
0
0
0
0
0
0
0
0
0
0
0
0
0
0
0
0
0
0
0
0
0
0
0
0
0
0
0
0
0
0
0
0
0
0
0
0
0
0
0
0
0
0
0
0
0
0
0
0
0
0
0
0
0
0
0
0
0
0
0
0
0
0
0
0
0
0
0
0
0
0
0
0
0
0
0
0
0
0
0
0
0
0
0
0
0
0
0
0
0
0
0
0
0
0
0
0
0
0
0
0
0
0
0
0
0
0
0
0
0
0
0
0
0
0
0
0
0
0
0
0
0
0
0
0
0
0
0
0
0
0
0
0
0
0
0
0
0
0
0
0
0
0
0
0
0
0
0
0
0
0
0
0
0
0
0
0
0
0
0
0
0
0
0
0
0
0
0
0
0
0
0
0
0
0
0
0
0
0
0
0
0
0
0
0
0
0
0
0
0
0
0
0
0
0
0
0
0
0
0
0
0
0
0
0
0
0
0
0
0
0
0
0
0
0
0
0
0
0
0
0
0
0
0
0
0
0
0
0
0
0
0
0
0
0
0
0
0
0
0
0
0
0
0
0
0
0
0
0
0
0
0
0
0
0
0
0
0
0
0
0
0
0
0
0
0
0
0
0
0
0
0
0
0
0
0
0
0
0
0
0
0
0
0
0
0
0
0
0
0
0
0
0
0
0
0
0
0
0
0
0
0
0
0
0
0
0
0
0
0
0
0
0
0
0
0
0
0
0
0
0
0
0
0
0
0
0
0
0
0
0
0
0
0
0
0
0
0
0
0
0
0
0
0
0
0
0
0
0
0
0
0
0
0
0
0
0
0
0
0
0
0
0
0
0
0
0
0
0
0
0
0
0
0
0
0
0
0
0
0
0
0
0
0
0
0
0
0
0
0
0
0
0
0
0
0
0
0
0
0
0
0
0
0
0
0
0
0
0
0
0
0
0
0
0
0
0
0
0
0
0
0
0
0
0
0
0
0
0
0
0
0
0
0
0
0
0
0
0
0
0
0
0
0
0
0
0
0
0
0
0
0
0
0
0
0
0
0
0
0
0
0
0
0
0
0
0
0
0
0
0
0
0
0
0
0
0
0
0
0
0
0
0
0
0
0
0
0
0
0
0
0
0
0
0
0
0
0
0
0
0
0
0
0
0
0
0
0
0
0
0
0
0
0
0
0
0
0
0
0
0
0
0
0
0
0
0
0
0
0
0
0
0
0
0
0
0
0
0
0
0
0
0
0
0
0
0
0
0
0
0
0
0
0
0
0
0
0
0
0
0
0
0
0
0
0
0
0
0
0
0
0
0
0
0
0
0
0
0
0
0
0
0
0
0
0
0
0
0
0
0
0
0
0
0
0
0
0
0
0
0
0
0
0
0
0
0
0
0
0
0
0
0
0
0
0
0
0
0
0
0
0
0
0
0
0
0
0
0
0
0
0
0
0
0
0
0
0
0
0
0
0
0
0
0
0
0
0
0
0
0
0
0
0
0
0
0
0
0
0
0
0
0
0
0
0
0
0
0
0
0
0
0
0
0
0
0
0
0
0
0
0
0
0
0
0
0
0
0
0
0
0
0
35
35
35
35
35
35
35
35
35
35
28
28
28
28
28
28
28
28
28
28
22
22
22
22
22
22
22
22
22
22
18
18
18
18
18
18
18
18
18
18
14
14
14
14
14
14
14
14
14
14
11
11
11
11
11
11
11
11
11
11
9
9
9
9
9
9
9
9
9
9
7
7
7
7
7
7
7
7
7
7
6
6
6
6
6
6
6
6
6
6
4
4
4
4
4
4
4
4
4
4
3
3
3
3
3
3
3
3
3
3
3
3
3
3
3
3
3
3
3
3
2
2
2
2
2
2
2
2
2
2
1
1
1
1
1
1
1
1
1
1
1
1
1
1
1
1
1
1
1
1
1
1
1
1
1
1
1
1
1
1
1
1
1
1
1
1
1
1
1
1
0
0
0
0
0
0
0
0
0
0
0
0
0
0
0
0
0
0
0
0
0
0
0
0
0
0
0
0
0
0
0
0
0
0
0
0
0
0
0
0
0
0
0
0
0
0
0
0
0
0
0
0
0
0
0
0
0
0
0
0
0
0
0
0
0
0
0
0
0
0
0
0
0
0
0
0
0
0
0
0
0
0
0
0
0
0
0
0
0
0
0
0
0
0
0
0
0
0
0
0
0
0
0
0
0
0
0
0
0
0
0
0
0
0
0
0
0
0
0
0
0
0
0
0
0
0
0
0
0
0
0
0
0
0
0
0
0
0
0
0
0
0
0
0
0
0
0
0
0
0
0
0
0
0
0
0
0
0
0
0
0
0
0
0
0
0
0
0
0
0
0
0
0
0
0
0
0
0
0
0
0
0
0
0
0
0
0
0
0
0
0
0
0
0
0
0
0
0
0
0
0
0
0
0
0
0
0
0
0
0
0
0
0
0
0
0
0
0
0
0
0
0
0
0
0
0
0
0
0
0
0
0
0
0
0
0
0
0
0
0
0
0
0
0
0
0
0
0
0
0
0
0
0
0
0
0
0
0
0
0
0
0
0
0
0
0
0
0
0
0
0
0
0
0
0
0
0
0
0
0
0
0
0
0
0
0
0
0
0
0
0
0
0
0
0
0
0
0
0
0
0
0
0
0
0
0
0
0
0
0
0
0
0
0
0
0
0
0
0
0
0
0
0
0
0
0
0
0
0
0
0
0
0
0
0
0
0
0
0
0
0
0
0
0
0
0
0
0
0
0
0
0
0
0
0
0
0
0
0
0
0
0
0
0
0
0
0
0
0
0
0
0
0
0
0
0
0
0
0
0
0
0
0
0
0
0
0
0
0
0
0
0
0
0
0
0
0
0
0
0
0
0
0
0
0
0
0
0
0
0
0
0
0
0
0
0
0
0
0
0
0
0
0
0
0
0
0
0
0
0
0
0
0
0
0
0
0
0
0
0
0
0
0
0
0
0
0
0
0
0
0
0
0
0
0
0
0
0
0
0
0
0
0
0
0
0
0
0
0
0
0
0
0
0
0
0
0
0
0
0
0
0
0
0
0
0
0
0
0
0
0
0
0
0
0
0
0
0
0
0
0
0
0
0
0
0
0
0
0
0
0
0
0
0
0
0
0
0
0
0
0
0
0
0
0
0
0
0
0
0
0
0
0
0
0
0
0
0
0
0
0
0
0
0
0
0
0
0
0
0
0
0
0
0
0
0
0
0
0
0
0
0
0
0
0
0
0
0
0
0
0
0
0
0
0
0
0
0
0
0
0
0
0
0
0
0
0
0
0
0
0
0
0
0
0
0
0
0
0
0
0
0
0
0
0
0
0
0
0
0
0
0
0
0
0
0
0
0
0
0
0
0
0
0
0
0
0
0
0
0
0
0
0
0
0
0
0
0
0
0
0
0
0
0
0
0
0
0
0
0
0
0
0
0
0
0
0
0
0
0
0
0
0
0
0
0
0
0
0
0
0
0
0
0
0
0
0
0
0
0
0
0
0
0
0
0
0
0
0
0
0
0
0
0
0
0
0
0
0
0
0
0
0
0
0
0
0
0
0
0
0
0
0
0
0
0
0
0
0
0
0
0
0
0
0
0
0
0
0
0
0
0
0
0
0
0
0
0
0
0
0
0
0
0
0
0
0
0
0
0
0
0
0
0
0
0
0
0
0
0
0
0
0
0
0
0
0
0
0
0
0
0
0
0
0
0
0
0
0
0
0
0
0
0
0
0
0
0
0
0
0
0
0
0
0
0
0
0
0
0
0
0
0
0
0
0
0
0
0
0
0
0
0
0
0
0
0
0
0
0
0
0
0
0
0
0
0
0
0
0
0
0
0
0
0
0
0
0
0
0
0
0
0
0
0
0
0
0
0
0
0
0
0
0
0
0
0
0
0
0
0
0
0
0
0
0
0
0
0
0
0
0
0
0
0
0
0
0
0
0
0
0
0
0
0
0
0
0
0
0
9
9
9
9
9
9
9
9
9
9
16
16
16
16
16
16
16
16
16
16
22
22
22
22
22
22
22
22
22
22
50
50
50
50
50
50
50
50
50
50
41
41
41
41
41
41
41
41
41
41
33
33
33
33
33
33
33
33
33
33
26
26
26
26
26
26
26
26
26
26
21
21
21
21
21
21
21
21
21
21
17
17
17
17
17
17
17
17
17
17
13
13
13
13
13
13
13
13
13
13
10
10
10
10
10
10
10
10
10
10
8
8
8
8
8
8
8
8
8
8
6
6
6
6
6
6
6
6
6
6
5
5
5
5
5
5
5
5
5
5
4
4
4
4
4
4
4
4
4
4
3
3
3
3
3
3
3
3
3
3
2
2
2
2
2
2
2
2
2
2
2
2
2
2
2
2
2
2
2
2
1
1
1
1
1
1
1
1
1
1
10
10
10
10
10
10
10
10
10
10
17
17
17
17
17
17
17
17
17
17
22
22
22
22
22
22
22
22
22
22
27
27
27
27
27
27
27
27
27
27
30
30
30
30
30
30
30
30
30
30
24
24
24
24
24
24
24
24
24
24
19
19
19
19
19
19
19
19
19
19
15
15
15
15
15
15
15
15
15
15
20
20
20
20
20
20
20
20
20
20
16
16
16
16
16
16
16
16
16
16
13
13
13
13
13
13
13
13
13
13
10
10
10
10
10
10
10
10
10
10
8
8
8
8
8
8
8
8
8
8
6
6
6
6
6
6
6
6
6
6
5
5
5
5
5
5
5
5
5
5
4
4
4
4
4
4
4
4
4
4
3
3
3
3
3
3
3
3
3
3
2
2
2
2
2
2
2
2
2
2
2
2
2
2
2
2
2
2
2
2
1
1
1
1
1
1
1
1
1
1
1
1
1
1
1
1
1
1
1
1
1
1
1
1
1
1
1
1
1
1
3
3
3
3
3
3
3
3
3
3
86
86
86
86
86
86
86
86
86
86
69
69
69
69
69
69
69
69
69
69
55
55
55
55
55
55
55
55
55
55
44
44
44
44
44
44
44
44
44
44
35
35
35
35
35
35
35
35
35
35
28
28
28
28
28
28
28
28
28
28
22
22
22
22
22
22
22
22
22
22
18
18
18
18
18
18
18
18
18
18
14
14
14
14
14
14
14
14
14
14
11
11
11
11
11
11
11
11
11
11
9
9
9
9
9
9
9
9
9
9
7
7
7
7
7
7
7
7
7
7
5
5
5
5
5
5
5
5
5
5
4
4
4
4
4
4
4
4
4
4
3
3
3
3
3
3
3
3
3
3
3
3
3
3
3
3
3
3
3
3
2
2
2
2
2
2
2
2
2
2
1
1
1
1
1
1
1
1
1
1
1
1
1
1
1
1
1
1
1
1
1
1
1
1
1
1
1
1
1
1
0
0
0
0
0
0
0
0
0
0
0
0
0
0
0
0
0
0
0
0
0
0
0
0
0
0
0
0
0
0
0
0
0
0
0
0
0
0
0
0
0
0
0
0
0
0
0
0
0
0
0
0
0
0
0
0
0
0
0
0
0
0
0
0
0
0
0
0
0
0
0
0
0
0
0
0
0
0
0
0
0
0
0
0
0
0
0
0
0
0
0
0
0
0
0
0
0
0
0
0
0
0
0
0
0
0
0
0
0
0
0
0
0
0
0
0
0
0
0
0
0
0
0
0
0
0
0
0
0
0
0
0
0
0
0
0
0
0
0
0
0
0
0
0
0
0
0
0
0
0
0
0
0
0
0
0
0
0
0
0
0
0
0
0
0
0
0
0
0
0
0
0
0
0
0
0
0
0
0
0
0
0
0
0
0
0
0
0
0
0
0
0
0
0
0
0
0
0
0
0
0
0
0
0
0
0
0
0
0
0
0
0
0
0
0
0
0
0
0
0
0
0
0
0
0
0
0
0
0
0
0
0
0
0
0
0
0
0
0
0
0
0
0
0
0
0
0
0
0
0
0
0
0
0
0
0
0
0
0
0
0
0
0
0
0
0
0
0
0
0
0
0
0
0
0
0
0
0
0
0
0
0
0
0
0
0
0
0
0
0
0
0
0
0
0
0
0
0
0
0
0
0
0
0
0
0
0
0
0
0
0
0
0
0
0
0
0
0
0
0
0
0
0
0
0
0
0
0
0
0
0
0
0
0
0
0
0
0
0
0
0
0
0
0
0
0
0
0
0
0
0
0
0
0
0
0
0
0
0
0
0
0
0
0
0
0
0
0
0
0
0
0
0
0
0
0
0
0
0
0
0
0
0
0
0
0
0
0
0
0
0
0
0
0
0
0
0
0
0
0
0
0
0
0
0
0
0
0
0
0
0
0
0
0
0
0
0
0
0
0
0
0
0
0
0
0
0
0
0
0
0
0
0
0
0
0
0
0
0
0
0
0
0
0
0
0
0
0
0
0
0
0
0
0
0
0
0
0
0
0
0
0
0
0
0
0
0
0
0
0
0
0
0
0
0
0
0
0
0
0
0
0
0
0
0
0
0
0
0
0
0
0
0
0
0
0
0
0
0
0
0
0
0
0
0
0
0
0
0
0
0
0
0
0
0
0
0
0
0
0
0
0
0
0
0
0
0
0
0
0
0
0
0
0
0
0
0
0
0
0
0
0
0
0
0
0
0
0
0
0
0
0
0
0
0
0
0
0
0
0
0
0
0
0
0
0
0
0
0
0
0
0
0
0
0
0
0
0
0
0
0
0
0
0
0
0
0
0
0
0
0
0
0
0
0
0
0
0
0
0
0
0
0
0
0
0
0
0
0
0
0
0
0
0
0
0
0
0
0
0
0
0
0
0
0
0
0
0
0
0
0
0
0
0
0
0
0
0
0
0
0
0
0
0
0
0
0
0
0
0
0
0
0
0
0
0
0
0
0
0
0
0
0
0
0
0
0
0
0
0
0
0
0
0
0
0
0
0
0
0
0
0
0
0
0
0
0
0
0
0
0
0
0
0
0
0
0
0
0
0
0
0
0
0
0
0
0
0
0
0
0
0
0
0
0
0
0
0
0
0
0
0
0
0
0
0
0
0
0
0
0
0
0
0
0
0
0
0
0
0
0
0
0
0
0
0
0
0
0
0
0
0
0
0
0
0
0
0
0
0
0
0
0
0
0
0
0
0
0
0
0
0
0
0
0
0
0
0
0
0
0
0
0
0
0
0
0
0
0
0
0
0
0
0
0
0
0
0
0
0
0
0
0
0
0
0
0
0
0
0
0
0
0
0
0
0
0
0
0
0
0
0
0
0
0
0
0
0
0
0
0
0
0
0
0
0
0
0
0
0
0
0
0
0
0
0
0
0
0
0
0
0
0
0
0
0
0
0
0
0
0
0
0
0
0
0
0
0
0
0
0
0
0
0
0
0
0
0
0
0
0
0
0
0
0
0
0
0
0
0
0
0
0
0
0
0
0
0
0
0
0
0
0
0
0
0
0
0
0
0
0
0
0
0
0
0
0
0
0
0
0
0
0
0
0
0
0
0
0
0
0
0
0
0
0
0
0
0
0
0
0
0
0
0
0
0
0
0
0
0
0
0
0
0
0
0
0
0
0
0
0
0
0
0
0
0
0
0
0
0
0
0
0
0
0
0
0
0
0
0
0
0
0
0
0
0
0
0
0
0
0
0
0
0
0
0
0
0
0
0
0
0
0
0
0
0
0
0
0
0
0
0
0
0
0
0
0
0
0
0
0
0
0
0
0
0
0
0
0
0
0
0
0
0
0
0
0
0
0
0
0
0
0
0
0
0
0
0
0
0
