0
0
0
0
0
0
0
0
0
0
51
51
51
51
51
51
51
51
51
51
47
47
47
47
47
47
47
47
47
47
46
46
46
46
46
46
46
46
46
46
47
47
47
47
47
47
47
47
47
47
47
47
47
47
47
47
47
47
47
47
48
48
48
48
48
48
48
48
48
48
48
48
48
48
48
48
48
48
48
48
48
48
48
48
48
48
48
48
48
48
47
47
47
47
47
47
47
47
47
47
46
46
46
46
46
46
46
46
46
46
46
46
46
46
46
46
46
46
46
46
47
47
47
47
47
47
47
47
47
47
47
47
47
47
47
47
47
47
47
47
47
47
47
47
47
47
47
47
47
47
47
47
47
47
47
47
47
47
47
47
47
47
47
47
47
47
47
47
47
47
47
47
47
47
47
47
47
47
47
47
41
41
41
41
41
41
41
41
41
41
43
43
43
43
43
43
43
43
43
43
43
43
43
43
43
43
43
43
43
43
43
43
43
43
43
43
43
43
43
43
44
44
44
44
44
44
44
44
44
44
44
44
44
44
44
44
44
44
44
44
42
42
42
42
42
42
42
42
42
42
42
42
42
42
42
42
42
42
42
42
42
42
42
42
42
42
42
42
42
42
43
43
43
43
43
43
43
43
43
43
43
43
43
43
43
43
43
43
43
43
44
44
44
44
44
44
44
44
44
44
43
43
43
43
43
43
43
43
43
43
39
39
39
39
39
39
39
39
39
39
40
40
40
40
40
40
40
40
40
40
41
41
41
41
41
41
41
41
41
41
41
41
41
41
41
41
41
41
41
41
41
41
41
41
41
41
41
41
41
41
42
42
42
42
42
42
42
42
42
42
38
38
38
38
38
38
38
38
38
38
34
34
34
34
34
34
34
34
34
34
30
30
30
30
30
30
30
30
30
30
32
32
32
32
32
32
32
32
32
32
33
33
33
33
33
33
33
33
33
33
35
35
35
35
35
35
35
35
35
35
36
36
36
36
36
36
36
36
36
36
35
35
35
35
35
35
35
35
35
35
36
36
36
36
36
36
36
36
36
36
41
41
41
41
41
41
41
41
41
41
45
45
45
45
45
45
45
45
45
45
50
50
50
50
50
50
50
50
50
50
49
49
49
49
49
49
49
49
49
49
53
53
53
53
53
53
53
53
53
53
61
61
61
61
61
61
61
61
61
61
69
69
69
69
69
69
69
69
69
69
71
71
71
71
71
71
71
71
71
71
69
69
69
69
69
69
69
69
69
69
67
67
67
67
67
67
67
67
67
67
65
65
65
65
65
65
65
65
65
65
63
63
63
63
63
63
63
63
63
63
62
62
62
62
62
62
62
62
62
62
55
55
55
55
55
55
55
55
55
55
50
50
50
50
50
50
50
50
50
50
45
45
45
45
45
45
45
45
45
45
45
45
45
45
45
45
45
45
45
45
45
45
45
45
45
45
45
45
45
45
44
44
44
44
44
44
44
44
44
44
40
40
40
40
40
40
40
40
40
40
36
36
36
36
36
36
36
36
36
36
37
37
37
37
37
37
37
37
37
37
33
33
33
33
33
33
33
33
33
33
30
30
30
30
30
30
30
30
30
30
31
31
31
31
31
31
31
31
31
31
33
33
33
33
33
33
33
33
33
33
39
39
39
39
39
39
39
39
39
39
48
48
48
48
48
48
48
48
48
48
52
52
52
52
52
52
52
52
52
52
64
64
64
64
64
64
64
64
64
64
71
71
71
71
71
71
71
71
71
71
82
82
82
82
82
82
82
82
82
82
91
91
91
91
91
91
91
91
91
91
95
95
95
95
95
95
95
95
95
95
99
99
99
99
99
99
99
99
99
99
103
103
103
103
103
103
103
103
103
103
105
105
105
105
105
105
105
105
105
105
109
109
109
109
109
109
109
109
109
109
111
111
111
111
111
111
111
111
111
111
109
109
109
109
109
109
109
109
109
109
112
112
112
112
112
112
112
112
112
112
118
118
118
118
118
118
118
118
118
118
123
123
123
123
123
123
123
123
123
123
129
129
129
129
129
129
129
129
129
129
134
134
134
134
134
134
134
134
134
134
136
136
136
136
136
136
136
136
136
136
140
140
140
140
140
140
140
140
140
140
148
148
148
148
148
148
148
148
148
148
159
159
159
159
159
159
159
159
159
159
174
174
174
174
174
174
174
174
174
174
187
187
187
187
187
187
187
187
187
187
195
195
195
195
195
195
195
195
195
195
206
206
206
206
206
206
206
206
206
206
212
212
212
212
212
212
212
212
212
212
216
216
216
216
216
216
216
216
216
216
216
216
216
216
216
216
216
216
216
216
221
221
221
221
221
221
221
221
221
221
222
222
222
222
222
222
222
222
222
222
223
223
223
223
223
223
223
223
223
223
218
218
218
218
218
218
218
218
218
218
218
218
218
218
218
218
218
218
218
218
231
231
231
231
231
231
231
231
231
231
247
247
247
247
247
247
247
247
247
247
258
258
258
258
258
258
258
258
258
258
267
267
267
267
267
267
267
267
267
267
276
276
276
276
276
276
276
276
276
276
279
279
279
279
279
279
279
279
279
279
286
286
286
286
286
286
286
286
286
286
292
292
292
292
292
292
292
292
292
292
299
299
299
299
299
299
299
299
299
299
305
305
305
305
305
305
305
305
305
305
301
301
301
301
301
301
301
301
301
301
298
298
298
298
298
298
298
298
298
298
305
305
305
305
305
305
305
305
305
305
318
318
318
318
318
318
318
318
318
318
336
336
336
336
336
336
336
336
336
336
346
346
346
346
346
346
346
346
346
346
360
360
360
360
360
360
360
360
360
360
377
377
377
377
377
377
377
377
377
377
386
386
386
386
386
386
386
386
386
386
392
392
392
392
392
392
392
392
392
392
392
392
392
392
392
392
392
392
392
392
379
379
379
379
379
379
379
379
379
379
372
372
372
372
372
372
372
372
372
372
374
374
374
374
374
374
374
374
374
374
374
374
374
374
374
374
374
374
374
374
372
372
372
372
372
372
372
372
372
372
365
365
365
365
365
365
365
365
365
365
360
360
360
360
360
360
360
360
360
360
351
351
351
351
351
351
351
351
351
351
343
343
343
343
343
343
343
343
343
343
331
331
331
331
331
331
331
331
331
331
321
321
321
321
321
321
321
321
321
321
312
312
312
312
312
312
312
312
312
312
302
302
302
302
302
302
302
302
302
302
290
290
290
290
290
290
290
290
290
290
287
287
287
287
287
287
287
287
287
287
285
285
285
285
285
285
285
285
285
285
284
284
284
284
284
284
284
284
284
284
272
272
272
272
272
272
272
272
272
272
267
267
267
267
267
267
267
267
267
267
263
263
263
263
263
263
263
263
263
263
259
259
259
259
259
259
259
259
259
259
250
250
250
250
250
250
250
250
250
250
244
244
244
244
244
244
244
244
244
244
237
237
237
237
237
237
237
237
237
237
235
235
235
235
235
235
235
235
235
235
238
238
238
238
238
238
238
238
238
238
240
240
240
240
240
240
240
240
240
240
243
243
243
243
243
243
243
243
243
243
236
236
236
236
236
236
236
236
236
236
225
225
225
225
225
225
225
225
225
225
224
224
224
224
224
224
224
224
224
224
220
220
220
220
220
220
220
220
220
220
212
212
212
212
212
212
212
212
212
212
200
200
200
200
200
200
200
200
200
200
189
189
189
189
189
189
189
189
189
189
183
183
183
183
183
183
183
183
183
183
178
178
178
178
178
178
178
178
178
178
177
177
177
177
177
177
177
177
177
177
172
172
172
172
172
172
172
172
172
172
172
172
172
172
172
172
172
172
172
172
166
166
166
166
166
166
166
166
166
166
163
163
163
163
163
163
163
163
163
163
160
160
160
160
160
160
160
160
160
160
156
156
156
156
156
156
156
156
156
156
150
150
150
150
150
150
150
150
150
150
143
143
143
143
143
143
143
143
143
143
133
133
133
133
133
133
133
133
133
133
126
126
126
126
126
126
126
126
126
126
113
113
113
113
113
113
113
113
113
113
106
106
106
106
106
106
106
106
106
106
100
100
100
100
100
100
100
100
100
100
95
95
95
95
95
95
95
95
95
95
85
85
85
85
85
85
85
85
85
85
77
77
77
77
77
77
77
77
77
77
73
73
73
73
73
73
73
73
73
73
70
70
70
70
70
70
70
70
70
70
69
69
69
69
69
69
69
69
69
69
62
62
62
62
62
62
62
62
62
62
55
55
55
55
55
55
55
55
55
55
55
55
55
55
55
55
55
55
55
55
59
59
59
59
59
59
59
59
59
59
67
67
67
67
67
67
67
67
67
67
74
74
74
74
74
74
74
74
74
74
79
79
79
79
79
79
79
79
79
79
72
72
72
72
72
72
72
72
72
72
64
64
64
64
64
64
64
64
64
64
58
58
58
58
58
58
58
58
58
58
52
52
52
52
52
52
52
52
52
52
47
47
47
47
47
47
47
47
47
47
42
42
42
42
42
42
42
42
42
42
38
38
38
38
38
38
38
38
38
38
34
34
34
34
34
34
34
34
34
34
31
31
31
31
31
31
31
31
31
31
27
27
27
27
27
27
27
27
27
27
25
25
25
25
25
25
25
25
25
25
22
22
22
22
22
22
22
22
22
22
20
20
20
20
20
20
20
20
20
20
18
18
18
18
18
18
18
18
18
18
16
16
16
16
16
16
16
16
16
16
19
19
19
19
19
19
19
19
19
19
26
26
26
26
26
26
26
26
26
26
32
32
32
32
32
32
32
32
32
32
38
38
38
38
38
38
38
38
38
38
43
43
43
43
43
43
43
43
43
43
48
48
48
48
48
48
48
48
48
48
52
52
52
52
52
52
52
52
52
52
56
56
56
56
56
56
56
56
56
56
59
59
59
59
59
59
59
59
59
59
63
63
63
63
63
63
63
63
63
63
65
65
65
65
65
65
65
65
65
65
63
63
63
63
63
63
63
63
63
63
65
65
65
65
65
65
65
65
65
65
62
62
62
62
62
62
62
62
62
62
61
61
61
61
61
61
61
61
61
61
60
60
60
60
60
60
60
60
60
60
59
59
59
59
59
59
59
59
59
59
58
58
58
58
58
58
58
58
58
58
57
57
57
57
57
57
57
57
57
57
55
55
55
55
55
55
55
55
55
55
54
54
54
54
54
54
54
54
54
54
54
54
54
54
54
54
54
54
54
54
52
52
52
52
52
52
52
52
52
52
47
47
47
47
47
47
47
47
47
47
47
47
47
47
47
47
47
47
47
47
47
47
47
47
47
47
47
47
47
47
42
42
42
42
42
42
42
42
42
42
42
42
42
42
42
42
42
42
42
42
38
38
38
38
38
38
38
38
38
38
39
39
39
39
39
39
39
39
39
39
39
39
39
39
39
39
39
39
39
39
44
44
44
44
44
44
44
44
44
44
57
57
57
57
57
57
57
57
57
57
71
71
71
71
71
71
71
71
71
71
76
76
76
76
76
76
76
76
76
76
94
94
94
94
94
94
94
94
94
94
107
107
107
107
107
107
107
107
107
107
114
114
114
114
114
114
114
114
114
114
120
120
120
120
120
120
120
120
120
120
124
124
124
124
124
124
124
124
124
124
124
124
124
124
124
124
124
124
124
124
124
124
124
124
124
124
124
124
124
124
120
120
120
120
120
120
120
120
120
120
113
113
113
113
113
113
113
113
113
113
106
106
106
106
106
106
106
106
106
106
100
100
100
100
100
100
100
100
100
100
95
95
95
95
95
95
95
95
95
95
85
85
85
85
85
85
85
85
85
85
85
85
85
85
85
85
85
85
85
85
102
102
102
102
102
102
102
102
102
102
126
126
126
126
126
126
126
126
126
126
153
153
153
153
153
153
153
153
153
153
173
173
173
173
173
173
173
173
173
173
199
199
199
199
199
199
199
199
199
199
215
215
215
215
215
215
215
215
215
215
236
236
236
236
236
236
236
236
236
236
265
265
265
265
265
265
265
265
265
265
289
289
289
289
289
289
289
289
289
289
318
318
318
318
318
318
318
318
318
318
339
339
339
339
339
339
339
339
339
339
358
358
358
358
358
358
358
358
358
358
374
374
374
374
374
374
374
374
374
374
390
390
390
390
390
390
390
390
390
390
405
405
405
405
405
405
405
405
405
405
405
405
405
405
405
405
405
405
405
405
408
408
408
408
408
408
408
408
408
408
408
408
408
408
408
408
408
408
408
408
403
403
403
403
403
403
403
403
403
403
402
402
402
402
402
402
402
402
402
402
397
397
397
397
397
397
397
397
397
397
391
391
391
391
391
391
391
391
391
391
388
388
388
388
388
388
388
388
388
388
392
392
392
392
392
392
392
392
392
392
393
393
393
393
393
393
393
393
393
393
393
393
393
393
393
393
393
393
393
393
393
393
393
393
393
393
393
393
393
393
384
384
384
384
384
384
384
384
384
384
384
384
384
384
384
384
384
384
384
384
390
390
390
390
390
390
390
390
390
390
403
403
403
403
403
403
403
403
403
403
411
411
411
411
411
411
411
411
411
411
418
418
418
418
418
418
418
418
418
418
425
425
425
425
425
425
425
425
425
425
418
418
418
418
418
418
418
418
418
418
412
412
412
412
412
412
412
412
412
412
407
407
407
407
407
407
407
407
407
407
396
396
396
396
396
396
396
396
396
396
388
388
388
388
388
388
388
388
388
388
377
377
377
377
377
377
377
377
377
377
357
357
357
357
357
357
357
357
357
357
352
352
352
352
352
352
352
352
352
352
343
343
343
343
343
343
343
343
343
343
339
339
339
339
339
339
339
339
339
339
327
327
327
327
327
327
327
327
327
327
313
313
313
313
313
313
313
313
313
313
298
298
298
298
298
298
298
298
298
298
286
286
286
286
286
286
286
286
286
286
275
275
275
275
275
275
275
275
275
275
265
265
265
265
265
265
265
265
265
265
251
251
251
251
251
251
251
251
251
251
235
235
235
235
235
235
235
235
235
235
221
221
221
221
221
221
221
221
221
221
206
206
206
206
206
206
206
206
206
206
190
190
190
190
190
190
190
190
190
190
179
179
179
179
179
179
179
179
179
179
170
170
170
170
170
170
170
170
170
170
157
157
157
157
157
157
157
157
157
157
151
151
151
151
151
151
151
151
151
151
150
150
150
150
150
150
150
150
150
150
149
149
149
149
149
149
149
149
149
149
148
148
148
148
148
148
148
148
148
148
147
147
147
147
147
147
147
147
147
147
141
141
141
141
141
141
141
141
141
141
136
136
136
136
136
136
136
136
136
136
131
131
131
131
131
131
131
131
131
131
127
127
127
127
127
127
127
127
127
127
124
124
124
124
124
124
124
124
124
124
120
120
120
120
120
120
120
120
120
120
110
110
110
110
110
110
110
110
110
110
111
111
111
111
111
111
111
111
111
111
113
113
113
113
113
113
113
113
113
113
111
111
111
111
111
111
111
111
111
111
114
114
114
114
114
114
114
114
114
114
115
115
115
115
115
115
115
115
115
115
112
112
112
112
112
112
112
112
112
112
110
110
110
110
110
110
110
110
110
110
108
108
108
108
108
108
108
108
108
108
110
110
110
110
110
110
110
110
110
110
108
108
108
108
108
108
108
108
108
108
102
102
102
102
102
102
102
102
102
102
92
92
92
92
92
92
92
92
92
92
87
87
87
87
87
87
87
87
87
87
83
83
83
83
83
83
83
83
83
83
83
83
83
83
83
83
83
83
83
83
79
79
79
79
79
79
79
79
79
79
75
75
75
75
75
75
75
75
75
75
73
73
73
73
73
73
73
73
73
73
70
70
70
70
70
70
70
70
70
70
68
68
68
68
68
68
68
68
68
68
66
66
66
66
66
66
66
66
66
66
64
64
64
64
64
64
64
64
64
64
62
62
62
62
62
62
62
62
62
62
56
56
56
56
56
56
56
56
56
56
59
59
59
59
59
59
59
59
59
59
62
62
62
62
62
62
62
62
62
62
64
64
64
64
64
64
64
64
64
64
66
66
66
66
66
66
66
66
66
66
64
64
64
64
64
64
64
64
64
64
62
62
62
62
62
62
62
62
62
62
56
56
56
56
56
56
56
56
56
56
54
54
54
54
54
54
54
54
54
54
53
53
53
53
53
53
53
53
53
53
52
52
52
52
52
52
52
52
52
52
47
47
47
47
47
47
47
47
47
47
42
42
42
42
42
42
42
42
42
42
38
38
38
38
38
38
38
38
38
38
34
34
34
34
34
34
34
34
34
34
30
30
30
30
30
30
30
30
30
30
27
27
27
27
27
27
27
27
27
27
25
25
25
25
25
25
25
25
25
25
22
22
22
22
22
22
22
22
22
22
20
20
20
20
20
20
20
20
20
20
18
18
18
18
18
18
18
18
18
18
16
16
16
16
16
16
16
16
16
16
14
14
14
14
14
14
14
14
14
14
18
18
18
18
18
18
18
18
18
18
24
24
24
24
24
24
24
24
24
24
31
31
31
31
31
31
31
31
31
31
37
37
37
37
37
37
37
37
37
37
42
42
42
42
42
42
42
42
42
42
54
54
54
54
54
54
54
54
54
54
66
66
66
66
66
66
66
66
66
66
73
73
73
73
73
73
73
73
73
73
79
79
79
79
79
79
79
79
79
79
85
85
85
85
85
85
85
85
85
85
90
90
90
90
90
90
90
90
90
90
93
93
93
93
93
93
93
93
93
93
93
93
93
93
93
93
93
93
93
93
92
92
92
92
92
92
92
92
92
92
96
96
96
96
96
96
96
96
96
96
108
108
108
108
108
108
108
108
108
108
115
115
115
115
115
115
115
115
115
115
117
117
117
117
117
117
117
117
117
117
119
119
119
119
119
119
119
119
119
119
120
120
120
120
120
120
120
120
120
120
121
121
121
121
121
121
121
121
121
121
122
122
122
122
122
122
122
122
122
122
127
127
127
127
127
127
127
127
127
127
127
127
127
127
127
127
127
127
127
127
128
128
128
128
128
128
128
128
128
128
154
154
154
154
154
154
154
154
154
154
195
195
195
195
195
195
195
195
195
195
230
230
230
230
230
230
230
230
230
230
267
267
267
267
267
267
267
267
267
267
301
301
301
301
301
301
301
301
301
301
320
320
320
320
320
320
320
320
320
320
340
340
340
340
340
340
340
340
340
340
352
352
352
352
352
352
352
352
352
352
357
357
357
357
357
357
357
357
357
357
356
356
356
356
356
356
356
356
356
356
360
360
360
360
360
360
360
360
360
360
361
361
361
361
361
361
361
361
361
361
377
377
377
377
377
377
377
377
377
377
392
392
392
392
392
392
392
392
392
392
403
403
403
403
403
403
403
403
403
403
397
397
397
397
397
397
397
397
397
397
401
401
401
401
401
401
401
401
401
401
405
405
405
405
405
405
405
405
405
405
404
404
404
404
404
404
404
404
404
404
410
410
410
410
410
410
410
410
410
410
417
417
417
417
417
417
417
417
417
417
415
415
415
415
415
415
415
415
415
415
421
421
421
421
421
421
421
421
421
421
422
422
422
422
422
422
422
422
422
422
423
423
423
423
423
423
423
423
423
423
425
425
425
425
425
425
425
425
425
425
419
419
419
419
419
419
419
419
419
419
412
412
412
412
412
412
412
412
412
412
410
410
410
410
410
410
410
410
410
410
400
400
400
400
400
400
400
400
400
400
382
382
382
382
382
382
382
382
382
382
366
366
366
366
366
366
366
366
366
366
356
356
356
356
356
356
356
356
356
356
355
355
355
355
355
355
355
355
355
355
360
360
360
360
360
360
360
360
360
360
363
363
363
363
363
363
363
363
363
363
366
366
366
366
366
366
366
366
366
366
369
369
369
369
369
369
369
369
369
369
375
375
375
375
375
375
375
375
375
375
371
371
371
371
371
371
371
371
371
371
374
374
374
374
374
374
374
374
374
374
368
368
368
368
368
368
368
368
368
368
361
361
361
361
361
361
361
361
361
361
346
346
346
346
346
346
346
346
346
346
329
329
329
329
329
329
329
329
329
329
317
317
317
317
317
317
317
317
317
317
307
307
307
307
307
307
307
307
307
307
297
297
297
297
297
297
297
297
297
297
286
286
286
286
286
286
286
286
286
286
284
284
284
284
284
284
284
284
284
284
287
287
287
287
287
287
287
287
287
287
285
285
285
285
285
285
285
285
285
285
282
282
282
282
282
282
282
282
282
282
280
280
280
280
280
280
280
280
280
280
265
265
265
265
265
265
265
265
265
265
256
256
256
256
256
256
256
256
256
256
244
244
244
244
244
244
244
244
244
244
233
233
233
233
233
233
233
233
233
233
219
219
219
219
219
219
219
219
219
219
206
206
206
206
206
206
206
206
206
206
194
194
194
194
194
194
194
194
194
194
184
184
184
184
184
184
184
184
184
184
179
179
179
179
179
179
179
179
179
179
174
174
174
174
174
174
174
174
174
174
170
170
170
170
170
170
170
170
170
170
162
162
162
162
162
162
162
162
162
162
159
159
159
159
159
159
159
159
159
159
160
160
160
160
160
160
160
160
160
160
158
158
158
158
158
158
158
158
158
158
159
159
159
159
159
159
159
159
159
159
157
157
157
157
157
157
157
157
157
157
154
154
154
154
154
154
154
154
154
154
151
151
151
151
151
151
151
151
151
151
145
145
145
145
145
145
145
145
145
145
144
144
144
144
144
144
144
144
144
144
142
142
142
142
142
142
142
142
142
142
142
142
142
142
142
142
142
142
142
142
140
140
140
140
140
140
140
140
140
140
135
135
135
135
135
135
135
135
135
135
131
131
131
131
131
131
131
131
131
131
127
127
127
127
127
127
127
127
127
127
131
131
131
131
131
131
131
131
131
131
131
131
131
131
131
131
131
131
131
131
136
136
136
136
136
136
136
136
136
136
136
136
136
136
136
136
136
136
136
136
141
141
141
141
141
141
141
141
141
141
144
144
144
144
144
144
144
144
144
144
142
142
142
142
142
142
142
142
142
142
142
142
142
142
142
142
142
142
142
142
141
141
141
141
141
141
141
141
141
141
139
139
139
139
139
139
139
139
139
139
139
139
139
139
139
139
139
139
139
139
138
138
138
138
138
138
138
138
138
138
137
137
137
137
137
137
137
137
137
137
137
137
137
137
137
137
137
137
137
137
135
135
135
135
135
135
135
135
135
135
136
136
136
136
136
136
136
136
136
136
131
131
131
131
131
131
131
131
131
131
127
127
127
127
127
127
127
127
127
127
128
128
128
128
128
128
128
128
128
128
123
123
123
123
123
123
123
123
123
123
119
119
119
119
119
119
119
119
119
119
116
116
116
116
116
116
116
116
116
116
113
113
113
113
113
113
113
113
113
113
111
111
111
111
111
111
111
111
111
111
109
109
109
109
109
109
109
109
109
109
107
107
107
107
107
107
107
107
107
107
105
105
105
105
105
105
105
105
105
105
103
103
103
103
103
103
103
103
103
103
102
102
102
102
102
102
102
102
102
102
100
100
100
100
100
100
100
100
100
100
103
103
103
103
103
103
103
103
103
103
106
106
106
106
106
106
106
106
106
106
113
113
113
113
113
113
113
113
113
113
120
120
120
120
120
120
120
120
120
120
122
122
122
122
122
122
122
122
122
122
128
128
128
128
128
128
128
128
128
128
133
133
133
133
133
133
133
133
133
133
136
136
136
136
136
136
136
136
136
136
135
135
135
135
135
135
135
135
135
135
143
143
143
143
143
143
143
143
143
143
141
141
141
141
141
141
141
141
141
141
145
145
145
145
145
145
145
145
145
145
152
152
152
152
152
152
152
152
152
152
155
155
155
155
155
155
155
155
155
155
153
153
153
153
153
153
153
153
153
153
151
151
151
151
151
151
151
151
151
151
152
152
152
152
152
152
152
152
152
152
155
155
155
155
155
155
155
155
155
155
156
156
156
156
156
156
156
156
156
156
154
154
154
154
154
154
154
154
154
154
147
147
147
147
147
147
147
147
147
147
140
140
140
140
140
140
140
140
140
140
135
135
135
135
135
135
135
135
135
135
130
130
130
130
130
130
130
130
130
130
133
133
133
133
133
133
133
133
133
133
137
137
137
137
137
137
137
137
137
137
142
142
142
142
142
142
142
142
142
142
157
157
157
157
157
157
157
157
157
157
171
171
171
171
171
171
171
171
171
171
187
187
187
187
187
187
187
187
187
187
216
216
216
216
216
216
216
216
216
216
253
253
253
253
253
253
253
253
253
253
285
285
285
285
285
285
285
285
285
285
322
322
322
322
322
322
322
322
322
322
348
348
348
348
348
348
348
348
348
348
370
370
370
370
370
370
370
370
370
370
389
389
389
389
389
389
389
389
389
389
391
391
391
391
391
391
391
391
391
391
399
399
399
399
399
399
399
399
399
399
402
402
402
402
402
402
402
402
402
402
406
406
406
406
406
406
406
406
406
406
404
404
404
404
404
404
404
404
404
404
400
400
400
400
400
400
400
400
400
400
395
395
395
395
395
395
395
395
395
395
389
389
389
389
389
389
389
389
389
389
377
377
377
377
377
377
377
377
377
377
365
365
365
365
365
365
365
365
365
365
350
350
350
350
350
350
350
350
350
350
329
329
329
329
329
329
329
329
329
329
324
324
324
324
324
324
324
324
324
324
332
332
332
332
332
332
332
332
332
332
347
347
347
347
347
347
347
347
347
347
364
364
364
364
364
364
364
364
364
364
381
381
381
381
381
381
381
381
381
381
392
392
392
392
392
392
392
392
392
392
400
400
400
400
400
400
400
400
400
400
413
413
413
413
413
413
413
413
413
413
423
423
423
423
423
423
423
423
423
423
431
431
431
431
431
431
431
431
431
431
438
438
438
438
438
438
438
438
438
438
429
429
429
429
429
429
429
429
429
429
429
429
429
429
429
429
429
429
429
429
425
425
425
425
425
425
425
425
425
425
414
414
414
414
414
414
414
414
414
414
399
399
399
399
399
399
399
399
399
399
381
381
381
381
381
381
381
381
381
381
361
361
361
361
361
361
361
361
361
361
343
343
343
343
343
343
343
343
343
343
325
325
325
325
325
325
325
325
325
325
314
314
314
314
314
314
314
314
314
314
304
304
304
304
304
304
304
304
304
304
295
295
295
295
295
295
295
295
295
295
279
279
279
279
279
279
279
279
279
279
273
273
273
273
273
273
273
273
273
273
269
269
269
269
269
269
269
269
269
269
259
259
259
259
259
259
259
259
259
259
246
246
246
246
246
246
246
246
246
246
234
234
234
234
234
234
234
234
234
234
224
224
224
224
224
224
224
224
224
224
211
211
211
211
211
211
211
211
211
211
198
198
198
198
198
198
198
198
198
198
188
188
188
188
188
188
188
188
188
188
178
178
178
178
178
178
178
178
178
178
165
165
165
165
165
165
165
165
165
165
157
157
157
157
157
157
157
157
157
157
151
151
151
151
151
151
151
151
151
151
144
144
144
144
144
144
144
144
144
144
134
134
134
134
134
134
134
134
134
134
125
125
125
125
125
125
125
125
125
125
121
121
121
121
121
121
121
121
121
121
118
118
118
118
118
118
118
118
118
118
111
111
111
111
111
111
111
111
111
111
104
104
104
104
104
104
104
104
104
104
97
97
97
97
97
97
97
97
97
97
88
88
88
88
88
88
88
88
88
88
79
79
79
79
79
79
79
79
79
79
76
76
76
76
76
76
76
76
76
76
73
73
73
73
73
73
73
73
73
73
70
70
70
70
70
70
70
70
70
70
68
68
68
68
68
68
68
68
68
68
69
69
69
69
69
69
69
69
69
69
77
77
77
77
77
77
77
77
77
77
88
88
88
88
88
88
88
88
88
88
97
97
97
97
97
97
97
97
97
97
106
106
106
106
106
106
106
106
106
106
112
112
112
112
112
112
112
112
112
112
123
123
123
123
123
123
123
123
123
123
132
132
132
132
132
132
132
132
132
132
140
140
140
140
140
140
140
140
140
140
144
144
144
144
144
144
144
144
144
144
148
148
148
148
148
148
148
148
148
148
151
151
151
151
151
151
151
151
151
151
154
154
154
154
154
154
154
154
154
154
157
157
157
157
157
157
157
157
157
157
159
159
159
159
159
159
159
159
159
159
161
161
161
161
161
161
161
161
161
161
162
162
162
162
162
162
162
162
162
162
159
159
159
159
159
159
159
159
159
159
152
152
152
152
152
152
152
152
152
152
151
151
151
151
151
151
151
151
151
151
148
148
148
148
148
148
148
148
148
148
147
147
147
147
147
147
147
147
147
147
154
154
154
154
154
154
154
154
154
154
154
154
154
154
154
154
154
154
154
154
157
157
157
157
157
157
157
157
157
157
158
158
158
158
158
158
158
158
158
158
159
159
159
159
159
159
159
159
159
159
159
159
159
159
159
159
159
159
159
159
157
157
157
157
157
157
157
157
157
157
154
154
154
154
154
154
154
154
154
154
152
152
152
152
152
152
152
152
152
152
151
151
151
151
151
151
151
151
151
151
149
149
149
149
149
149
149
149
149
149
148
148
148
148
148
148
148
148
148
148
142
142
142
142
142
142
142
142
142
142
137
137
137
137
137
137
137
137
137
137
128
128
128
128
128
128
128
128
128
128
123
123
123
123
123
123
123
123
123
123
119
119
119
119
119
119
119
119
119
119
116
116
116
116
116
116
116
116
116
116
117
117
117
117
117
117
117
117
117
117
118
118
118
118
118
118
118
118
118
118
115
115
115
115
115
115
115
115
115
115
116
116
116
116
116
116
116
116
116
116
122
122
122
122
122
122
122
122
122
122
128
128
128
128
128
128
128
128
128
128
127
127
127
127
127
127
127
127
127
127
126
126
126
126
126
126
126
126
126
126
127
127
127
127
127
127
127
127
127
127
132
132
132
132
132
132
132
132
132
132
132
132
132
132
132
132
132
132
132
132
136
136
136
136
136
136
136
136
136
136
135
135
135
135
135
135
135
135
135
135
139
139
139
139
139
139
139
139
139
139
145
145
145
145
145
145
145
145
145
145
157
157
157
157
157
157
157
157
157
157
173
173
173
173
173
173
173
173
173
173
193
193
193
193
193
193
193
193
193
193
217
217
217
217
217
217
217
217
217
217
235
235
235
235
235
235
235
235
235
235
247
247
247
247
247
247
247
247
247
247
257
257
257
257
257
257
257
257
257
257
266
266
266
266
266
266
266
266
266
266
269
269
269
269
269
269
269
269
269
269
277
277
277
277
277
277
277
277
277
277
285
285
285
285
285
285
285
285
285
285
292
292
292
292
292
292
292
292
292
292
294
294
294
294
294
294
294
294
294
294
294
294
294
294
294
294
294
294
294
294
291
291
291
291
291
291
291
291
291
291
290
290
290
290
290
290
290
290
290
290
283
283
283
283
283
283
283
283
283
283
277
277
277
277
277
277
277
277
277
277
272
272
272
272
272
272
272
272
272
272
285
285
285
285
285
285
285
285
285
285
308
308
308
308
308
308
308
308
308
308
334
334
334
334
334
334
334
334
334
334
344
344
344
344
344
344
344
344
344
344
358
358
358
358
358
358
358
358
358
358
365
365
365
365
365
365
365
365
365
365
373
373
373
373
373
373
373
373
373
373
374
374
374
374
374
374
374
374
374
374
385
385
385
385
385
385
385
385
385
385
387
387
387
387
387
387
387
387
387
387
396
396
396
396
396
396
396
396
396
396
395
395
395
395
395
395
395
395
395
395
392
392
392
392
392
392
392
392
392
392
379
379
379
379
379
379
379
379
379
379
372
372
372
372
372
372
372
372
372
372
372
372
372
372
372
372
372
372
372
372
378
378
378
378
378
378
378
378
378
378
388
388
388
388
388
388
388
388
388
388
388
388
388
388
388
388
388
388
388
388
390
390
390
390
390
390
390
390
390
390
392
392
392
392
392
392
392
392
392
392
392
392
392
392
392
392
392
392
392
392
400
400
400
400
400
400
400
400
400
400
400
400
400
400
400
400
400
400
400
400
395
395
395
395
395
395
395
395
395
395
397
397
397
397
397
397
397
397
397
397
392
392
392
392
392
392
392
392
392
392
386
386
386
386
386
386
386
386
386
386
383
383
383
383
383
383
383
383
383
383
375
375
375
375
375
375
375
375
375
375
363
363
363
363
363
363
363
363
363
363
352
352
352
352
352
352
352
352
352
352
336
336
336
336
336
336
336
336
336
336
320
320
320
320
320
320
320
320
320
320
300
300
300
300
300
300
300
300
300
300
280
280
280
280
280
280
280
280
280
280
266
266
266
266
266
266
266
266
266
266
253
253
253
253
253
253
253
253
253
253
238
238
238
238
238
238
238
238
238
238
223
223
223
223
223
223
223
223
223
223
210
210
210
210
210
210
210
210
210
210
199
199
199
199
199
199
199
199
199
199
192
192
192
192
192
192
192
192
192
192
186
186
186
186
186
186
186
186
186
186
184
184
184
184
184
184
184
184
184
184
179
179
179
179
179
179
179
179
179
179
175
175
175
175
175
175
175
175
175
175
167
167
167
167
167
167
167
167
167
167
160
160
160
160
160
160
160
160
160
160
153
153
153
153
153
153
153
153
153
153
146
146
146
146
146
146
146
146
146
146
140
140
140
140
140
140
140
140
140
140
135
135
135
135
135
135
135
135
135
135
125
125
125
125
125
125
125
125
125
125
118
118
118
118
118
118
118
118
118
118
110
110
110
110
110
110
110
110
110
110
108
108
108
108
108
108
108
108
108
108
101
101
101
101
101
101
101
101
101
101
91
91
91
91
91
91
91
91
91
91
82
82
82
82
82
82
82
82
82
82
78
78
78
78
78
78
78
78
78
78
75
75
75
75
75
75
75
75
75
75
73
73
73
73
73
73
73
73
73
73
70
70
70
70
70
70
70
70
70
70
67
67
67
67
67
67
67
67
67
67
65
65
65
65
65
65
65
65
65
65
63
63
63
63
63
63
63
63
63
63
61
61
61
61
61
61
61
61
61
61
64
64
64
64
64
64
64
64
64
64
61
61
61
61
61
61
61
61
61
61
60
60
60
60
60
60
60
60
60
60
59
59
59
59
59
59
59
59
59
59
57
57
57
57
57
57
57
57
57
57
52
52
52
52
52
52
52
52
52
52
46
46
46
46
46
46
46
46
46
46
47
47
47
47
47
47
47
47
47
47
47
47
47
47
47
47
47
47
47
47
47
47
47
47
47
47
47
47
47
47
46
46
46
46
46
46
46
46
46
46
46
46
46
46
46
46
46
46
46
46
46
46
46
46
46
46
46
46
46
46
46
46
46
46
46
46
46
46
46
46
46
46
46
46
46
46
46
46
46
46
50
50
50
50
50
50
50
50
50
50
54
54
54
54
54
54
54
54
54
54
62
62
62
62
62
62
62
62
62
62
64
64
64
64
64
64
64
64
64
64
67
67
67
67
67
67
67
67
67
67
70
70
70
70
70
70
70
70
70
70
67
67
67
67
67
67
67
67
67
67
65
65
65
65
65
65
65
65
65
65
63
63
63
63
63
63
63
63
63
63
59
59
59
59
59
59
59
59
59
59
58
58
58
58
58
58
58
58
58
58
58
58
58
58
58
58
58
58
58
58
65
65
65
65
65
65
65
65
65
65
68
68
68
68
68
68
68
68
68
68
69
69
69
69
69
69
69
69
69
69
72
72
72
72
72
72
72
72
72
72
69
69
69
69
69
69
69
69
69
69
69
69
69
69
69
69
69
69
69
69
72
72
72
72
72
72
72
72
72
72
74
74
74
74
74
74
74
74
74
74
75
75
75
75
75
75
75
75
75
75
77
77
77
77
77
77
77
77
77
77
78
78
78
78
78
78
78
78
78
78
79
79
79
79
79
79
79
79
79
79
80
80
80
80
80
80
80
80
80
80
76
76
76
76
76
76
76
76
76
76
73
73
73
73
73
73
73
73
73
73
70
70
70
70
70
70
70
70
70
70
68
68
68
68
68
68
68
68
68
68
66
66
66
66
66
66
66
66
66
66
64
64
64
64
64
64
64
64
64
64
63
63
63
63
63
63
63
63
63
63
61
61
61
61
61
61
61
61
61
61
59
59
59
59
59
59
59
59
59
59
63
63
63
63
63
63
63
63
63
63
65
65
65
65
65
65
65
65
65
65
63
63
63
63
63
63
63
63
63
63
62
62
62
62
62
62
62
62
62
62
60
60
60
60
60
60
60
60
60
60
59
59
59
59
59
59
59
59
59
59
58
58
58
58
58
58
58
58
58
58
57
57
57
57
57
57
57
57
57
57
59
59
59
59
59
59
59
59
59
59
66
66
66
66
66
66
66
66
66
66
70
70
70
70
70
70
70
70
70
70
71
71
71
71
71
71
71
71
71
71
71
71
71
71
71
71
71
71
71
71
81
81
81
81
81
81
81
81
81
81
87
87
87
87
87
87
87
87
87
87
91
91
91
91
91
91
91
91
91
91
91
91
91
91
91
91
91
91
91
91
91
91
91
91
91
91
91
91
91
91
91
91
91
91
91
91
91
91
91
91
91
91
91
91
91
91
91
91
91
91
91
91
91
91
91
91
91
91
91
91
91
91
91
91
91
91
91
91
91
91
93
93
93
93
93
93
93
93
93
93
97
97
97
97
97
97
97
97
97
97
96
96
96
96
96
96
96
96
96
96
96
96
96
96
96
96
96
96
96
96
95
95
95
95
95
95
95
95
95
95
94
94
94
94
94
94
94
94
94
94
94
94
94
94
94
94
94
94
94
94
94
94
94
94
94
94
94
94
94
94
91
91
91
91
91
91
91
91
91
91
95
95
95
95
95
95
95
95
95
95
99
99
99
99
99
99
99
99
99
99
100
100
100
100
100
100
100
100
100
100
104
104
104
104
104
104
104
104
104
104
107
107
107
107
107
107
107
107
107
107
110
110
110
110
110
110
110
110
110
110
113
113
113
113
113
113
113
113
113
113
120
120
120
120
120
120
120
120
120
120
126
126
126
126
126
126
126
126
126
126
135
135
135
135
135
135
135
135
135
135
137
137
137
137
137
137
137
137
137
137
142
142
142
142
142
142
142
142
142
142
145
145
145
145
145
145
145
145
145
145
144
144
144
144
144
144
144
144
144
144
143
143
143
143
143
143
143
143
143
143
137
137
137
137
137
137
137
137
137
137
133
133
133
133
133
133
133
133
133
133
132
132
132
132
132
132
132
132
132
132
123
123
123
123
123
123
123
123
123
123
121
121
121
121
121
121
121
121
121
121
124
124
124
124
124
124
124
124
124
124
129
129
129
129
129
129
129
129
129
129
135
135
135
135
135
135
135
135
135
135
144
144
144
144
144
144
144
144
144
144
147
147
147
147
147
147
147
147
147
147
150
150
150
150
150
150
150
150
150
150
144
144
144
144
144
144
144
144
144
144
138
138
138
138
138
138
138
138
138
138
138
138
138
138
138
138
138
138
138
138
142
142
142
142
142
142
142
142
142
142
141
141
141
141
141
141
141
141
141
141
140
140
140
140
140
140
140
140
140
140
139
139
139
139
139
139
139
139
139
139
134
134
134
134
134
134
134
134
134
134
125
125
125
125
125
125
125
125
125
125
121
121
121
121
121
121
121
121
121
121
113
113
113
113
113
113
113
113
113
113
106
106
106
106
106
106
106
106
106
106
100
100
100
100
100
100
100
100
100
100
94
94
94
94
94
94
94
94
94
94
98
98
98
98
98
98
98
98
98
98
97
97
97
97
97
97
97
97
97
97
97
97
97
97
97
97
97
97
97
97
96
96
96
96
96
96
96
96
96
96
95
95
95
95
95
95
95
95
95
95
90
90
90
90
90
90
90
90
90
90
90
90
90
90
90
90
90
90
90
90
94
94
94
94
94
94
94
94
94
94
94
94
94
94
94
94
94
94
94
94
92
92
92
92
92
92
92
92
92
92
92
92
92
92
92
92
92
92
92
92
87
87
87
87
87
87
87
87
87
87
88
88
88
88
88
88
88
88
88
88
88
88
88
88
88
88
88
88
88
88
89
89
89
89
89
89
89
89
89
89
88
88
88
88
88
88
88
88
88
88
84
84
84
84
84
84
84
84
84
84
81
81
81
81
81
81
81
81
81
81
77
77
77
77
77
77
77
77
77
77
74
74
74
74
74
74
74
74
74
74
66
66
66
66
66
66
66
66
66
66
64
64
64
64
64
64
64
64
64
64
62
62
62
62
62
62
62
62
62
62
60
60
60
60
60
60
60
60
60
60
59
59
59
59
59
59
59
59
59
59
57
57
57
57
57
57
57
57
57
57
57
57
57
57
57
57
57
57
57
57
56
56
56
56
56
56
56
56
56
56
55
55
55
55
55
55
55
55
55
55
55
55
55
55
55
55
55
55
55
55
54
54
54
54
54
54
54
54
54
54
63
63
63
63
63
63
63
63
63
63
74
74
74
74
74
74
74
74
74
74
80
80
80
80
80
80
80
80
80
80
86
86
86
86
86
86
86
86
86
86
91
91
91
91
91
91
91
91
91
91
95
95
95
95
95
95
95
95
95
95
99
99
99
99
99
99
99
99
99
99
98
98
98
98
98
98
98
98
98
98
93
93
93
93
93
93
93
93
93
93
93
93
93
93
93
93
93
93
93
93
93
93
93
93
93
93
93
93
93
93
93
93
93
93
93
93
93
93
93
93
93
93
93
93
93
93
93
93
93
93
97
97
97
97
97
97
97
97
97
97
100
100
100
100
100
100
100
100
100
100
103
103
103
103
103
103
103
103
103
103
106
106
106
106
106
106
106
106
106
106
108
108
108
108
108
108
108
108
108
108
107
107
107
107
107
107
107
107
107
107
103
103
103
103
103
103
103
103
103
103
102
102
102
102
102
102
102
102
102
102
96
96
96
96
96
96
96
96
96
96
91
91
91
91
91
91
91
91
91
91
87
87
87
87
87
87
87
87
87
87
85
85
85
85
85
85
85
85
85
85
86
86
86
86
86
86
86
86
86
86
86
86
86
86
86
86
86
86
86
86
83
83
83
83
83
83
83
83
83
83
79
79
79
79
79
79
79
79
79
79
80
80
80
80
80
80
80
80
80
80
85
85
85
85
85
85
85
85
85
85
86
86
86
86
86
86
86
86
86
86
92
92
92
92
92
92
92
92
92
92
95
95
95
95
95
95
95
95
95
95
99
99
99
99
99
99
99
99
99
99
99
99
99
99
99
99
99
99
99
99
97
97
97
97
97
97
97
97
97
97
97
97
97
97
97
97
97
97
97
97
96
96
96
96
96
96
96
96
96
96
96
96
96
96
96
96
96
96
96
96
99
99
99
99
99
99
99
99
99
99
98
98
98
98
98
98
98
98
98
98
97
97
97
97
97
97
97
97
97
97
101
101
101
101
101
101
101
101
101
101
100
100
100
100
100
100
100
100
100
100
94
94
94
94
94
94
94
94
94
94
94
94
94
94
94
94
94
94
94
94
98
98
98
98
98
98
98
98
98
98
102
102
102
102
102
102
102
102
102
102
105
105
105
105
105
105
105
105
105
105
103
103
103
103
103
103
103
103
103
103
97
97
97
97
97
97
97
97
97
97
99
99
99
99
99
99
99
99
99
99
102
102
102
102
102
102
102
102
102
102
101
101
101
101
101
101
101
101
101
101
100
100
100
100
100
100
100
100
100
100
103
103
103
103
103
103
103
103
103
103
106
106
106
106
106
106
106
106
106
106
109
109
109
109
109
109
109
109
109
109
115
115
115
115
115
115
115
115
115
115
117
117
117
117
117
117
117
117
117
117
114
114
114
114
114
114
114
114
114
114
112
112
112
112
112
112
112
112
112
112
113
113
113
113
113
113
113
113
113
113
111
111
111
111
111
111
111
111
111
111
109
109
109
109
109
109
109
109
109
109
112
112
112
112
112
112
112
112
112
112
114
114
114
114
114
114
114
114
114
114
116
116
116
116
116
116
116
116
116
116
117
117
117
117
117
117
117
117
117
117
123
123
123
123
123
123
123
123
123
123
125
125
125
125
125
125
125
125
125
125
126
126
126
126
126
126
126
126
126
126
127
127
127
127
127
127
127
127
127
127
123
123
123
123
123
123
123
123
123
123
120
120
120
120
120
120
120
120
120
120
121
121
121
121
121
121
121
121
121
121
128
128
128
128
128
128
128
128
128
128
142
142
142
142
142
142
142
142
142
142
154
154
154
154
154
154
154
154
154
154
161
161
161
161
161
161
161
161
161
161
168
168
168
168
168
168
168
168
168
168
173
173
173
173
173
173
173
173
173
173
174
174
174
174
174
174
174
174
174
174
175
175
175
175
175
175
175
175
175
175
176
176
176
176
176
176
176
176
176
176
176
176
176
176
176
176
176
176
176
176
185
185
185
185
185
185
185
185
185
185
188
188
188
188
188
188
188
188
188
188
187
187
187
187
187
187
187
187
187
187
186
186
186
186
186
186
186
186
186
186
185
185
185
185
185
185
185
185
185
185
180
180
180
180
180
180
180
180
180
180
175
175
175
175
175
175
175
175
175
175
176
176
176
176
176
176
176
176
176
176
176
176
176
176
176
176
176
176
176
176
172
172
172
172
172
172
172
172
172
172
164
164
164
164
164
164
164
164
164
164
161
161
161
161
161
161
161
161
161
161
162
162
162
162
162
162
162
162
162
162
159
159
159
159
159
159
159
159
159
159
153
153
153
153
153
153
153
153
153
153
151
151
151
151
151
151
151
151
151
151
150
150
150
150
150
150
150
150
150
150
148
148
148
148
148
148
148
148
148
148
146
146
146
146
146
146
146
146
146
146
145
145
145
145
145
145
145
145
145
145
