9.893
0
3.999
34.46
13.46
2.181
2.006
7.84
8.6
8.572
48.6
9.833
0.103
5.63
0
5.6
0
0
2.79
0
5.848
20.75
0
2.171
0
3.228
2.004
0
0.132
1.823
0
0
0
0
0
0
48.95
7.567
0
46.66
9.17
3.476
5.181
0
0.342
5.051
0
0.55
4.136
0
0
0.572
7.971
12.3
0
0.534
6.331
0
1.241
0
5.6
3.745
4.734
0.004
0.681
9.624
7.074
0
0.295
0
0
0
0
9.983
7.864
0
7.627
11.79
0
9.862
1.758
4.084
4.825
0
4.061
9.303
0
9.839
20.94
19.62
37.02
8.289
0
0
0
4.432
23.98
2.424
0
0
1.514
0
0
1.48
7.284
1.15
8.174
3.98
1.664
0
0.371
0
0
2.35
5.58
1.388
0
0
9.39
4.086
0
0.536
0.218
3.751
0.762
2.488
0
0
27.39
0
0
0
3.884
0
44.58
0.324
6.999
0
4.254
0
0
0
0
9.714
5.644
4.226
29.66
0
6.699
0
23.91
3.21
0
41.46
6.457
0
0
3.128
0
0
0
3.782
4.487
0
0
0
0
0
4.402
1.088
0.732
9.159
0
23.14
43.34
8.876
0
0
4.051
0
0
3.797
8.457
0
0
5.568
9.395
0
8.94
7.733
27.54
0
0
3.833
0
0
0
1.419
0.751
0
0
9.924
0.278
0
0
0
0
3.97
8.925
4.794
7.511
0.017
0
1.073
9.135
8.273
1.427
5.743
0
5.033
0
46.72
8.05
0
45.68
2.946
6.423
1.837
8.908
0
8.192
8.435
0
8.417
8.296
0
9.604
0
2.051
7.051
4.497
9.215
9.291
0
0
7.516
7.851
5.705
0.071
42.24
4.1
0
1.122
3.307
0
8.752
0.008
9.944
0
30.14
0
1.238
0
0
0
6.926
0
6.191
1.446
9.585
5.72
0
0
0
56.5
12.49
0
0
2.557
70
49.8
5.527
3.661
0
0
0
0
0
9.191
5.058
0
0
8.253
0
9.513
1.675
1.32
9.068
0.858
2.473
18.62
0
0
7.028
0
0
0
7.493
7.776
7.777
0
25.62
3.833
0
8.725
3.532
2.38
0
0
0
2.863
2.89
0
13.78
4.735
7.868
0
25.6
46.47
0.282
0
0
0
0
6.77
6.575
5.883
0
0
0
0
0
33.66
20.75
0
0
52.74
0
3.682
9.978
2.681
7.024
0
5.972
0
0
6.119
3.775
0
0
32.61
0
0
0
3.438
48.86
0
0
2.62
29.32
0
19.0
8.9
14.14
0
9.066
13.43
0
0
0
2.231
0
0
0
52.25
7.7
9.84
28.69
59.69
9.99
0
40.27
0
5.906
30.12
0
2.297
0
9.885
0
0
1.435
24.09
3.399
0
0
5.838
8.069
9.248
0
9.824
5.277
3.646
4.751
0
0
9.27
0
8.213
0
0
1.649
0
0
9.214
29.91
0.62
4.871
54.26
13.37
0.645
26.9
0
0
7.212
2.338
0
0
0
6.652
6.382
1.724
53.01
36.71
56
5.872
56.38
0.09
9.743
19.05
0.537
8.567
0
9.109
4.95
3.687
50.81
0
0
9.065
3.683
0
0
8.902
0
0.828
0
0
2.624
0
24.32
5.971
0
30.58
53.06
0.361
1.869
0
32.5
0
21.46
0
7.779
8.882
9.968
39.29
2.15
48.96
0
0
8.644
2.29
9.206
0
0
50.39
0.362
0
42.75
5.315
0
0
0
0
9.604
44.17
1.468
40.23
0
3.964
20.63
0
40.14
0
6.502
4.11
7.446
54.24
0
8.775
0
9.05
0
6.88
37.04
0
4.64
5.416
0
0
6.544
0
0
0
8.553
5.621
0
25.47
0
6.473
2.019
21.2
1.336
9.183
0
0
3.758
0
8.432
0
1.325
0
0
17.33
1.85
0
34.58
0
4.266
9.94
7.757
0
0
7.345
0
31.83
6.947
0
8.244
6.535
9.715
0.676
0
5.087
0
0
48.14
6.05
0
59
8.435
8.964
0.024
0
23.94
54
5.914
8.159
4.509
0.141
52.42
0
0
57
56.43
1.306
0
38.71
0
0
1.157
9.381
58.13
9.78
1.028
1.221
8.151
1.145
0
59.82
54.02
0
4.57
31.43
8.959
0
11.92
0
0
3.63
4.373
2.978
4.499
4.343
4.315
0
0
30.33
0
0.564
0
0
0
6.191
0
0
9.937
0
0.995
0
3.99
0
4.181
0
0.565
4.734
0
4.742
4.85
47.98
0
0
0
5.598
35.87
0
45.8
8.024
4.245
0
0
8.094
0
7.054
0.332
5.776
0
5.815
57.62
7.636
58.23
8.3
9.992
0
0.753
0
45.83
0
8.618
0
8.176
0
21.32
0
2.974
2.521
16.38
33.41
36.33
5.675
4.382
8.408
7.143
6.706
22.64
0
8.988
47.28
0.89
0
50.81
0
0
2.328
0
9.326
6.935
0
3.825
0
5.617
0
0
47.27
3.447
57.45
8.78
46.51
29.26
17.12
8.634
8.172
0
0
28.15
7.616
53.14
6.884
0
0
9.134
0
4.343
0
27.97
14.61
41.58
0
0
0.903
34.63
57.92
17.87
0.03
9.172
56.65
0
4.64
5.106
6.242
3.641
42.75
0
0
0.078
2.629
52.64
9.152
50.23
5.088
24.52
0
3.604
0
6.144
5.889
23.18
6.839
0
0
4.504
2.773
45.41
0
6.769
8.05
16.73
7.454
0
6.959
39.22
0
0
7.5
9.87
3.73
0
0
1.767
1.498
1.925
5.478
15.81
0
0
0
0
0
0
48.96
6.856
9.829
48.93
10.08
6.658
2.572
1.528
1.784
57.83
0.66
3.742
50.08
9.542
5.983
3.318
0
2.464
0
40.11
7.992
39.77
2.676
0
5.563
0
21.31
5.307
9.794
8.536
1.043
0
0
0
5.2
0.785
8.56
4.931
5.095
0
8.802
0
8.733
0
5.305
2.735
4.738
0
0
19.64
20.09
0.474
20.43
8.229
53.88
9.015
0
4.134
0
0
0
9.54
0
1.312
0
0
0
5.598
5.763
9.053
4.064
0.28
25.57
4.569
0
38.28
0
0
4.13
0
0
0
1.428
48.16
0
0
2.253
0
5.671
6.156
52.25
0
17.76
0
0
0
0
0
0
41.58
0
35.49
0
0
24.37
4.489
45.54
5.977
0.121
8.746
0.669
9.531
15.41
0
0
46.96
0
0
5.898
0
0
5.161
0
1.087
4.224
15.3
0
0
0
53.0
0
0.605
7.74
0
0
0.499
3.284
9.729
0
7.198
0.669
0
0
0
1.631
0
7.363
0
58.59
0
14.85
0
10.32
0
0
0
7.279
3.683
0.845
5.5
0
20.28
3.373
0
0
0
0
0.795
3.73
0
9.75
8.035
7.659
0
0
2.171
9.443
4.556
0
7.317
46.72
0
1.626
0
26.34
1.238
0
3.64
7.771
0
3.184
0
0
0.411
0
0
1.412
0
47.85
0
0
40.12
0
9.179
0
7.561
0
0
0
27.27
9.644
8.02
2.845
7.326
70.03
51.71
0
0
0
0
0.512
1.67
1.917
5.445
38.59
0
4.199
8.707
5.934
5.098
5.621
8.662
5.26
80.03
0
0
0
49.83
1.756
0
84.99
6.36
4.666
5.006
86.73
89.12
0
0
0
2.522
0
44.63
1.629
12.73
89
29.94
0.378
5.519
8.541
8.136
0
6.516
0
0
38.41
78.19
35.87
1.459
13.37
5.343
2.827
4.36
0
4.89
0
0
1.223
5.344
31.97
8.76
0
0
0
43.76
8.895
1.194
7.856
2.928
0
0
2.111
30.15
4.613
0
0
3.33
8.785
0
0
0
8.123
0.359
0
0
0
67.33
4.074
30.74
0
0.161
0
6.459
2.995
9.835
6.055
9.097
6.673
0
0
52.92
0
7.692
0
0
8.951
9.296
0
5.034
0.38
0
0
45.05
0
0
8.141
50.5
0
40.76
9.377
0
0
0.89
60.31
3.89
0
80.97
70.69
0
0
2.648
6.68
2.229
4.905
15.1
0
97
2.096
71
2.094
1.345
0
41.57
0
50.83
1.36
0
1.852
0
0
4.476
0
8.292
0
8.19
0
0.326
0
39.05
29.16
8.624
14.1
1.34
2.418
23.5
1.447
12.43
40.04
0
8.208
0
0
0
7.484
0
46.74
0
0
4.12
0
0
0.763
0
1.772
0
0
9.831
42.72
0
0
4.768
3.095
0
5.373
0
8.039
47.25
5.188
9.985
0
1.174
3.818
9.491
57.98
0
56.4
0
28.16
42.41
1.079
6.49
83.46
0
0
7.03
0
48.79
0
48.83
13.76
0
5.298
7.443
34.49
59.6
0.656
0
0.152
91
0
8.073
0
6.315
0
6.2
4.292
0
0
0
2.917
5.998
16.5
7.815
0
4.574
0.523
9.676
52.11
6.595
52.7
76.81
0
22.11
1.29
0
0
39.29
84
9.369
0
8.4
0
68.72
6.112
53.56
80.33
7.838
0
0
84.57
5.192
30.89
4.266
0
0
0.957
3.555
0
0
0
5.945
0
18.99
0
0.723
1.27
9.976
18.3
0
0
1.888
0
4.928
8.581
1.4
1.15
88.23
2.439
26.57
0
9.559
5.341
56.68
0
0
0
0
0
63.46
83.76
0
0
53.62
0
0
2.5
44.34
8.87
0
86.6
0
8.362
1.844
0
0
8.626
2.313
5.109
3.533
1.167
28.6
0
0
76.52
0
47.67
7.487
0
0
0
0
0
59.9
94
17.03
28.1
9.092
3.307
0
5.733
8.286
0
4.094
3.537
4.812
0
4.528
13.32
0
60.88
6.043
0
0
0
93
2.227
87.74
12.34
0
1.447
0
1.267
4.3
8.683
0
7.706
0
9.335
54.48
4.715
85.73
7.075
83.04
85
6.378
32.83
3.24
0
0
8.459
0
5.591
4.69
5.886
4.169
0
7.385
62.59
4.898
0
7.825
0
82.01
22.98
35.99
8.876
0
0
0
0
74.4
5.712
0
0
8.512
7.927
0
0
8.829
18.65
59.17
83.81
0
80.72
8.183
6.115
31.43
7.235
0
0
0
0
86.18
76.61
10.63
63.52
8.066
2.86
0
65.54
3.646
7.955
0
33.91
0
0
0
0
95
6.904
0.815
0
0
46.74
0
9.579
8.594
0.843
0.431
3.886
0
0
4.719
86.51
41.62
53.16
62.47
0.361
0
4.487
0
0
5.65
55.73
52.74
0
77.24
0
0
89
0
0
18.45
74
0
16.5
4.578
4.37
4.475
8.312
0
0
0.574
9.185
0
0
14.29
0
0
0.383
0
2.279
0
0
5.656
0
5.041
62.43
0.299
0
0
6.519
3.134
6.24
0.817
0
3.48
1.005
0
0
2.579
0
0
0
65.28
4.056
0
0
0.799
0
8.909
0
91
84.43
0
3.618
5.85
0
83.41
0
0
0.442
4.518
3.822
25.65
0
7.321
1.806
0
0
1.705
0
0
0
0.575
0
2.0
3.534
0
7.745
8.227
0
0
31.9
7.93
2.164
3.657
9.21
0
4.994
2.13
7.02
0
1.122
32.19
5.903
7.586
0.171
0
1.067
0
0.637
13.0
7.633
0
52.99
0
8.024
0
5.704
7.451
0
0
0
0
30.74
51.75
6.768
4.56
26.39
5.834
43.47
0
1.186
0
0
0
0
38.49
0.025
0
52.76
0.51
0
54.05
0
9.952
6.978
77.84
0
1.227
0
4.397
7.155
9.88
5.308
52.23
0
0
0
0
0
0
0
3.44
5.24
6.788
1.098
2.744
72.37
5.8
9.25
5.708
0
36.3
0
9.986
9.808
78.38
38.35
18.62
0
84.26
1.546
9.994
0
0
9.296
2.941
0
3.777
0
0
0
2.293
0
40.57
8.166
52.53
0.901
2.137
6.176
5.007
0
89
3.117
0.931
9.933
1.683
9.27
84.37
0
3.464
0
0.02
94
1.46
1.01
3.145
6.805
35.88
24.63
0
0
86.97
76.68
0
1.874
0
0
0
26.92
3.595
0
30.45
9.15
0
45.08
0
0.642
0
53.29
0
6.346
0
0
0
0
38.89
0
4.717
89.35
9.46
0
0
0
0.602
89.0
0
76.71
8.457
7.067
0.611
6.402
4.992
0.488
6.789
39.34
0
69.43
73.57
9.836
16.38
0
0
0
0.474
0
20.69
3.195
35.5
8.478
0
36.64
26.52
0
0
32.34
0
25.71
30.96
7.802
4.822
7.292
1.944
0
0
0
0
2.552
6.915
8.642
84
8.355
0
8.03
9.673
0.93
0
1.343
2.504
7.817
7.554
8.413
62.68
0
0
74
30.45
0
6.822
5.58
0
39.95
0
0
0
13.33
78.76
9.087
0
4.958
87.09
1.038
4.291
1.698
61.64
5.576
5.163
4.538
0
0
0
3.727
0
4.131
7.81
9.468
6.972
47.49
0
0.759
9.479
0
8.239
4.799
1.287
0
4.927
31.9
9.438
10.03
0.782
0.701
2.743
0
3.61
0
35.84
4.971
0
9.164
0
7.87
0
0
5.736
0
5.79
8.411
9.262
94
6.813
4.338
0
61.35
0
0
9.721
9.044
44.45
9.288
0.09
0
34.97
38.41
4.4
37.97
0.01
7.661
7.506
0
67.12
61.9
87.54
5.995
16.75
13.32
0
13.69
8.818
0
69.44
4.92
7.022
0.627
6.023
4.381
14.53
0
0
6.477
82.5
0
0.042
5.543
0
0
0
9.133
0
1.687
0
2.393
3.451
0
9.716
0
42.48
0
7.428
6.772
1.115
2.127
0
2.395
2.304
9.693
0
6.191
0
0
58.25
0
44.36
9.286
0
85.04
0
1.507
66.09
0
82.82
15.01
17.35
0
0
9.445
45.14
0
37.75
0
10.89
0
16.41
5.573
43.52
0.184
4.727
7.311
5.614
0
0
51.7
0
22.34
1.887
51.18
61.33
74
0
5.561
5.343
0
9.95
9.968
76.57
84.24
16.19
9.682
43.59
5.43
0
13.59
9.453
0
5.095
0.962
30.46
8.606
0
10.06
1.733
1.995
4.633
0
0.565
0
9.737
0
1.885
5.442
87.67
76
0.045
1.581
8.994
0
6.921
1.485
50.77
0
4.668
77.64
14.9
0
0
1.011
0
0
3.502
49.3
2.852
4.448
2.867
1.048
72
76
0
44.76
72.55
0
0.81
4.182
19.68
1.094
39.72
7.892
0
0
7.52
0
1.214
0
1.3
3.97
0
0
6.23
75.12
0
0
0
2.176
22.85
0
28.98
14.5
0
0
0
2.52
4.933
0
13.21
59.59
0
0
18.96
0
4.03
0
4.376
78.04
0
6.023
2.846
40.81
75.12
0
6.378
0
31.7
4.987
4.985
4.564
79.83
0
1.764
9.603
4.455
62.41
7.099
6.607
0
24.21
67.92
0
0
7.308
4.56
3.388
0
0
0
9.621
17.06
0.719
0
0.957
15.52
0
3.827
1.591
0
65.71
0
0
0
0
0
0.392
6.513
0
0
86.94
0
0
22.75
0
0
60.79
0
2.734
0
69.08
47.48
9.25
0
6.268
0
0
6.268
0
78.87
0
75.89
10.33
0
43.63
9.113
0
3.99
5.974
0
34.01
6.69
0
1.684
14.51
0
0
0
0
0
61.8
0
39.35
0
1.11
82.69
7.748
9.722
5.429
14.09
33.9
7.016
9.52
4.774
7.334
0
0
3.712
60.36
3.24
8.182
0.188
0
0
8.705
9.166
56.68
4.968
70.97
29.5
5.43
0
0
0
0
12.87
0
37.13
0
0
36.16
9.035
0
0
78.39
0
7.587
4.901
0
9.903
2.386
8.463
0
0
0
0
88.32
6.728
0
1.447
0
5.916
0
0
0
0
0
18.54
9.671
70.42
74.19
0
149
70.54
10.78
146
2.866
0
4.01
3.797
29.06
3.654
0
6.409
65.1
1.115
0
0.908
0
92.55
17.98
1.822
4.497
0
86.88
97.25
0
0
8.06
0
0
1.926
9.451
0
116.23
3.128
62.91
6.538
0
7.691
2.055
0
0
5.156
0
104.56
84.98
105.59
0
1.39
0
152
4.599
0
114.09
4.114
0
22.24
0
7.353
0
89.89
0
0
0
53.52
37.65
0
66.05
110.04
0
28.16
10.73
5.74
0
5.975
9.681
0
0
56.93
58.09
0
0
0.739
72.25
75.05
0
0
6.136
0
89.74
6.771
6.656
7.925
0
0.428
124
9.327
43.04
113.92
118.28
0
0
4.581
0
2.206
0
0
57.89
0
0
0
8.477
5.457
5.187
4.832
0
82.74
0
5.926
13.2
0
6.549
4.227
2.638
0
102.24
66.12
9.967
1.892
0.893
14.24
0
6.545
118.56
0
0
98.4
96.96
107.83
6.783
16.53
9.918
6.225
0
5.932
0
0
0
0
4.436
72.01
0
2.72
0
5.846
0
9.798
1.66
6.364
21.23
0
99.35
118.59
102.01
9.129
62.98
66.93
9.703
3.866
0
4.685
60.73
3.512
0.318
4.084
112.08
0
9.878
0.717
13.73
3.516
125
2.611
26.97
108.61
0
0.812
69.28
49.7
102.23
6.596
2.566
87.67
0
5.315
0
0.466
3.052
7.72
7.761
0
5.945
101.99
0
0
60.62
0
9.827
0
0
1.113
66.88
0
68.09
110.54
8.671
0
0
0
2.87
42.69
0
0
0
19.12
4.694
0
120
15.48
5.567
0
0
0
5.494
9.863
0
62.16
107.26
0
32.76
113.48
5.269
0
0
0
0
0
38.49
0
70.5
0
26.26
0
0
2.172
0
101.72
1.602
8.83
0
108.53
0
0.201
61.35
0
4.35
6.289
94.52
8.146
0
17.11
21.26
0
0
8.099
0
106.47
2.962
3.271
0
0
6.543
0.715
1.265
77.69
141
6.135
0
0
9.647
2.06
0
0
9.446
116.98
0
43.15
0
7.91
89.91
0
0
88.32
4.292
59.23
8.152
2.795
0
5.591
78.21
5.275
91.87
41.17
54.17
0
0
63.8
0
7.93
2.13
0
0
0
4.653
0
2.394
0
0.712
113.52
0
62.56
20.04
0
0
6.211
1.37
0
2.422
0.559
24.38
17.19
41.12
1.491
15.61
7.355
117.44
91.11
1.869
9.431
0
0
6.833
101.61
0
108.55
0
70.01
9.945
0
9.804
0.625
0
35.66
0
6.835
0
88.84
0
1.366
107.38
32.93
4.904
2.157
0.626
48.91
0
0
0
26.66
9.438
4.481
0
0
106.93
9.988
2.823
3.665
3.63
2.71
6.083
8.745
0
5.03
3.044
0
91.76
0
6.689
0
0
25.93
1.655
6.848
0
0.505
86.54
70.51
90.84
74.98
9.655
9.7
91.6
90.3
119.63
8.625
0
0
5.884
2.036
30.91
0
5.201
5.233
0
2.958
12.6
110.94
13.33
0.308
8.165
9.071
49.5
0
0
0
104.77
0
0
8.738
0
111.69
6.896
0.548
0
0
61.94
0
0
0
0
50.5
5.6
0.186
4.04
66.33
115.23
19.23
8.704
0
6.23
0
3.402
0
4.437
5.14
78.6
0
140
9.54
43.23
64.69
6.827
78.58
81.51
0
5.478
0
62.9
0
0
0
3.636
1.058
96.27
0
15.61
0
91.32
113.4
0
61.7
0
0
0
9.295
108.94
32.51
0
3.525
0
53.21
7.064
1.219
0
4.507
0
0
6.094
0.645
38.17
0.283
3.999
76.24
0
91.86
0
3.04
9.587
4.141
0
1.24
9.965
0
0
88.42
0
0
69.75
0
5.504
21.15
8.884
1.408
65.56
7.945
102.92
0
0
55.22
91
79.66
7.846
0
4.382
0.46
9.501
34.21
0
8.98
0.331
6.314
0.572
0
4.313
0
0
0
0
113.74
6.321
4.185
91.98
90.57
110.79
0
9.859
4.644
7.509
7.11
0
6.577
0
9.107
5.922
0
0.318
3.464
0
0
28.37
3.671
0
7.89
0
7.605
0
103.22
0
78.5
8.101
0
8.294
4.013
8.806
2.66
110.91
109.29
2.466
38.46
0
2.419
73.73
1.498
4.088
2.471
4.573
4.923
69.19
0
0
34.55
95.97
0
85.54
3.492
2.25
85.46
0
0.276
0.132
9.287
0
0
3.943
3.548
115.36
106.31
0
92.01
28.89
28.71
110.72
38.28
0
7.448
8.293
1.518
0
0
2.979
111
6.765
8.588
2.975
0
0
7.608
0
5.905
0
0.012
0
20.42
0
88.62
119.81
41.31
0
55.03
4.277
4.501
8.638
0
3.077
2.54
9.635
70.2
91.69
0.427
5.406
4.123
0
6.585
0
0
3.81
71.74
7.849
76.83
0.461
0
97
94.88
0.981
112.97
46.97
0
0.171
0
106.94
5.141
1.147
104.87
43.41
2.28
0.909
0.21
0
9.217
121
0.819
9.882
3.755
6.632
1.032
1.476
73.2
0
0
0
38.53
0
0
0
4.303
0
68.84
96.69
4.778
0
0
0
51.91
6.896
52.58
0.702
0
6.57
0
4.882
0
4.575
95.81
93.04
4.7
91.48
0.618
4.08
0.806
0
80
1.789
0
3.324
0
0
108.5
0
2.668
76.4
0
0
0
0
0
30.33
18.5
17.97
0.34
32.48
0
66.48
24.39
6.237
54.57
63.77
0
90.07
91.91
28.72
7.744
8.993
109.66
0
0
0
8.294
2.054
7.415
0
0.823
91.49
0
0
8.99
84.28
50.39
9.763
59.77
0
0
2.435
7.734
5.359
0
0
67.28
0
50.08
76.09
0
7.42
0
0
47.8
8.014
2.76
0
6.952
0
27.6
0
1.794
0
0
77.35
6.728
4.46
2.62
8.366
16.89
76.54
0
14.47
9.79
0
0.325
0
0
48.78
0
20.97
0
3.544
0
6.73
0
9.379
93.88
6.901
4.16
16.16
2.487
4.529
0
0
0
9.447
0
94.89
33.72
8.479
6.142
0
58.95
69.53
0
0.896
4.65
111.1
6.36
0
114.9
69.67
72.03
28.07
2.171
6.308
26.29
16.45
0.095
148
108.95
5.807
2.074
0
0
68.61
1.153
0
78.46
9.332
102.47
0
0
39.81
0
138
113.5
30.54
12.58
0
112.63
0
0
104.88
0
0.476
0
0
0
31.05
93.49
5.621
0
0
97.56
75.66
108.38
10.87
119.6
2.328
14.73
3.628
90.74
0
1.171
7.929
2.73
9.184
0
39.95
44.46
3.788
3.757
8.813
7.675
8.426
8.904
8.657
40.77
77.08
5.427
0.77
5.726
0
3.53
0
0
0
2.43
0
103.42
70.16
4.532
2.787
0
0
0
27.88
2.39
8.998
6.957
0
99.62
0
0
5.859
6.046
0
0
102.14
2.077
0
0
0
0
0.372
0
100.31
0.481
0
0
91.79
0
0
0
2.964
0
70.86
0
0
112.85
46.95
0
114.66
5.732
0.07
89.25
0
59.97
42.26
8.099
0
77.21
59.02
108.09
5.038
7.04
69.65
4.912
78.32
0
0
6.178
0
0
3.478
9.963
0
0
1.084
118.74
0
53.06
0
75.87
6.857
9.558
40.43
5.376
1.56
0
0
59.0
0
0
2.486
0
9.67
100.15
0
0
7.118
7.194
0
0
18.53
0
5.104
1.465
0
0
77.84
109.34
7.11
96.84
4.381
68.36
4.466
6.81
38.94
4.787
0
0
7.574
7.757
14.5
0
0
0
0
5.39
0
4.08
4.363
0
6.422
3.031
0
1.911
0
0
0
0
0
0
49.68
0
2.57
0
0
6.663
0
8.989
50.79
17.92
4.297
0
6.647
5.034
77.27
0
88.33
0
0
33.15
0
8.101
0.754
0
1.31
0
0.681
1.964
155
9.668
72.61
0
45.54
0
54.73
84.64
0
12.82
7.605
2.988
1.995
1.948
0
3.647
0
8.026
8.624
6.82
0
0
0
0
21.73
9.721
0
62.78
1.207
3.463
4.381
0
4.765
7.561
0
0
0.462
4.816
0
26.0
5.726
5.923
1.143
0
7.44
0
0
0.885
2.372
6.637
3.602
8.796
0
4.187
0
0
0
4.178
0
70.83
8.79
6.24
9.009
0
8.47
103.85
0
3.413
0
6.484
44.29
5.584
9.62
0.578
111.9
0
131
34.33
51.49
2.67
1.857
0
56.44
7.3
0
3.415
0.783
0
0
97.1
0
49.78
9.618
2.094
0
0
19.95
95.37
0
6.87
0
0
0
0
0
0
0
4.365
9.15
88.36
5.004
4.376
102.73
0
12.06
91
8.5
7.239
0
0
0
48.88
9.621
87.22
10.9
0
102.24
0
5.57
0
95.62
0
0
108.61
74.74
61.14
1.711
0
0
2.17
98.81
0
0
108.04
0
0
113.27
2.254
0.312
0
0
4.245
0
0.809
5.713
0
0.295
4.411
8.862
2.749
102.7
117
0
117.72
1.201
91.8
5.284
0
9.74
112.72
0
0
0
0
0
9.826
0
84.97
0
0
41.68
0
4.917
68.7
45.02
24.14
75.19
0.868
72.56
55.62
1.111
2.948
20.64
0.013
2.066
0
2.679
66.25
0
0
8.89
38.52
3.236
110.48
0
1.567
0
0
58.52
5.46
17.52
0
11.03
9.0
39.47
2.787
0
42.1
1.192
0
0.966
122
0
0
0
0
55.08
27.48
6.74
3.943
29.54
117.3
0
81.47
0
0
33.86
9.825
38.38
0
0
0
0
0
4.454
0
0.929
37.23
0
0
0
0
1.61
4.81
83.32
6.198
104.82
47.22
4.026
5.397
0.263
0
50.05
90.96
0
0
0
9.26
1.35
2.427
1.279
0
4.787
100.52
0
0
0
0
2.01
71.64
107.7
74.71
92.5
10.72
115.56
15.45
1.466
0
0.019
5.829
7.588
4.168
0
70.22
0
4.221
0
3.76
2.169
0
4.321
67.99
0
18.87
0
0
0
0
0
1.995
0
1.076
42.07
0
7.282
0
8.617
0
1.501
0
2.791
0
0
3.186
51.89
1.943
0
1.297
0
0
9.945
0
34.48
0
37.56
5.842
5.113
9.841
0
8.56
0
0
0
1.835
9.483
0
6.322
0
35.6
0
8.977
9.959
0
0
0
0.565
6.866
1.08
3.101
1.292
8.089
0
4.05
0
9.501
9.701
0
6.863
7.721
0
0
6.119
0
0
0
0
0
3.353
0
9.429
5.381
3.128
5.864
73.71
0
15.27
4.879
42.23
9.547
36.8
3.693
28.07
4.781
25.11
9.988
0
3.087
8.271
0
0
0
0
76.05
1.79
8.493
0
1.466
0
57.42
1.017
0
0
0
48.49
5.432
19.92
0
0
9.485
0
1.298
1.66
0
0
0
0
1.236
54.36
6.374
0
4.444
2.192
0
0.562
0
2.235
0
48.45
0
0
0
8.137
0
0
1.122
9.844
1.046
0
8.103
0.239
0
2.066
7.772
7.718
2.3
4.345
0
0
0
8.059
0
6.781
36.38
20.96
0
4.148
6.738
0
0
3.804
0
6.659
4.244
0
0
0
5.664
5.176
4.423
0
69.57
6.498
0
8.986
7.491
4.081
43.14
0
54.21
0.92
4.979
0
4.892
1.382
9.945
33.8
62.55
46.24
2.195
0
49.67
3.094
0
8.756
0
0
5.658
0
28.07
0
9.412
0
0
3.249
6.035
9.262
3.829
0
1.739
0
0
4.776
0
0
7.667
9.798
66.78
70.99
0.248
4.754
0
9.221
7.693
0
0
0
5.326
6.808
8.031
4.027
0
6.881
2.142
19.35
40.19
9.252
68.75
0
1.709
0
0
0
0
3.901
0
0
1.633
0
11.27
8.811
0
8.674
0
41.83
2.329
0
22.56
11.36
4.616
7.289
73.08
0
1.618
0
63.11
9.814
0
1.428
0
6.453
0
0
36.47
5.307
4.7
8.844
0
9.699
0
0
53.8
0
0
9.341
0
7.88
0
0
0
6.567
9.162
0
0
0
5.062
44.33
7.486
7.831
33.89
6.222
58.85
0
29.83
69.93
19.77
0
0
48.75
52.64
0
4.415
9.034
0
0
6.719
0
0
46.27
7.102
41.82
0
17.36
31.72
0
0.923
3.618
7.182
0.707
0
6.71
0
7.84
2.178
0
69.79
70.38
0
4.297
1.185
6.384
0
9.371
2.363
5.461
75.6
66.61
7.111
0.427
2.706
0
4.066
0
0
0
0
1.626
0
47.1
8.074
1.831
5.522
0.213
0
0
4.084
1.289
3.7
4.308
8.882
0
6.53
56.19
4.514
5.31
19.64
0
31.03
60.32
0
4.445
8.061
4.451
74.74
0
8.104
12.73
0
1.182
36.08
0
52.83
0
6.409
1.348
0
0
0
0
2.128
0
6.854
0
0
1.446
0
6.594
0
0
0
0
0
6.923
0
9.736
9.26
41.84
7.824
6.036
0
0
7.296
6.552
36.37
3.172
9.804
4.27
0
0
0
0
7.032
0
9.027
2.565
0
0.524
0
9.174
3.081
8.162
9.62
0.57
4.766
61.12
0
8.695
0.789
0
7.082
0
2.581
76.21
8.293
0
7.66
0
8.637
4.301
0
1.321
0
74.67
0
0
4.198
0
0
2.379
8.516
13.73
6.612
0
4.553
3.809
45.63
0
0
0.393
6.92
0
0.024
1.87
0
0
0.244
3.693
0
0.429
52.85
6.931
70.97
0.359
8.631
0
67.57
8.699
0
0
0.12
8.939
0.696
0
0
2.052
0.224
0.395
0
0
65.09
0
54.73
0
0.297
11.87
7.873
0
0
12.83
0
0
3.447
3.003
0
0
0
0
0
1.359
61.73
37.94
6.431
1.222
0
0
0
0
5.047
22.75
0
0
0
30.13
21.71
2.86
9.555
0
9.994
0
8.094
3.299
0
8.667
37.92
46.44
2.495
2.865
0
5.667
20.85
0.941
0
3.629
7.052
18.24
0
0
1.756
4.954
9.133
0
8.481
3.895
3.211
0
42.81
0
7.205
1.579
0
0
53.3
0
0
0
2.49
0
0
0.058
0
0
0
74.27
6.923
6.052
4.224
0
0
35.17
7.589
0
0
0
0
0
0.244
9.086
8.091
0.498
8.123
5.77
0
5.945
6.345
2.551
0
25.93
0
0
0
7.699
0
8.837
0
0
1.862
5.944
0
0
0
5.998
5.18
9.963
4.322
6.904
68.49
4.852
0.092
0
8.386
0
3.105
15.27
0.194
6.532
0
1.121
0
0.54
51.52
0.81
0
0
63.22
3.917
9.646
0
0
71.79
0
0
49.21
0.447
74.72
1.714
4.475
1.847
11.93
3.264
3.976
8.175
0
37.5
8.585
0
0
4.21
8.549
0
2.447
71.82
4.585
4.863
0
7.978
1.005
3.344
0
0
5.157
69.35
0
0
0.654
1.759
0
5.741
0
7.663
0.504
0
9.854
0
6.083
0
7.3
0
0
0
0
0
0
0
74.7
7.432
32.7
7.164
0
9.771
1.529
0
3.913
0
0
0
7.595
0
5.885
2.733
8.736
0
69.03
63.27
9.554
0
0
0
0
1.536
4.911
0
0
0.498
0
0
21.46
0
48.95
7.153
68.48
0
76.88
0
46.3
9.51
0
0
8.317
0
6.922
0
46.1
8.869
55.94
0
0
0
2.7
0
16.85
6.349
5.224
0
0
0
0.309
0
9.19
0
0
0
0
0
0.425
7.455
0
8.58
0
0
24.22
18.05
0
6.375
4.825
0
4.956
37.83
0
2.304
0
6.995
2.698
26.5
0
0
0
9.424
0
9.599
5.485
2.036
0
0.778
0
45.04
0
6.462
0
24.45
0
7.948
2.212
8.953
41.36
2.631
0
5.295
0
5.395
0
5.449
8.886
0
0
8.09
0
0
5.966
9.544
0
9.264
0
2.085
2.659
0
0
45.11
0
0
0
0
0
0
4.221
0
0
4.635
0
33.28
0
8.926
0
1.015
2.979
0
0
46.18
8.578
3.215
4.483
9.611
4.622
0
0
20.73
0
9.158
1.301
3.836
0
0
7.541
1.833
2.827
0
8.535
9.05
0
0.002
6.339
3.306
0
3.658
19.17
6.7
3.681
0
0
7.567
1.439
0
7.018
2.076
0
5.096
0.974
0
8.626
0
0
0.235
21.97
42.71
8.552
0
0
0
5.558
31.35
5.439
6.95
1.033
9.31
4.302
18.91
4.014
0
0
6.883
47.79
38.74
7.25
9.031
0
0
6.766
0.487
0
0
8.193
0
0
6.469
7.978
1.719
0
0
0
0
0
0
1.141
0
0
0.64
4.29
5.963
0
0
1.102
4.413
9.285
0
0
41.12
0
0
3.674
0
2.952
8.719
4.562
5.111
0
4.151
0
0
0
3.737
6.456
3.881
0.581
17.93
0.527
0
0
0
7.679
0
9.065
0
33.35
0
0
5.327
0
0
17.12
3.679
6.992
7.512
0.334
7.3
0
3.281
9.443
0
7.594
0
0
5.984
0
0
0
0
0
0
0
34.52
2.082
9.8
0
9.699
0
24.14
3.937
8.483
1.61
9.626
2.027
0
0
0
0
0
7.88
7.165
0
49.54
0
7.728
0
6.35
0
9.059
0
9.095
5.182
7.054
6.552
0
1.937
0
0
3.088
0
6.462
0
0
0
0
4.75
0
5.825
3.317
0
0
5.44
0.264
0
6.062
5.569
0
39.71
6.636
4.102
18.68
0
5.016
0
0
0
5.957
0
0
4.573
