37.75
0
18.555
0
35.01
8.799
7.255
20.44
0
18.77
6.418
14.09
0
9.61
0
0
0
0
27.43
18.157
4.83
0
3.908
18.84
0
0
8.082
0
6.81
18.767
0
7.291
0
0
0
0
0
0
0
17.644
0
9.267
19.45
13.969
0
2.643
8.007
8.407
19.559
28.41
8.956
0
0
0
0
0
0
0
6.798
0
48.58
0
4.43
0
0
19.061
48.93
0
0
19.97
0
6.422
14.911
5.487
8.51
33.86
0
16.048
0
15.579
0
0
0
0
0
0
0
0
8.653
0
0
30.74
0
15.083
0
16.023
23.77
0
18.765
0
39.35
6.61
0
0
6.421
0
0
13.487
0
0
43.53
11.95
5.928
0
0
7.72
14.919
0
10.801
43.62
0
0.041
0
0
0
18.918
0
6.232
16.408
13.95
0
0
36.86
28.44
0
0
8.156
0
10.33
2.854
0
0
0
10.74
3.058
11.9
17.14
0
17.895
0
32.05
10.832
3.689
31.25
17.394
13.92
0
14.37
0
0
13.671
0
0
16.146
17.129
1.536
8.923
0
18.04
0
3.487
14.74
25.2
0
0
0
0
5.43
47.62
10.19
16.542
49.85
0
12.83
0
13.329
1.186
0
0
0
11.714
0
7.183
0
3.278
26.97
0
0
0
13.522
48.92
0.852
19.669
0
0
0
0.623
0
4.06
7.709
19.26
14.813
8.447
2.632
16.666
18.271
16.681
8.602
0
0
0
0
0
0
0
2.917
0
0
7.88
0
0
0
20.69
0
48.61
12.333
0
8.012
9.332
0
11.782
0
37.64
18.419
0
0
0
54
26.66
0
0
66.09
0
47.62
68
0
40.7
14.015
0
79
7.23
0
0
0
0
61.06
62.32
0
0
10.898
5.993
0
2.75
0
0
2.406
14.835
1.252
0
11.273
0
0
0
0
0
8.495
0
0
0
69.73
0
0
0
11.225
15.738
0
0
0
11.91
0
0
6.715
0
0
0
6.809
16.011
0
0
0
0
0
0
0
0
19.13
0
10.205
0
9.416
19.974
7.184
27.39
0
0
0.445
10.032
0
7.59
3.55
13.253
0.859
0
0
0
0
10.974
0
0
0
10.289
0
10.82
16.414
11.726
4.172
0
14.389
0
66.7
0
0
1.759
0
11.625
7.363
0
0
0
0
0
12.143
18.202
13.651
0
11.525
0
8.706
0
9.496
5.463
3.962
0
0
49.09
0
14.468
1.636
17.61
0
0
0
40.34
48.07
0
0
29.13
3.037
0
51.88
0
61.07
0
0
59.88
63.84
0
7.647
0
10.599
2.718
54.34
0
0
6.58
4.813
18.653
66.14
0
0
15.92
0
0
0
4.997
53.46
7.8
64.77
0
27.92
69.67
0
0
0
0
56.56
59.78
8.118
0
46.62
11.098
0
0
0
7.474
10.206
69
8.123
12.275
13.18
0
25.23
16.182
6.195
77
6.614
0
0
1.16
0
0
0
0
17.86
0
0
5.563
0
62
0
0
2.447
23.52
0
0
0
67.91
0
0.686
14.636
0
0
31.54
49.27
0
0
0
8.92
0
4.955
0
0
11.467
4.02
31.08
10.413
1.623
14.735
14.75
4.312
62.24
0
0
0
2.67
0
5.82
0
0
6.3
0
0
39.87
0
64.0
0
42.12
0
0
12.089
0
12.435
0
48.94
19.548
0
0
0
14.64
17.126
6.53
0
18.55
0
0
0
0
1.43
40.27
0
0
16.638
8.588
11.699
75
0
0
10.35
10.19
45.08
19.513
0.85
59.81
19.736
2.169
0
0
37.4
0
0
9.4
0
0
0
5.367
68.56
19.669
31.77
0
50.29
17.875
0
0
18.725
0
63.45
12.649
13.4
19.785
22.45
0
12.96
0
46.78
25.88
28.31
0.01
10.77
0
11.55
1.84
58.81
0
0
34.54
3.98
45.83
18.31
0
0.627
0
59.18
15.93
0
11.543
0
14.134
12.759
0
0
0
0
28.03
53.0
0
6.161
60.96
0
15.51
65
16.197
0
15.03
52
0
0
0
0
1.29
0
0
0
0
18.889
0
0
17.64
12.083
0
9.519
0
4.206
0
0
15.877
0
0
0
12.323
0
0
0
13.24
48.05
11.031
15.638
0
0
1.959
0
0
7.074
0.547
0
2.97
0
0
15.11
3.616
0
14.971
2.559
18.416
0
17.803
0
18.913
7.648
17.23
4.842
35.53
12.858
4.574
13.278
28.89
65.32
11.165
23.02
3.34
9.806
18.667
7.237
0
4.575
0
5.35
3.278
0
0
0
0
9.417
16.143
0
1.959
7.724
6.764
0
0
7.053
0
7.57
0
16.222
0
0
0
0
6.857
11.601
0
27.08
0
19.768
0
0
0
6.183
10.87
65.25
16.892
66.38
0
19.005
0
11.898
8.799
0.174
0
3.654
16.382
65.3
7.501
0
15.104
14.363
14.796
12.393
3.54
15.593
2.311
6.645
37.58
9.42
0
0
38.7
11.741
0
4.961
16.037
0
0
24.16
0
8.491
11.625
0
4.87
0
11.303
19.205
25.31
0
19.476
49.28
0
11.796
0
20.84
8.261
0
55.88
2.379
39.53
0
0
0
4.589
11.69
0
7.528
0
12.612
0
13.557
0
11.435
22.44
0
69
0
0
22.26
15.003
0
18.96
0
0
38.16
6.986
0
14.255
0
0
0
0
14.578
11.251
8.208
0
16.588
0
6.694
9.462
17.828
0
42.64
21.11
11.98
36.35
0
0
16.926
6.057
3.912
6.02
56.07
3.58
12.305
12.828
0
18.467
0
20.52
0
0
6.985
0
7.249
0
5.975
0
26.62
0
5.229
2.637
8.35
7.564
0
9.77
15.247
0
0
2.317
30.1
0
0
54
52.37
63.4
15.696
3.449
0
0
0
0
0
20.52
5.278
4.56
0
7.182
34.77
0
67.45
66
0
0
75
0
0
66.48
9.198
0
0
11.68
7.503
0
23.7
70
0
39.96
53.89
0
35.56
14.482
0
0
28.47
62.57
30.67
3.485
28.89
12.704
0
4.155
14.782
1.324
0
7.813
0
0
6.673
1.853
48.18
0
18.584
0
0
0.87
30.31
0
0
16.921
9.752
7.113
0
10.025
13.159
17.123
34.87
0
0
0
0
1.805
0.018
0
0
14.92
1.009
1.308
0
0
56.62
0
0
6.664
41.37
1.128
7.757
0
13.833
0
13.015
11.808
4.621
1.97
24.03
0
0
0
0
5.916
0
5.14
0
0
5.604
0
16.834
0
6.801
5.127
0
10.32
0
0
2.54
0
0
54.46
63.7
0
0
0
0
0
0
14.47
0
0
0
5.664
66.07
9.64
50.53
0
18.04
26.77
0
19.063
0
17.745
9.606
2.396
0
0
0
118
0
0
0
40.17
0
0
3.439
12.439
42.19
73.81
0
59.71
35.24
0
84.96
0
0
0
0
0
12.06
81.36
6.842
46.64
9.54
0
58.71
7.261
85.93
12.079
8.714
0
0
0
0
2.377
0
12.178
9.396
22.43
0
0
1.197
0
0
0
0
0
2.53
12.9
0
0
10.547
0
0
15.781
17.048
0
0
0
0.78
15.152
67.18
2.424
29.19
9.22
0
0
0
64.57
0.609
11.63
1.108
82.48
0
16.892
3.055
0
0
0
0
0
0
14.071
16.58
12.172
0
16.942
19.785
8.31
43.23
0
52.81
27.74
11.999
33.37
9.519
0
0
79.4
9.932
11.778
0
0
0
12.71
63.91
8.133
17.608
29.76
0
8.227
0
60.96
76.88
4.602
0
11.252
5.537
0
14.336
6.366
0
0
7.215
0
14.9
67.86
19.589
10.116
0
0
33.88
4.742
0
0
2.91
0
0
7.068
16.181
73.57
11.861
15.074
12.302
16.865
0
2.31
15.003
3.072
0
0
13.755
14.955
0
64.24
0
0
0
48.8
0
0
0
0
7.381
0
76
0
0
0
0
51.98
0
0.969
7.238
9.895
0
0
7.218
10.973
0
0
54.9
0
34.35
13.712
0
12.027
61.78
0
0
0
19.91
9.875
15.912
0.403
12.92
20.09
17.66
9.152
9.405
0
0.956
41.93
7.27
0
0
0
0
0
0
0
0
10.1
3.76
4.605
0
61.39
10.756
0
0
0
4.506
0
9.674
0
7.164
9.997
19.65
0
0.802
47.96
0
0
0
8.228
3.223
19.393
77.0
5.233
6.879
1.56
0
0
0
13.384
0
0
36.19
0
39.33
0
0
3.667
0
13.88
13.196
8.351
0
0
113
0
86.03
7.952
0
35.82
84.13
0
66.58
0
48.96
81.11
5.433
0
11.203
0
0
16.302
0
35.66
0
0
0
0
0
32.93
8.118
0
80
11.979
0
53.95
0
74.7
11.69
5.87
0
4.68
2.984
1.54
83.32
81.71
0
0
11.051
0
39.44
0
104
12.549
0
13.68
9.234
69.05
0
45.92
5.096
10.728
89.52
0
0
6.744
2.73
0
57.18
0
11.23
29.87
5.707
0
65.16
7.517
0
13.211
52.33
0
9.488
0
3.115
0
18.859
0
0
0
8.989
13.538
18.54
15.063
6.695
0
0
0
0
0
9.07
0
18.548
0
0
0
0
77.43
7.862
0
16.28
0
0
10.783
0
19.356
0
56.02
0
15.679
2.02
0
0
0
0
6.96
0
73.3
8.668
57.22
0
56.72
0
18.763
80.54
9.22
0.437
13.99
0
3.906
14.715
0
61.21
12.099
0
14.106
0
13.286
0
1.346
26.29
18.38
12.557
7.332
9.532
0
0
0
5.79
5.592
73.2
23.56
84.64
70.28
0
4.481
12.131
47.98
0
13.723
82.53
0
4.632
0
0
0
0
17.84
0
89.05
13.849
15.784
0
86.18
12.293
0
48.66
14.159
0
70.92
8.253
10.844
0.121
5.081
15.138
18.197
0
0
105
0
0
87.9
7.824
0
0
0
14.27
0
40.75
0
35.71
75.26
2.282
0
4.062
8.564
77.91
19.126
0
0
11.724
6.239
0
0
3.254
17.549
78.27
22.45
0
0
0
126
2.864
0
0
44.93
0
0
15.325
34.28
1.791
0
5.336
0
0
52.71
0
0
3.53
0.72
65.11
0
10.709
0
0
16.602
0
13.402
19.932
2.714
82.71
0
15.241
40.89
60.08
8.822
0
65.01
0
2.95
87.72
47.71
17.325
0
0
75.13
15.29
9.229
32.98
0
0
0
67.03
9.73
0
42.77
0
13.05
71.54
27.53
2.187
14.038
0
13.797
15.29
5.759
58.99
65.52
48.44
2.893
0
27.26
0
11.701
4.47
84.01
1.069
0
0
0
73.68
0
0
19.834
0
0
28.46
0
14.692
0
83.39
125
0
15.019
75.67
0
0
59.19
5.187
4.54
55.34
12.818
1.086
49.71
0
0
0
5.128
7.418
7.284
15.368
0
0
6.221
0
16.168
0
9.681
0
0
71.23
0
0
0
4.941
2.806
16.203
18.18
0
0
0
15.513
10.094
0
0
6.95
0
3.47
2.387
0
11.95
62.03
15.891
82.03
35.54
3.933
0
15.29
0
14.22
0
0
4.188
12.089
0
74.61
0.67
99
0
0
0
0
0
0
78.19
0
0
0
54.08
60.32
0
0
14.525
27.5
3.169
14.611
0
28.63
0
81.76
13.67
37.0
0
11.838
16.632
0
0
0
0
0
0
0
21.28
0
4.098
0.501
6.638
0
61.43
0
14.374
27.64
0
80.1
0
14.997
0
0
11.623
0
91
0
2.108
0
16.941
22.47
51.82
13.402
0
14.14
0
12.234
0
0
71.41
9.356
46.95
0
5.665
0
19.782
0
0
0
0
0
0
59.11
0
0
78.12
54.43
0
0
73
33.8
16.58
3.52
8.653
0
6.177
0
18.77
6.741
0
14.481
15.336
7.882
0
19.131
16.513
1.635
0
3.823
0
15.885
1.418
0
0
12.91
0
16.245
0
0.108
18.274
84
87.04
5.55
0
2.626
0
17.81
6.331
20.44
0
6.23
0
0
3.291
86.95
48.34
13.348
5.907
8.67
4.786
3.54
0
0
12.285
18.828
21.39
19.861
0
14.021
0
7.47
0
7.216
0
87.01
0
15.02
66.52
0
0
17.439
0
0
0
0
0
0
1.839
75.32
55.0
0
29.41
24.84
0
0
89.51
15.925
31.79
0
70
7.231
0
23.46
0
0
0
4.125
0
0
0
14.324
6.47
0
43.85
5.977
1.68
0
0
0
13.821
7.064
27.19
1.17
3.272
0
8.151
3.84
0
0
9.364
0
0
0
0
7.292
16.484
9.73
6.132
2.861
0
16.835
2.348
0
48.06
69.11
0
0
34.98
0
8.129
0
0
10.174
10.513
23.36
32.5
0
0
8.578
9.261
76.97
0
0
36.99
55.41
0
6.71
0
7.94
0
0
0
15.841
0
55.08
0
10.857
0
8.322
40.9
38.14
0
3.218
18.886
54.65
8.575
15.27
0
0
76.41
0
0
62.98
51.2
13.579
9.368
26.77
64.45
0
14.42
0
0
12.032
15.581
0
0
12.307
24.12
0
15.751
61.49
0
8.825
0
0
0
93
2.86
13.985
67.34
16.65
29.48
0
0
5.593
0
39.2
5.341
0
0
0.424
0
18.381
79.62
0
13.938
0
0
0
52.95
6.082
0
0
10.587
59.56
45.48
7.441
0
0
29.97
6.491
0.265
3.89
0
0
0
0.989
0
0
0
0
2.817
0
0.026
22.31
0
0
73.86
13.622
86.23
0
6.747
1.29
4.325
0
0
0
15.306
0
0
0
19.723
0
1.698
81.52
121
14.515
2.939
0
81.54
0
0
0
0
0
1.175
19.493
0
0
0
0
14.601
0
2.89
0
9.792
0
67.06
6.777
0
0
53.78
0
11.712
74.13
116
0
0
0
9.812
0
4.61
14.92
6.988
0
11.71
0
82.19
0
0
25.57
4.262
62.56
0
10.316
0
11.92
0
0
0
0
0
1.001
15.27
0
13.579
0
0
11.407
22.88
0
17.442
0
0
0
71.49
19.542
0
0
55.72
0
0
0
0
15.961
18.799
9.433
68.64
16.079
14.17
73.9
7.073
14.952
0
0
0
62.65
0
13.633
0
12.547
13.919
0
0.273
67.26
0
57.81
0
0
0
77
6.21
0
50.62
0
0
0
11.124
128
0
5.543
82
0
48.79
0
0
0
0
0
4.789
14.136
0
21.99
0
3.66
0
0
33.5
6.42
0.277
0
15.74
86.21
0
0
57.63
13.563
19.521
43.1
97
16.622
44.96
0
0.114
24.82
0
60.65
0
0.392
82.66
35.44
76.99
47.51
76.63
9.499
0
0
0
0
0.04
0
0
18.628
0
0
0
43.69
0
0
14.091
3.396
4.528
9.761
65.93
4.188
84
70.3
3.098
2.341
0
0
0
80
33.56
65.97
0
14.959
19.256
1.681
0
14.842
1.394
0
0
72.39
0
5.443
0
0
17.761
0
1.171
0
0
53.07
0
15.969
9.514
0
0
0
63.0
67.29
17.912
15.578
0
68.33
1.595
15.287
1.596
0
1.58
0
19.307
43.17
63.32
0
0
19.28
0
79.14
80.48
4.864
0
0
86.4
0
0
0
0
26.45
0
28.22
0
17.14
184
0
0
0
0
24.52
3.035
14.82
0
0
0
78.62
8.727
22.21
94.56
84.28
93.51
1.52
0
15.196
27.64
0
6.6
10.779
0
0
115.03
7.23
0
6.598
98.67
0
82.37
0
0
66.67
0
0
0
0
0
117.39
53.4
122.23
120.74
6.49
0
0
79.25
0
91.93
44.57
8.336
121.81
11.022
10.418
16.67
80.46
0
4.438
79.27
0
10.853
1.142
33.25
128
10.454
7.271
0
0
18.041
156
71.66
12.261
0
19.52
50.98
4.27
80.3
80.87
0
0
8.985
72.88
0
106.95
106.31
0
0
0
0
0
15.719
0
1.2
61.11
0
11.157
0
17.63
7.936
0
0.619
101.7
0
11.59
15.197
15.489
0
0
31.99
0
7.637
0
0
0
39.86
3.705
113.77
0
0
0
0
0
0.151
10.063
55.2
0
0
0
0
14.85
100.28
0
27.33
14.634
5.667
0
19.907
0
0
0
15.681
97.34
84.65
0
0
7.5
0
0
0
15.983
0
0
44.63
42.19
31.65
18.866
107.4
10.843
0
0
0
6.915
0
86.33
6.481
68.67
0
117.58
0
117.28
60.56
0
18.097
123.51
100.72
0
1.204
0
94.16
14.779
9.387
8.127
0
0
0
78.5
0
0
44.25
68.03
30.6
9.759
34.61
12.132
0
0
84.35
0
0
2.193
99.62
9.848
24.85
12.39
0
35.23
0
56.25
109.31
0
3.188
12.735
104.32
20.08
0
4.03
11.84
16.854
0
97.0
0
0
86.37
66.51
13.501
16.37
0
0
26.5
0
0
90
13.959
0
18.04
3.662
8.019
5.342
0
0
94
18.949
43.64
0
8.119
0
6.169
162
12.998
89.79
52.57
7.924
32.42
4.72
0
58.71
13.594
118.95
50.0
10.989
0
9.0
0
15.161
0
3.976
0
86.73
15.994
0
0
54.84
0
14.612
11.641
0
133
0
0
0
0
0
18.72
111.95
8.299
87.36
24.06
123.58
58.22
0
0
66.01
0
27.07
17.556
0
17.503
0
83.26
2.76
71.59
116.89
105.97
34.8
0
16.35
0
0
16.263
0
102.48
54.78
115.88
7.028
0
97.9
0
0
118.13
63.54
10.6
0
0
13.937
0
0
2.993
27.79
60.74
19.559
0
0
0
19.376
62.84
34.82
0
90.82
64.1
0
0
73.77
119.58
0
5.262
0
0
18.29
5.505
1.58
0
16.478
121.43
16.344
11.187
11.375
0
14.857
62.25
0
0
0
0
0
0
0
98.93
0
0
0
0
0
2.895
0
0
0
95.96
0
0
0
0
1.82
12.7
0
18.342
59.09
30.12
7.993
0
0
0
0
10.26
5.038
82.05
112.51
16.84
12.888
14.442
0
0
97.01
26.47
0
0
3.937
0
0
0
2.997
0
3.936
18.489
0
0
0
10.494
0
0
0
0
0
14.367
69.78
1.55
7.46
14.187
107.43
150
0.668
111.5
4.71
0
52.44
0
13.032
19.51
0
0
5.666
8.723
0
0
0
0
0
8.24
12.35
99.1
0
119.22
0
80.82
0
0
18.04
7.281
43.35
5.18
5.692
18.203
85.77
11.397
0
0
61.24
64.57
0
0
3.012
0
0
100.72
0
15.551
92
0
0
96.48
0
0
0
19.934
54.13
52.9
10.747
22.82
0
0
14.327
0
16.85
16.548
11.9
0
0
103.08
10.06
0
77.51
86.78
15.945
44.33
0
0
11.321
15.833
0
15.926
17.38
0
0.459
15.88
18.123
52.42
0
0
0
14.953
17.4
3.294
0.59
21.21
0
0
0
11.777
0
18.246
119.7
0
11.58
0
86
123.57
0
11.263
0
0
15.875
0
2.172
30.41
2.944
0
0
0.1
0
2.145
0
19.054
104
69.81
29.68
14.44
7.464
0
17.578
8.497
0
1.74
0.043
52.43
0
89.36
0
12.142
104.48
0.27
0
21.54
0
10.089
0
0
37.55
86.49
64.55
1.715
124.44
0
0
5.0
55.5
8.608
103.47
0
0
0
124.13
0
0
7.395
0
0
5.682
0
0
0
0.315
13.128
0
0
17.68
16.708
0
71.84
39.45
19.34
0
101
14.33
116.72
98.78
93.33
8.382
26.09
19.785
2.066
18.91
4.095
0
86.92
0
0
0
9.005
0
83
25.93
0
95.0
9.06
0
42.08
7.48
1.516
0
0
15.505
146
0
0
0
0
72.51
49.89
0
52.68
18.145
15.181
0
0
67.31
7.78
0
85.75
0
30.53
0
0
0
10.852
19.177
27.56
18.715
13.795
0
0
22.66
86.63
0
76.64
0
0
4.043
10.205
32.55
3.788
0
0
10.444
0
0.955
0
15.625
4.127
64.49
11.528
0
0
0
62.56
11.169
0
80.92
0
6.387
0
27.71
0
3.96
55.1
44.23
97.91
0.321
0
60.8
5.69
63.91
8.104
61.71
7.905
0
0
81.48
0
103.1
0
0
0
0
16.625
0
1.578
48.22
46.68
32.4
0
0
94.69
8.51
0
0
0
14.946
77.07
29.61
16.633
12.066
112.59
78.28
4.66
0
2.135
32.57
70.77
19.032
9.708
9.078
0
14.449
0
18.57
77.61
0
0
66.31
6.96
0
0
0
82
4.034
2.393
0
109.12
1.98
111.1
11.89
79.17
0
0
0
14.025
0
0
13.149
18.823
0
0
19.1
87.29
0
147
146
0
0
14.77
0
3.172
82.89
0
0
0
0
28.18
79.88
70.45
0
47.6
92
0
0
0
9.74
0
0
12.353
92.0
0
10.329
77.94
0
0
0
0
7.814
0
11.54
0
0.235
0
93
11.88
0
12.831
3.951
13.219
104.04
0
14.245
68.77
63.51
14.33
0
0
15.463
113.16
0
0
0
0
17.308
2.714
0
0
0
0
1.368
22.91
13.11
179
86.84
39.33
10.059
0
0
0
0
14.92
93.19
134
16.539
105
100.31
1.838
0
16.685
3.609
124.3
16.56
0
19.164
14.52
62.24
0
19.695
16.658
104
0
120.58
7.31
0
0
0
4.013
0
0
0
18.957
0
0
2.89
89.68
0
0
0
0
0
18.708
4.663
34.97
0
0
0
0
2.05
9.792
84.76
1.61
16.685
104.35
0
0
0
0
0
105.83
79.71
0
0
29.74
0
0
0
0
123.2
0
104
7.279
58.11
10.035
12.265
0
0
124.58
14.499
0
36.75
4.955
5.454
0
15.02
6.507
0
15.224
0
0
66.93
86.4
28.76
116.26
90.67
126
13.442
8.234
112.81
115.19
17.494
0
3.329
48.33
0
0
6.982
8.227
0
0
0
0
0
0.028
16.18
51.46
85.58
0
117.26
0
38.93
24.21
12.262
4.698
0
0
89.28
0
0
18.802
85.29
0
88.91
0
0
0
17.658
0
18.268
47.85
65.79
19.39
62.63
74.03
17.562
5.533
0
3.658
61.74
3.49
131
0
0
1.812
95.53
16.529
0
15.48
0
11.567
0
116.51
0
0
115.77
62.8
14.142
0
4.925
13.378
3.543
0
0
89.98
0
6.583
4.507
15.783
0
18.657
101.02
113.24
59.11
0
0
0
0
31.38
0
0
119.56
87.98
0
0
61.09
0
0
11.45
0
0
72.28
34.87
0
0
0
2.277
93.7
15.662
124
0
0
42.09
0
78.88
0
0
0
0
52.7
3.52
0
13.129
121.75
7.733
0
0
29.27
67.65
0
0
79.45
9.766
13.359
0
0
14.666
18.192
81.98
93.04
0
95.91
13.822
19.457
51.38
0
4.306
0
12.407
0
47.05
66.57
0.557
8.17
162
0
0
7.236
3.585
2.267
13.564
0
3.157
4.99
0
88.06
0
13.762
55.82
0
0
63.12
36.88
0
14.573
0
10.327
7.186
0
6.454
89.93
10.887
0
0
0
0
0
38.29
0
17.906
0
0
0
0
104.9
0
97
1.063
44.75
2.757
8.447
112
0
0
15.488
0
16.119
91.0
1.219
116.71
0
0
71.37
7.48
101.04
6.328
6.008
35.52
0
22.89
40.57
11.935
8.955
0.688
53.4
19.313
0
0
14.374
0
11.927
0
74.43
68.06
0
0
0
8.404
11.236
0.228
0
19.212
0
14.383
0
0
0
25.16
95.76
0
0
0
114.08
4.258
0
19.08
4.725
9.226
8.772
0
4.298
55.17
17.34
0
19.61
95
0
0
86.43
9.02
108.72
2.394
0
97.19
19.24
0
0
0
15.602
12.633
12.824
6.928
4.122
10.156
64.48
1.116
0
0
0
78.11
9.272
0
41.88
99.45
99.36
0
7.926
0
0
61.77
69.52
0
18.215
0
52.34
0
51.14
15.057
0.895
16.678
0
15.072
81.61
5.522
86.49
0
0
0
7.46
12.711
0
40.4
0
13.756
0
0
0
0
104.91
14.672
0
0
0
0
0
0
0
0.415
0
22.14
0
17.379
12.803
0
2.218
4.472
7.734
5.075
79.32
12.984
0
18.923
8.715
0
0
118.34
0
0
91.92
0
0
0
18.975
0
0
47.4
0
124.46
5.333
0
0.356
117.75
0
0.556
0
0
12.767
111.57
15.608
30.35
2.213
0
0
0
103.97
186
63.9
62.57
18.674
20.69
0
80.57
5.344
114.15
6.42
61.91
0
9.769
0
119.01
0
13.999
12.766
10.999
0
71.48
53.77
0
30.18
0
94.48
0
0
19.039
0
0
0.666
0
0
0
8.744
0
17.963
19.829
0
0
0
0
0
0
0
0
12.519
12.955
0
0
0
68.61
19.838
5.26
0
0
7.905
16.972
0
32.23
64.53
0
5.445
0
0
19.153
17.697
0
81.93
6.171
11.242
87.87
0
66.06
0
0
0
23.69
0
2.232
0.671
0
0
20.97
10.621
5.377
13.69
0
14.04
13.136
0
12.676
0
13.997
0.324
17.232
0
16.633
4.506
0
2.597
0
0
19.499
14.787
7.441
0
77.52
0
0
41.31
6.007
0
42.46
0
0
0
12.82
16.082
77.1
0
0
0
0
25.34
87.04
0
8.102
44.32
0
0
0
9.525
0
0
12.695
0
0
67.96
62.9
5.702
0
0
8.528
56.46
0
0.889
0
0
0
13.298
0
0
0
7.78
0
31.59
0
0
0
0
0
0
0
0
0
11.618
7.957
4.769
13.796
1.909
0
73.71
15.91
45.91
0
0
0
0
0
10.343
0
2.986
0
0
43.86
0
0.58
18.611
0
0
68.27
4.656
5.57
0
19.448
6.626
10.484
19.664
0
17.575
0
0
0
19.921
7.483
0
7.467
0
0
76.74
0
0
0
70.85
0
0
7.106
19.748
0
0
0
0
0
16.932
0
0
84.16
0
0
75.04
0
11.545
0
0
0
0
1.618
0
78.41
15.293
9.02
0
7.131
0
2.856
0
19.801
0
0
38.87
0
0
0
14.735
0
9.102
16.699
8.245
4.72
0
0
3.092
10.753
0
0
4.752
0
38.57
0
2.604
0
0
16.827
0
0
2.538
0
0
4.228
0
0
0
0
0
0
0
0
14.259
0
0
0
0
0
0
0
0
0
79.05
5.821
8.708
17.884
0
16.916
74.93
13.521
0
5.908
0
12.14
12.3
48.18
0
0
44.04
0.371
0
0
71.64
0
49.11
0
15.465
0
13.796
16.19
59.17
11.57
0
0
0
10.914
50.09
0
0.302
0
0
0
62.67
0
56.35
39.86
17.986
0.798
13.62
0
4.513
38.74
65.24
0
0
0
5.07
0
0
0
3.94
0
0
0
9.18
0
3.382
10.065
55.2
65.57
4.96
17.93
0
0
0
0
31.45
16.224
0
24.36
0
0
0
50.3
0
0
0
3.944
0
18.535
0
17.31
0
8.753
0
0
10.941
16.8
5.275
0
40.8
71.65
0
0
0
0
0
0
0
14.647
0
17.512
0
0
0
0
0
0
0
0
0
0
0
74.56
0
3.679
5.47
24.65
0
19.697
5.423
0
0
0
0
0
5.044
79.79
0
61.56
9.801
17.305
83.29
0
10.53
0
0
0
0
0
0
0
0
0
0
2.926
0
0
0.726
0
12.77
48.57
15.201
0
0
0
75.7
14.838
0
0
0
0
0
14.15
10.509
18.407
0
0
4.388
33.62
0
4.323
0
28.31
34.42
0
73.0
17.784
44.62
5.288
3.036
3.958
22.44
0
5.575
16.06
8.109
0
9.18
0
53.97
22.95
4.116
0
0
57.8
12.643
0
17.602
37.58
0
67.34
72.38
0
0
84.21
1.42
29.13
0
0
11.062
13.623
0
0
0
6.826
6.889
0
1.395
67.68
10.354
78.4
41.01
7.114
5.57
11.247
0
65.6
19.864
0
0
0
10.2
0
0
0
55.37
0
0
13.289
9.814
13.559
18.352
2.092
0
0
14.987
0
27.73
19.66
58.36
14.319
1.264
3.0
5.568
16.016
18.452
0
0
0
42.81
12.52
0
0
56.67
15.688
0
17.985
0
0
8.631
2.613
0
0
48.66
19.97
0
61.63
0
0
18.875
0
0
0
6.934
0
3.985
0
0
3.394
0.466
45.69
0
0
49.03
0
0
0
0
64.23
18.026
5.834
0
0
0
43.16
15.089
7.063
0
0
0
15.85
0
0
0.578
29.84
0
24.45
0
0
0
0
12.552
0
0
12.448
1.057
14.894
8.971
3.743
1.566
19.788
17.668
17.691
0
0
0
0
6.523
4.166
0
0
0
0
0
0
13.921
87.12
15.323
0
69.47
0
0
11.161
0
13.969
83.68
81.19
0
0
7.263
0
0
78.6
4.904
0
18.362
0
0
0
7.65
54.66
5.413
0
71.49
0
0
0
14.31
0
19.925
0
12.431
15.126
0
16.053
0
12.29
0
2.99
0
69.89
16.165
0
0
0
3.804
0
81.75
0
19.172
72.47
0.599
0
1.889
0
10.41
4.311
0
18.876
0
0
15.955
19.254
0
0
0
9.062
16.385
0
12.243
0
0
0
85.86
62.86
0
0
0
16.921
0
0
0
0
0
19.492
0
16.409
0
5.704
0
9.886
1.402
11.863
0
0
0
0
14.06
45.52
0
0
0
3.334
44.2
0
0
1.14
17.459
70.28
31.1
40.98
13.366
5.416
0
0
0
12.503
0
36.38
0
17.88
0
0
0
2.179
66.93
0
0
3.027
0
62.8
2.802
0
0
15.304
0
0
0
0
40.4
0
10.694
0
0
0.012
0
4.217
11.025
16.546
0
0
0
0
0
13.794
10.43
0
0
0
0
17.359
2.355
14.887
17.806
8.751
15.98
10.782
0
9.704
0
0
0
0
0
0
0
0
38.93
9.689
0
18.709
0
0
0
5.971
0
16.184
13.247
0
0
0
0
12.9
3.509
0
15.717
0
0
4.74
0
0
0
0
8.797
0
35.09
1.456
0
12.885
0
12.164
0
45.81
44.6
0
12.776
0
0
0
43.67
0
12.22
0
0
27.38
0
18.114
0
0
8.065
18.662
4.884
6.019
27.94
0
0
0
9.317
0
4.312
0
6.85
0
15.951
11.184
0
0
43.52
0
9.092
11.88
0
16.421
0
0
13.494
27.99
0
15.825
0
44.26
0
13.234
0
0
0
0
9.535
0
0
0
15.996
26.48
13.945
0
0
0
0
19.167
0
0
0
0
0
0
0
0
4.14
0
0
38.21
0
0
0
0
49.89
0
15.097
7.61
0
0
10.803
0
19.17
14.317
31.27
0
0
11.756
14.934
11.929
3.151
0
0
17.94
9.534
2.099
0
6.157
0
0
0
0
43.6
0
6.62
0
10.309
15.15
0
46.36
0
14.208
0
0
0
0
0
0
42.57
2.9
0
1.443
0.33
0
13.421
0
6.932
0
0
10.19
0
0
0
2.154
35.16
0
0
2.341
44.1
14.301
12.44
35.51
24.66
0
18.878
0
13.79
18.011
0
5.634
3.0
0
0
0
0
41.42
0
0
7.943
0
13.194
8.171
0
0
34.16
0
18.467
0
6.646
13.6
0
15.508
9.32
0
0
0
0
0
15.65
47.35
5.761
0
15.91
0
0
0
0
2.703
18.184
18.538
0
0
9.274
4.349
0
16.697
0
0
5.726
0
8.04
7.548
2.354
0
0
12.592
19.343
0
4.76
43.49
44.94
0
18.842
0
0
9.383
42.55
0
46.82
19.723
2.377
16.105
0
0
47.09
0
17.205
0
2.778
9.094
0
0
11.657
17.04
0
0
16.467
0
0
0
0
0
0
0
0
0
0
5.102
0
0
0
0
0
0
0
