0
10.023
0
0
12.59
8.474
6.589
15.792
0
0.976
0
3.802
9.042
12.97
0.731
1.606
0
4.7
15.245
14.434
8.37
2.87
11.482
0
10.348
0
0
2.276
57.13
0
26.11
10.681
22.88
0
18.636
0
9.154
0
0
0
0.965
0
21.12
0
26.94
0
0
30.97
7.429
0
8.602
14.636
0
6.056
0
8.278
18.415
45.32
0
0.061
9.238
0
49.88
47.75
0
11.6
30.55
16.703
11.086
15.536
18.814
7.366
45.07
0
10.446
0
0
5.62
11.657
7.14
0
0
6.152
8.464
6.483
6.644
10.51
15.78
11.008
2.97
0
32.59
0
0
0
0
14.658
0
19.052
5.717
19.237
3.38
18.922
0
0
0
10.169
0
0
0
11.972
11.42
8.443
0
24.79
17.243
6.081
0
0
0
0
12.483
19.626
0
0
0
16.19
11.888
0.866
0
0.93
0
13.743
0
2.851
6.395
1.297
14.076
0
3.786
9.9
5.29
10.2
0
17.736
0
2.154
0
0
0
10.269
11.44
0
0
9.769
16.153
0
14.673
53.7
18.039
0
0
0
0
0
0
21.19
9.13
37.04
18.973
15.19
0
0
0.8
9.658
0
0
14.543
0.803
1.13
0
10.71
8.093
0
0
16.51
5.238
16.669
12.855
0
16.73
0
3.689
8.551
0
0
0
47.71
0
24.38
0
47.22
35.32
5.557
0
0
55.96
9.92
9.547
16.951
14.358
27.34
0
0.435
0
0
0
0
14.312
14.83
0
1.245
27.79
0
0
0
16.383
11.02
0
1.684
6.698
6.209
0.441
4.63
0
0
34.62
0
58.53
0
0
0
6.222
4.7
55.22
3.431
16.35
17.492
9.566
0
3.226
60.62
0
19.1
1.561
4.877
23.79
11.44
0
0
1.63
0
41.53
16.865
16.758
15.044
10.34
0
0
9.933
6.815
0
2.156
12.851
40.22
5.827
0.71
5.033
17.417
15.5
0
15.04
0
0.168
19.305
0
8.878
55.99
0
16.473
27.98
22.54
5.65
2.997
0
0
15.847
67.97
0
0
0
71.13
3.04
34.42
10.544
9.334
0
0
8.861
0
16.412
0
0
5.636
0
17.601
10.402
1.826
37.92
1.595
15.541
0
15.856
10.532
9.097
0
0
38.09
2.222
0
3.23
0
6.581
0
17.884
0
14.5
0
53.77
39.2
13.387
8.563
0
2.199
0
9.947
0
64.92
6.173
0
14.624
1.647
54.4
0.121
14.178
8.719
19.369
23.83
0
17.366
18.434
0
9.868
3.228
0
5.498
0
14.3
0
7.992
3.392
19.29
4.294
0
8.429
0
59.89
13.849
19.471
9.147
0
0
12.738
0
12.084
6.834
0
3.065
37.17
19.517
0
0
3.447
12.278
71.16
12.633
71.08
5.26
0
0
44.87
0
0
8.449
18.998
8.702
16.705
0
19.305
3.93
2.543
1.492
37.45
0
0
15.94
19.869
0
1.518
11.706
0
10.193
18.983
0
5.389
18.4
0
7.004
60.33
0
0
0
47.76
0
0
41.46
8.311
0
0
9.086
51.45
0
2.403
11.125
0
22.48
0
0
3.896
0
0
13.31
0.702
13.926
0
28.27
0
12.367
10.7
0
0
0
40.41
30.48
3.438
0
0
14.566
12.018
8.789
7.608
0
6.49
0
0
14.074
0
0
16.646
0
0.245
37.37
4.847
0
76.8
2.614
79.0
64.2
8.728
0
0
0
3.316
70.37
0
5.203
0
1.94
33.1
20.75
9.838
0
0
0
0
0
16.119
0.708
19.22
0
16.763
0
14.704
4.904
0
12.021
0
4.895
0
13.363
0
3.507
0
0
0
18.183
70.91
53.29
58.5
18.602
0
15.685
0
18.217
8.831
4.212
10.68
19.271
63.55
7.263
0.37
60.86
14.88
20.4
13.271
51.84
14.654
58
17.716
70.32
14.681
4.52
14.461
62.11
0
72.79
18.405
0
0
26.42
0
19.534
0.248
6.241
4.345
7.344
19.846
0
41.45
53.13
5.617
4.742
0
16.468
0
17.674
0
0
18.47
34.79
17.212
18.621
0
0
78.41
0
0
0
0
0
6.831
1.54
17.26
0
0
0
27.12
17.831
8.183
23.99
16.47
6.297
79
64
30.38
0
0
17.715
0
0
48.52
13.528
0
19.734
0
0
0
5.554
17.002
0
0.197
4.323
52
41.32
7.744
0
51.32
31.58
0
38.87
69
76.02
0.541
0
0
2.056
25.6
22.64
8.543
0
19.879
5.64
0
0
79.53
11.125
0
0
46.58
0.577
2.745
17.255
0
1.821
74.32
0
26.06
13.837
6.05
10.834
8.917
22.51
7.351
14.329
43.03
10.751
15.438
0
6.26
9.997
0.721
0
18.582
0
3.063
4.839
12.935
0
0
16.594
14.18
12.301
0
0
0
0
9.997
49.16
0
70.38
0
0
0
17.53
0
0
0
0
12.446
0
10.26
16.575
14.515
0
5.845
16.98
12.639
1.129
0
0
1.105
0
61.18
4.993
0
13.151
0
6.192
19.656
7.777
2.88
50.0
15.746
0.05
0
19.89
34.73
3.399
43.51
9.597
21.46
70.89
0
0
0
0
0
15.04
0
9.976
2.41
4.206
0
0
18.956
0
0
4.247
29.62
0
29.19
51.98
11.081
0
0
78.82
0
2.768
70.9
18.812
9.545
10.694
16.234
51.28
0
19.443
0.568
19.722
7.347
0
2.374
0
11.177
71.61
0
13.378
0
0
2.673
0
25.92
0
40.3
0
0
73
8.212
6.818
6.447
5.584
1.048
0
0
19.343
0
77.33
14.069
40.23
0
5.699
0.932
38.56
6.2
0
46.11
12.923
2.742
0
0
0
6.697
0
4.017
0
14.268
3.376
5.466
12.006
0
72.18
72.03
12.567
18.504
12.243
6.319
0
15.496
0
0
1.259
53
11.844
4.151
0
0
16.257
34.15
1.23
0
0
0
52.62
0
18.48
22.13
9.32
12.629
6.681
10.728
19.56
64.07
11.5
8.447
3.86
58
2.184
47.83
14.5
0
0
10.76
34.1
0
0
2.959
0
0
10.536
0
63.8
14.613
9.796
7.948
0
75.2
0
13.556
7.1
0
14.137
10.729
0.246
0.594
0
0
0
0
0
2.276
15.083
41.93
72
10.541
0
9.293
36.71
0
0
17.543
10.126
32.14
0
19.081
39.46
17.35
15.649
9.9
0
6.193
0
0
3.266
64.89
34.71
0
0
1.191
56.72
21.37
0
0
38.46
19.535
0
12.228
18.34
0
0
10.341
0
1.613
0
3.743
16.357
8.176
19.76
0
8.401
6.411
6.372
0
4.348
0
19.13
10.521
0
5.246
0
15.49
0
0
0.391
14.589
0
0
3.71
0
8.39
0
0
0
0
10.896
12.904
11.784
0
16.15
0
19.244
78.54
1.794
9.344
0
34.55
0
0
0
0
13.098
12.74
34.88
22.87
0
0
9.077
0
0
9.501
0
12.595
28.03
1.499
0.159
3.877
64.1
0
0
0
13.711
0
17.19
1.93
13.455
68.85
17.662
5.633
0
3.814
0
7.538
16.955
13.541
97.66
10.471
0
13.9
0
0
0
9.71
99.47
18.595
28.05
83.57
0
0
0
0
8.815
54.26
31.13
0
5.35
12.528
0
12.229
8.025
0
0
0
15.09
0
0
98.92
7.694
54.12
10.431
15.218
95.59
3.176
0
14.564
0
7.01
0
0.177
10.762
12.809
96.69
75.83
58.52
0
0
0
32.93
70.49
0
0
0
0
0
42.83
0
0
9.201
10.79
0
17.03
0
0
16.445
6.72
0
0
19.644
14.582
11.148
0
87.29
13.771
0
22.78
36.15
0
14.09
72
21.9
11.708
33.79
0
64.96
30.4
23.58
11.091
18.54
0
56.12
48.23
0
19.683
7.157
25.05
18.021
11.078
0
8.17
14.723
4.507
8.907
0.583
93.75
0
59.08
0
0
0
13.146
0
0
4.016
84.69
0
89.69
17.05
10.252
11.915
0
0
6.504
0
71.59
0
55.82
15.444
12.718
0
4.306
0
81.29
44.44
17.056
0
85.83
0
57.16
0
0
0
16.526
0
4.335
11.826
0
0
10.752
0
63.58
0
6.974
4.738
0
1.601
0
0
0
31.08
0
0
0
89
0
72.09
0.48
3.015
17.892
3.301
16.242
19.931
0
12.824
5.148
5.727
10.772
8.836
14.387
5.6
51.73
0
59.15
24.93
0
10.41
4.382
13.825
6.26
0
0
0
86.69
95.57
11.572
4.642
8.05
9.183
0.327
0
14.267
19.933
0
0
0
19.365
7.981
0
0
37.88
0.662
0
48.68
3.981
17.413
0
3.021
0
0
0
0
0
17.389
14.542
0
31.98
36.11
0
85.44
4.396
5.851
10.49
9.22
81.26
11.185
10.736
17.653
19.891
0
0
0
47.65
44.72
0
0
93.6
0
19.58
0
0
8.688
0
101
0
0
0
19.15
11.548
16.63
5.073
0
0
57.79
12.549
0
3.2
0
10.914
0
0
16.153
31.34
67.64
4.729
21.08
25.63
3.806
0
15.95
0
0
50.49
1.822
0
13.972
0
17.764
11.699
0
7.487
0
80.28
82.22
5.21
19.323
0
0
12.057
18.18
0
3.21
38.23
0.64
64.39
0
25.93
15.731
0
0
0
6.535
16.381
1.882
0
15.077
0
11.975
0
0
0
11.235
69.98
0
0
13.649
0
3.642
7.533
10.757
6.58
22.9
16.588
0
1.863
0
0
0
0
12.088
30.84
0
0
18.053
0
15.074
98.07
6.58
0
4.19
0
84.5
0.949
26.1
1.71
0
0
0
85.09
17.41
0
0
11.815
27.99
1.061
0
125
13.277
0
16.175
19.257
14.587
26.22
18.379
0
88.18
120
0
90.77
3.28
0
7.2
0
0
17.314
103
93.52
0
42.44
87.34
90.54
0
0
0
27.58
12.542
0
108
6.22
0
62.07
9.072
0
0
0
18.415
0
0
0
0
13.768
4.67
1.54
17.377
0
2.308
0
0
11.221
0
4.37
13.317
47.06
97.48
0
0
0
0
7.995
0
5.49
19.549
0
0
1.2
0
6.0
9.868
19.82
14.758
14.795
81.01
77.88
2.296
5.793
0
10.155
65.7
1.81
0
0
1.611
43.12
7.164
0
18.18
33.48
0
13.126
0
15.209
0
85.18
0
0
0
18.268
53.22
0
0
0
11.229
15.345
66.43
10.146
0
1.33
5.375
11.303
3.205
0
11.07
44.39
0
0
10.119
0
0.94
0.931
59.62
0
2.694
0
0
0
5.134
16.989
0
0
12.559
8.467
0
0
2.361
3.354
72.94
24.35
0
0
10.519
11.42
0
1.968
10.4
19.387
21.95
17.5
0
9.184
0
0
17.054
13.91
0
4.812
0.956
17.976
19.859
22.61
0
12.332
0
0
0
0
0
6.141
0
0
3.088
7.08
0
2.829
0
87.92
60.09
96.29
4.943
0
99.62
6.017
10.814
46.68
1.629
1.123
0
0
20.65
0
8.073
0
66.76
0
0
0
0
0
10.44
43.72
0
14.644
0
3.7
0
13.842
13.862
3.93
0
0
0
0
0
0
16.719
8.007
0
11.701
12.316
0
3.74
42.27
0
0
16.841
19.74
62.76
5.597
0
8.072
17.79
0
0
6.058
0
15.503
1.285
17.242
0.1
79.38
0
26.75
0
84.34
0.607
0
8.788
0
71.94
2.694
5.656
5.699
2.245
0
70.45
0
0
9.85
91.27
78.74
0
13.9
0
13.936
7.617
0
0
43.29
0
10.404
51.98
7.506
52.21
16.49
4.16
0
78.27
0
39.64
11.125
16.04
15.208
0
24.86
8.49
6.305
0
0
71.43
0
7.329
1.782
5.899
0
6.601
0
0
0
15.522
18.518
3.902
2.225
4.964
25.28
123
39.67
2.503
78.55
10.357
11.367
81.46
0
99
14.163
14.294
18.17
77.45
64.59
34.48
24.58
6.76
13.188
7.832
1.569
0
31.51
0
0
4.843
8.511
12.276
0
0
11.085
9.257
0
4.361
0
95.65
0
0
3.563
0
15.808
15.206
0
0
0
15.704
15.657
0
3.909
98.01
9.138
0
81.31
0
55.08
25.38
88.51
5.222
54.14
12.708
69.7
31.44
0
0
0
3.003
0
0
0
7.67
0
77.83
15.615
17.234
0.199
10.041
3.317
6.474
53.44
13.943
14.668
0
1.047
8.008
0
77.31
60.41
0
1.973
83.86
78
18.816
0
8.324
0
1.931
11.141
13.265
0
7.934
0
0
11.981
0
0
12.625
16.798
2.643
0
0
56.97
0
10.914
0
6.083
35.09
0
0
0
0
32.41
0
0
4.801
37.79
0
11.684
16.559
0
5.457
69.64
0
0
3.595
12.798
0
41.28
0
17.717
0
93.8
92.12
0
0
0
0
17.058
0
0
2.178
33.11
0
65.92
0
59.61
3.268
0
10.311
12.795
35.11
0
85
17.225
9.578
0
2.766
13.705
29.92
12.821
42.2
19.701
17.954
5.054
14.888
0
18.37
0
3.837
0
71
0
7.006
0
44.31
0
4.092
17.52
77.29
2.483
0
0
1.982
68.81
0
38.12
0
0
15.771
1.74
84.78
43.15
11.935
68.74
8.145
71.76
44.3
0
92.31
9.739
96.39
0
23.34
0
12.938
0
0
0
90.86
0
99.35
0
0
4.594
0
0.574
9.72
3.051
0
3.26
18.79
75.37
0
17.393
1.669
16.423
0
8.913
0
8.52
64.31
7.706
46.93
3.291
42.33
0
10.499
15.71
16.03
16.251
0
114
93
0
0
2.716
32.93
0
0
7.004
65.01
1.908
0
3.987
4.865
93.08
0
8.797
94.14
34.54
0
0
0
0
16.86
82.41
11.461
5.168
0
18.389
0
13.388
16.062
120
7.988
0
9.999
0
19.655
13.87
15.634
0
83.22
21.26
39.85
8.538
9.434
0
18.854
77.02
14.356
0
83.1
23.3
0
19.57
18.185
80.38
19.84
70.1
14.624
0
17.081
3.11
0
2.556
48.35
0.39
0
13.499
16.524
16.492
0
0
0
96.38
7.703
6.051
0
17.928
0
0
0
0
92.21
52.62
89
0
11.002
4.957
0
30.88
1.307
14.259
3.705
0
0
0
27.16
123
0
4.789
93.1
96.37
3.441
26.91
0
2.874
0.795
96.76
31.04
0
9.205
5.996
37.21
0
97.49
0
84.22
35.51
93.82
0
8.437
0
11.679
0
0
11.983
14.83
0
19.75
5.501
17.89
12.154
0
0
79.08
87.2
2.7
19.972
0
16.055
0
0
68.15
18.55
0
14.584
17.398
14.244
126
29.66
53.21
19.107
81.96
0
50.83
11.965
9.25
0
102
16.406
4.97
14.22
1.86
0
8.849
119
11.37
14.466
58.9
0
0
13.848
0
2.904
0
56.95
12.892
36.46
0
0
0
90.29
57.84
15.014
0
4.964
9.12
58.25
60.44
43.99
0
0
8.566
97.68
0
0
0
18.975
61.31
11.67
0
0
41.74
0
4.773
0
19.921
18.83
0
0
13.449
10.89
111
14.03
0
116
2.02
0
0
0
46.03
79.93
14.025
0
0
0
16.603
0
3.186
0
8.23
37.46
19.511
58.18
0
0
0
14.016
0
12.067
91.94
0
11.053
16.16
0
14.069
0
17.415
16.905
0
10.584
0
0
0
27.1
11.22
80.91
0.585
1.62
0
0
0
0
5.262
56.78
1.055
12.788
13.99
10.018
5.984
0
0
0.724
0
2.218
1.991
112
14.273
7.015
0
0
15.873
13.529
27.24
0
3.899
1.62
7.464
0
0
68.21
0
6.434
18.881
0
6.096
13.478
63.33
117.91
17.9
7.662
4.269
0
66.96
1.373
124.89
69.58
127.06
60.4
7.29
53.41
14.4
0
0
14.481
19.522
14.956
12.355
0
27.48
16.182
18.39
101.57
0
40.63
77.88
131.5
0
0
15.31
0
3.209
16.488
112.02
18.14
9.18
0
10.726
9.63
12.927
131.86
0
0
11.803
0.171
1.389
48.11
44.02
22.63
6.551
5.078
9.132
14.476
7.35
59.91
69.3
117.74
0
100.77
9.908
0
94.19
12.568
16.427
0
16.34
15.571
0
11.151
7.339
19.137
0
101.5
30.5
0
36.44
0
59.44
0
0
0
0
0
0
0
0
0
0
3.579
165
15.804
6.773
3.043
106.38
42.2
8.355
51.88
8.175
0
13.646
0
0
18.277
56.09
116.49
15.847
48.32
0
19.696
19.242
11.87
0
18.395
100.14
99
3.2
5.049
115.63
73.55
14.07
13.354
15.633
0
0
16.771
0
19.241
0
5.64
0.437
8.37
19.199
0
37.64
0
15.027
94.69
119.75
17.446
9.907
19.864
0
18.464
0
4.278
17.369
0
7.723
18.21
0
74.01
1.402
126.66
51.3
0
17.188
16.088
5.481
68.44
0
0
0
97.35
36.52
16.376
5.839
14.538
0
0
108.9
10.817
0
0
12.932
11.169
9.58
0
0
34.72
62.3
0
54.46
113.2
115.53
13.591
0
5.317
118.69
44.56
117.65
9.359
89.64
0
5.648
0
76.75
0
16.9
0
13.769
103.87
17.873
7.64
0
2.969
111.47
29.16
4.178
0
97.56
9.359
0
8.691
0.077
80.37
19.385
17.727
51.87
123.53
61.86
0
14.299
0
133.84
0
0
9.166
11.497
3.775
126.05
36.41
5.946
51.43
99.87
0.834
0
5.274
0.578
2.845
8.421
19.843
32.04
0
65.73
1.313
6.058
15.425
10.558
154
0
10.387
0
55.83
89.37
13.524
3.304
13.163
104.22
0
2.939
5.075
0
67.08
57.06
0
0
105.01
90.95
1.388
30.76
0
0
5.999
127.6
0
0
15.918
53.99
32.13
124.25
0
0
0
19.479
15.588
0
9.446
6.16
12.526
84.86
17.433
105.35
70.1
94.39
15.285
17.359
14.069
6.0
8.552
0
0
96.62
17.694
0
10.399
15.559
6.238
6.01
14.502
15.226
0
5.168
0
72.54
16.425
0
51.32
6.855
0
9.31
0
0
23.15
126.31
0
20.23
74.62
13.619
66.89
0
0
0
19.967
18.219
0
18.629
0
0
18.865
0
18.446
0
42.5
6.985
10.943
18.348
3.838
129.49
0
100.7
2.199
11.135
0
127.39
16.506
13.53
11.569
0
0
11.44
0
1.626
0.215
0
2.531
4.149
114.03
0
0
149
18.785
5.032
74.17
6.661
2.489
16.453
0
98.35
0
0
14.975
19.66
12.027
0
0
11.937
0
72.93
0
17.603
16.327
18.489
11.716
0
1.392
0
4.079
3.938
0
4.102
0
0
9.665
102.94
19.794
12.01
3.611
4.349
27.55
0
0
24.56
0
0
128.15
12.424
13.653
2.245
45.67
8.154
78.85
85.27
11.195
7.856
0
15.06
18.138
3.16
59.54
75.41
12.998
2.005
8.187
7.585
0
0
134.77
10.191
123.66
11.8
0
0
124.51
0
0
0
16.304
22.56
92.9
3.862
0
13.827
9.332
10.683
11.809
79.46
26.88
39.14
59.14
0
2.23
90.98
13.997
0
17.303
2.32
0
88.75
4.081
8.274
124.18
0
0
0
55.8
0
14.107
19.438
14.847
12.303
16.513
18.403
6.914
15.995
73.76
0.71
15.122
24.96
6.736
0
0
0
0
45.32
0
0
0
79.82
94
7.19
0
58.75
4.708
2.42
14.519
0
11.81
7.265
0
13.181
9.195
6.25
12.76
11.304
84.08
49.67
0
2.474
12.046
133.12
100.06
0
14.784
13.89
0
0
0
14.504
2.796
0
60.64
0
19.6
85.25
0
117.35
7.383
0
0
0
3.846
17.073
54.55
0
0
0
0
126.8
0
0
9.21
0
5.092
0
19.57
103.23
0.724
55.82
0
0
0
44.05
0
79.37
0
0
13.776
87.68
15.77
0
6.843
0
110.98
16.8
7.084
0
95.19
0
12.814
14.217
37.4
0
123.02
107.19
9.785
0
6.502
117.52
148
4.448
0
9.8
17.93
14.76
0
0
15.628
9.008
70.83
116.36
131.72
8.317
2.04
10.465
10.896
0
0
0
127.19
0
16.638
0
18.052
0
0
1.557
5.033
1.095
0
6.606
27.59
0
11.053
19.648
0
0
109.62
0
18.503
57.86
0
0
14.67
4.437
0
48.8
7.321
113.43
4.855
119.58
9.075
11.352
20.63
0
0
13.605
59.9
88.25
0
28.23
0
0
7.142
113.06
19.211
0
71.97
1.144
0
0
124.41
82.5
78.5
0
0
65.23
0
85.18
19.41
0
10.779
0
121.6
0
14.11
13.302
16.013
0
75.52
33.57
95.48
1.342
5.628
0
0
0
7.707
93.85
109.07
13.111
55.73
0
60.49
0
9.728
10.912
126.13
13.383
0
19.023
0
22.05
26.47
2.146
74.06
57.78
9.895
6.296
12.582
7.968
0
8.586
16.369
176
62.15
15.064
0
0
0
100
3.545
6.468
15.42
0
123.75
0
11.815
104.29
0
0
0
9.52
5.611
98.69
0
30.67
0
82.02
10.336
1.949
0
18.276
59.98
1.821
0
118.89
65.86
87.7
0
0
19.036
0
0
0
0
0
14.618
16.215
0
42.21
0.308
0.746
127
39.33
98.49
4.682
7.775
14.423
73.97
39.52
5.322
128.79
27.16
6.454
0
47.02
7.155
0.337
0
0.988
38.95
96.99
121.97
0
0
6.66
5.089
0
0
77.33
0
9.478
0
0
8.016
17.818
0
125.46
46.57
0
12.434
9.78
4.756
11.351
3.012
33.87
3.24
99.89
131.89
91.4
23.84
0
10.481
124.13
0
0
0
0
75.51
8.384
17.241
3.85
101.66
6.494
0
0
18.026
7.165
63.75
0
0
0
15.459
0
4.24
5.675
14.636
0
0
0
44.3
17.96
19.42
14.123
0
0
0
59.51
2.9
0
0
0
0
0
115
15.135
32.25
56.2
0
0
0
19.061
0
0
0
23.47
18.196
3.601
39.11
19.739
0
0
1.372
101
12.123
16.389
3.564
8.07
2.151
0
15.123
0
94.5
0
0
4.535
0
43.75
18.172
56.01
0
4.68
10.147
49.87
5.41
1.6
0
57.85
17.804
15.271
5.065
0
4.443
11.67
10.554
18.969
65.73
104.12
152
15.96
14.386
3.654
0
0
17.227
8.51
30.33
73.17
5.261
9.228
0
6.411
0
0
3.005
126.93
6.341
17.28
16.689
110.99
5.344
0
18.098
0
0.54
2.787
0
110.57
17.318
0
13.822
11.953
5.35
9.71
0
6.614
12.234
0
0
2.971
0
48.62
0
0
46.62
0
49.19
0
59.78
0.638
13.465
7.254
0
0
32.27
0
57.66
49.02
0
12.6
2.91
13.102
27.56
19.079
1.173
94.43
16.533
128.74
70.39
7.622
1.841
64.33
0
104.29
13.624
125.7
70.01
0
14.351
0
11.09
19.046
49.49
0.16
12.038
24.22
9.184
7.889
0
121.33
58.08
21.92
0
0.722
17.497
2.322
63.85
0
0
0
11.251
110.7
0
116.86
0
4.64
32.18
12.148
19.839
133.58
0
0
50.11
21.08
0
0
64.62
0
0
66.89
12.238
0
14.931
40.17
0
12.344
14.496
11.417
8.895
134.55
0
18.833
0
0
72.41
0
0
110.79
0
21.49
0
2.202
62.18
1.18
5.7
8.148
19.906
4.175
33.63
1.517
6.14
13.655
154
7.576
114.48
12.485
15.941
11.591
92.39
0
113.27
16.275
8.133
0
60.86
0
132.78
1.787
0
137
0
0
10.809
7.641
8.491
3.145
108.08
0
64.84
11.108
0
0
0
0
0
7.857
0
0
19.848
0
98.16
19.91
106.39
64.46
84.4
0
0
8.652
11.852
4.411
1.082
0
11.885
6.635
0
0
0
18.183
94.47
60.13
63.78
70.83
4.25
7.294
2.73
34.14
0
86.73
0
32.61
89.88
53.35
112.15
0
124.17
0
11.676
19.001
0
9.893
14.721
53.93
14.958
113
0
3.915
14.949
81.63
9.611
3.055
14.131
109.07
0
8.613
108.53
0
0
0
36.73
0
55.3
0
0
0
78.58
13.756
0
0
10.199
97.9
49.38
0
12.238
0
16.839
4.56
0
95.73
0
39.29
62.73
0
19.303
89.14
134.18
0
54.42
102.12
0
0
4.935
0
92.77
0
5.38
0.227
13.916
57.73
74.19
97.32
128.09
17.614
7.896
80
36.7
111.04
182
0
19.72
0
0
19.1
0
0
133.86
103.5
89.06
19.444
0
0
0
0
0
56.84
7.42
11.078
9.731
0
0
12.549
0
14.31
0
6.103
18.334
0
0.015
8.871
0
0
17.203
55.38
0
13.527
0
110.82
128.89
15.84
45.41
91.7
10.72
0
0
15.55
0
70.88
0
134.47
5.016
126.56
17.548
27.64
4.601
91.77
4.613
0
8.801
49.43
14.592
19.997
102.53
0
0
8.508
9.358
94.82
12.104
0
10.592
117.45
9.728
2.237
123.17
11.166
0
0
8.945
18.874
0
4.808
0
118.27
0
94.13
0
0
10.918
7.033
11.68
2.469
16.557
9.67
0
4.812
98.36
7.905
15.856
124.41
82.1
0
0
28.73
94.95
19.32
19.995
1.384
0.686
10.573
3.64
19.321
0
0
0
3.027
37.75
18.31
16.646
8.72
19.964
127.83
0
0.497
7.819
0
0.034
11.337
13.673
74.3
0.629
3.024
12.904
16.68
33.77
120.26
0
8.743
41.18
0
125.29
129.69
19.928
13.899
8.494
117.91
0.162
0
0
5.686
0
18.267
7.812
33.74
22.98
7.731
5.124
0
119.65
110.62
19.409
6.96
4.867
13.87
2.946
62.66
0
123
3.979
0
20.39
62.61
3.237
39.25
11.889
7.288
0
63.38
17.699
0
8.306
15.554
19.408
80.06
0
1.229
0
0
17.352
0
0
0
35.06
0
17.13
0
5.668
111.65
0
92.67
0
14.073
0
13.278
0
0
0
8.742
0
0
0
0
0
29.63
0
0
0
35.93
49.67
32.2
0
0
0
5.732
3.424
0
18.397
0
0.166
0
0
11.551
54.64
83.65
0
67.61
0
12.484
0
0
1.032
0
11.847
1.751
29.21
17.044
0
16.558
66.18
0
0
11.159
6.303
2.781
31.95
0.98
83.08
32.78
0
93.16
1.842
0
9.424
17.149
0
5.288
83.27
14.53
74.81
0
0
13.272
15.656
0
11.248
0
89.25
0
12.087
5.408
19.813
0
7.842
0
0
7.712
14.192
6.46
71.98
0
8.813
2.841
0
0
0
0
0
4.754
13.567
2.745
0
0
11.545
0
0.277
2.535
0
0
1.318
0
2.771
0
15.868
19.291
13.055
0
9.39
0
0
1.37
0
0
0
16.678
2.658
14.095
11.022
0
0
0
23.95
0
0
8.369
14.865
11.96
0.73
19.51
18.5
9.013
13.406
37.74
15.226
15.998
0
0
2.874
0
0
12.873
39.08
4.67
0
15.226
0.62
18.544
0
8.185
16.354
12.277
1.245
0
0
7.556
0
18.32
8.302
0
1.271
8.625
4.421
0
0
0
0
14.694
0
2.134
0
13.151
0
0
0
12.487
0.71
0
0
13.322
3.91
19.801
0
9.24
17.503
10.557
18.667
0
13.706
17.336
0
0
15.651
0
17.146
0
0
2.248
0
0
2.234
16.56
0
93.56
18.18
0
0
0
0
0
0.588
11.778
0
12.88
12.489
0
86.12
0
0
33.21
51.35
34.1
17.607
19.541
0
0
0
0
4.956
10.61
0
0
0
0
0
11.798
14.544
21.53
0
17.161
10.3
1.081
0
0
0
0
18.64
3.277
5.936
0
0
15.023
0
3.758
9.963
0
6.322
21.24
0
0
0
57.63
6.834
87.73
16.981
78.54
0
94.59
9.87
1.939
1.185
0
12.177
7.529
3.966
13.212
0
6.994
11.976
18.102
7.459
94.12
9.928
0
0
12.674
16.171
0
0
8.406
0
2.46
0
14.441
58.19
26.87
0
2.37
8.854
0
0
0
0
1.108
13.401
10.838
0
91.93
0
0
19.3
0
4.183
8.482
0
16.182
4.953
6.854
70.59
0.281
0
0
0
9.941
60.48
0
86.37
79.61
6.307
0
0.212
3.924
7.112
9.252
19.415
88.35
1.32
17.583
0
0
3.368
2.473
59.83
0
6.04
0
0
13.857
0
0
0
16.413
13.089
0
4.533
46.35
0
28.75
7.42
18.14
8.588
0
58.87
55.12
46.25
2.837
7.589
86.58
14.199
13.268
0.158
0
9.641
0
0
12.77
0
0
19.127
0
9.728
0
11.947
13.08
0
19.442
17.997
6.775
41.64
0
6.662
14.299
2.747
2.374
6.225
11.232
0.637
7.427
0
0
4.014
1.72
0
0
5.933
0
15.284
0
0
0
6.398
18.347
90.25
0
4.58
8.634
0
19.111
19.663
10.18
0
1.596
0
96.06
0
2.2
0
9.269
16.029
0
6.7
17.536
0
0
0
17.45
0
0
0
6.178
0
6.885
15.285
0
9.391
0
0
21.1
0.125
0
2.166
1.799
0
14.708
0
0.744
15.677
51.37
96.42
0
11.344
1.316
0
0
15.786
14.365
5.995
0
0
15.681
18.348
0
0
0
34.19
0
6.902
6.317
18.467
8.209
1.906
1.318
4.264
0
0
0
0
0
12.84
0
3.707
7.563
0
0
10.139
0
10.104
0
19.646
0.049
10.059
23.77
16.155
0
5.883
0
0.984
12.172
15.668
0
0
0
0
0
0
9.17
0
0
7.798
4.485
0
0
10.61
7.293
39.89
0
29.76
0
0
16.428
15.096
0
0
0
47.8
0
0
13.871
0
14.564
0
0
19.66
0
2.79
0
6.113
10.632
0
11.496
82.47
83.58
11.495
0
11.01
9.365
0
0
0
5.337
0
0
4.973
0.063
0.627
0.641
0
3.042
17.907
80.07
19.629
94.1
0
0
1.744
31.81
13.05
0
0
0
0
17.492
6.799
0
2.959
70.59
9.11
13.764
8.564
43.37
0
0
5.904
0
2.93
65.05
4.451
0
0
10.81
4.656
8.779
0
3.192
0.504
0
77.76
0
0
10.32
4.721
0
0
4.063
0
1.972
7.713
11.816
16.25
1.145
0
13.681
0
0.758
34.6
16.531
61.79
91.23
9.837
47.59
0
14.121
0
32.66
80.86
10.971
0
11.361
12.36
0
0
0
7.226
0
0
2.877
0
15.955
9.25
11.695
0
9.55
0
0
56.27
17.615
4.578
52.52
5.133
13.471
60.59
95.12
0
9.305
0
0
13.011
84.7
0
16.374
0
0
0
0
0
16.703
3.56
4.957
6.35
0
11.933
18.601
0
0
6.205
0
8.284
0
24.76
34.55
14.973
6.667
0
12.354
0
0
0
14.371
0
72.3
3.893
6.792
53.9
0
3.054
10.634
0
0
0
4.704
0
3.38
0
6.385
0
56.13
14.67
9.786
33.7
0
0
4.064
9.604
9.547
13.457
2.92
3.477
0
48.26
14.89
5.417
0
78.69
0
5.9
0
18.77
0
0
0
3.715
0.295
12.929
0
6.114
6.883
0
0
8.069
15.066
7.076
15.191
14.046
10.485
3.241
41.11
0
11.407
0
6.232
0
1.917
96.78
9.395
0
22.1
15.513
8.695
10.435
41.5
0
0
9.765
0
0
4.565
0
9.14
0
19.845
0
10.713
19.515
9.515
13.714
0
0
0
2.779
18.33
0
0
0
3.186
8.233
0
0
0
14.614
23.21
0
0
5.697
4.896
0
0
0
0
8.891
0
0
0
0
0
0
0
11.365
0
2.825
10.929
2.687
1.705
16.704
18.67
0
18.543
13.557
17.195
1.91
0
0.528
12.62
11.851
0
0
0
0
5.49
0
6.576
0
0
1.447
22.83
18.817
19.554
48.59
10.778
0
1.509
0.593
0
5.039
0
0
0
13.991
0
0
15.557
11.986
30.88
0
6.17
0
0
2.738
13.59
0
12.133
0
0
0
16.17
17.631
0
0
7.679
19.437
41.54
0
14.512
0
0
0
0
5.733
0
1.93
10.701
0
16.9
11.478
6.13
0
1.291
0
9.096
12.772
0.717
0
0
14.41
0
0
12.34
37.48
0
7.232
6.765
0.74
59.49
36.62
0
0
0
0
14.293
16.83
16.328
12.64
0
0
17.537
0
11.272
0
14.725
0
31.43
6.97
0
0
11.855
0
0
0
52.02
17.972
0
10.58
0
8.454
0
9.93
18.894
0
57.5
16.787
50.68
10.082
12.768
10.959
0
13.448
8.312
0
12.655
0
0
10.285
5.174
7.367
0
0
0
0
29.04
40.36
10.267
0
52.33
0
17.962
0
0
0
0
0
0
0
3.519
0
13.934
0
0
0
12.491
0
2.969
0
5.255
0
0
13.721
11.999
4.28
0
14.294
10.972
0
16.999
0
0
10.17
0
0
18.909
6.542
0
11.549
0
0
0
0
14.599
0
0
11.465
8.4
7.033
0
0
15.877
45.22
33.8
53.79
0
0
11.034
12.741
0
14.207
11.961
0
43.45
18.065
9.803
32.69
7.347
0
1.034
4.599
0
1.436
11.842
3.764
3.704
0
8.968
1.614
0
0
0
0
46.19
0
17.167
0
0
5.664
0
16.861
6.121
0
4.043
15.061
16.546
18.636
0
0
0
18.35
0
13.502
0
0
14.521
17.275
0
19.822
0
49.56
15.24
4.262
0
6.942
5.338
18.7
13.523
