0
6.254
6.1
0
0
15.249
0
0
0
0
19.259
14.24
12.14
20.56
8.513
7.883
0
13.124
11.01
15.216
38.94
9.984
12.516
0
0
0
0
0
0
0
0
0
0
25.47
53.15
12.13
10.08
16.217
0
16.383
0
0
8.216
0
13.431
54.59
0
13.248
0
11.509
0
0
0
0
36.43
0
18.972
0
0
18.238
13.024
0
48.4
0
0
0
0
0
8.931
12.383
16.904
0
15.436
0
16.77
50.59
32.69
0
44.44
16.434
0
18.839
0
0
55.98
6.194
0
0
0
5.919
53.25
0
25.47
0
15.503
0
0
0
0
0
19.769
9.184
0
0
18.214
0
6.61
16.47
0
54.49
5.388
0
0
0
15.21
0
29.52
43.63
5.272
16.468
0
6.825
0
11.685
0
0
0
0
0
15.838
0
16.144
0
0
16.862
0
0
0
0
12.946
0
13.555
38.18
0
0
18.105
12.679
0
0
0
5.24
0
0
0
5.076
24.02
10.8
0
18.164
5.003
0
19.136
14.389
0
0
0
0
0
0
0
0
0
0
10.557
0
15.428
0
37.78
14.061
0
18.256
0
15.9
31.34
0
0
0
0
0
35.62
6.372
0
0
0
12.555
54.72
0
26.17
12.307
20.58
0
17.65
0
0
5.69
7.407
47.88
21.03
24.6
0
0
0
45.43
0
0
0
0
0
0
37.94
0
0
0
18.177
6.727
11.302
25.37
0
0
10.396
0
10.955
0
12.07
6.081
16.477
17.913
0
6.498
0
0
9.742
0
9.588
0
10.187
0
38.41
19.08
11.846
0
0
20.92
53.58
0
36.88
0
0
0
0
10.8
32.92
0
78.5
0
17.618
0
16.61
9.526
0
0
6.773
73.17
50.12
0
0
52.39
13.734
0
0
0
0
34.9
10.79
6.234
18.82
0
0
0
0
0
10.827
0
11.839
0
15.539
10.447
0
0
17.723
0
0
0
0
0
43.23
0
0
0
13.913
0
0
11.094
23.26
0
0
0
0
16.067
63.26
9.834
18.806
0
19.34
31.6
0
0
11.17
0
0
0
0
0
55.85
0
0
16.85
48.59
61
0
7.595
0
0
32.38
0
0
0
6.621
0
62.07
57.18
17.811
0
5.038
0
0
15.872
0
0
6.384
19.749
0
77
0
14.533
5.99
58.08
55.34
0
26.19
14.483
0
15.751
6.44
72.51
0
39.19
0
12.795
49.09
14.28
7.0
18.632
0
32.18
8.847
0
18.595
16.845
0
0
0
0
0
0
0
15.797
7.81
68.42
15.355
0
0
0
70.98
0
10.109
0
19.573
0
0
0
55.32
9.069
58.09
63.07
17.015
5.836
0
0
44.65
0
12.889
0
0
8.524
0
55.51
18.534
0
12.478
33.81
0
0
12.972
0
78.12
17.059
7.797
0
0
64.88
0
0
12.285
7.837
10.733
0
0
0
0
0
0
0
0
0
57.37
0
7.783
0
0
78.92
0
0
10.167
0
0
19.31
0
0
0
40.59
18.953
11.146
0
10.138
9.928
16.763
0
0
0
75.4
0
12.638
52
15.96
0
0
53.17
17.964
75.76
0
0
0
14.89
0
7.281
79.14
11.313
40.17
0
11.599
0
0
0
13.763
73
0
14.339
47.57
8.593
0
0
0
5.871
0
0
0
0
0
0
7.294
0
14.052
18.893
0
0
78
0
8.953
0
0
5.792
0
52.07
8.728
0
0
12.838
0
0
6.388
19.372
13.186
0
0
57.49
0
18.593
0
45.42
0
8.639
0
0
19.568
0
8.912
54.58
0
0
0
0
12.641
23.52
10.429
15.93
0
0
0
13.85
0
74.53
0
0
0
0
33.41
0
19.422
0
0
64.08
0
9.133
0
0
71
0
6.062
59.78
0
15.692
0
12.598
12.03
15.573
19.614
0
5.822
14.007
10.98
0
0
0
0
11.828
0
43.99
0
0
13.242
0
0
0
0
0
13.554
0
0
10.911
0
11.39
0
48.2
0
0
0
0
0
0
9.282
20.09
51.23
0
60.34
7.692
31.63
17.099
0
9.522
7.459
0
36.16
62.47
8.834
0
15.882
0
0
0
0
13.599
10.03
0
0
0
10.9
6.9
16.82
0
0
0
39.56
9.35
21.16
0
0
0
0
0
15.433
11.979
12.016
0
0
14.99
0
0
0
19.579
0
0
0
0
0
13.554
11.59
11.464
68
0
0
0
37.72
0
5.944
0
0
16.45
17.804
18.83
17.25
13.887
0
0
10.75
9.626
6.969
0
7.902
0
18.713
0
73
0
0
0
0
19.621
0
8.652
66.73
0
41.46
0
0
14.854
0
0
0
0
0
31.87
0
0
0
15.847
0
7.987
0
14.465
67.28
17.115
0
16.887
0
0
0
21.54
18.64
0
0
0
0
0
17.762
0
13.226
56.71
68
16.142
0
0
12.567
0
7.586
0
0
6.279
10.363
0
0
0
73.93
0
0
12.695
11.518
0
0
76.04
20.72
18.272
13.932
13.337
17.854
19.51
0
0
12.93
0
17.915
59.32
17.305
67.0
19.856
13.896
23.44
34.46
10.428
14.718
18.57
52.35
0
16.266
55.03
11.255
17.261
7.297
0
0
6.839
12.314
0
15.01
7.85
10.482
0
0
0
20.38
0
5.931
53.11
0
0
16.347
0
0
0
9.027
15.627
7.557
0
14.89
10.605
0
0
14.312
0
16.43
0
0
15.486
0
0
15.288
17.291
0
0
17.615
29.43
29.07
0
0
17.239
15.47
0
0
0
10.045
0
0
0
76.81
0
19.109
28.94
27.56
0
0
0
0
0
15.686
0
0
7.107
0
0
0
0
0
5.852
0
10.646
46.12
58
14.76
10.14
54.53
15.638
13.181
0
0
11.514
0
13.582
13.254
16.488
0
0
17.337
0
8.244
0
12.3
17.57
67.24
0
0
55.64
11.804
0
13.437
0
13.526
18.99
0
5.819
0
0
0
0
19.629
0
9.714
0
18.118
0
0
0
0
14.5
10.862
64
15.597
0
0
5.881
0
0
0
0
15.97
0
0
21.89
0
0
0
18.149
0
9.495
0
0
53.48
0
0
17.023
0
0
67.42
0
18.292
12.865
0
77.9
67.81
0
19.154
0
0
14.581
20.25
0
9.821
0
0
0
0
11.061
0
0
0
62.85
78.44
0
0
79.21
0
0
19.322
0
0
0
0
66.71
0
10.747
0
50.49
0
0
0
0
54
0
0
90.43
0
7.116
0
0
0
12.733
47.41
15.233
0
0
0
14.456
0
0
6.831
0
10.263
0
0
74.69
94.85
11.084
89.15
60.75
71.58
0
0
52.18
14.214
7.667
0
32.79
6.758
0
54.57
17.572
0
17.142
0
0
38.44
0
35.22
0
19.946
0
8.239
5.156
50.84
0
15.591
93.93
0
16.338
11.31
98.8
15.267
20.83
73.78
51.58
16.776
87.16
11.925
11.008
0
0
7.647
0
0
0
0
9.057
0
0
14.836
71.31
0
14.915
85.81
0
18.993
72.09
0
6.257
0
0
16.176
6.435
0
0
0
0
0
14.891
0
0
18.927
0
0
0
13.939
17.327
0
0
14.026
0
27.57
68.17
6.057
0
0
0
0
0
16.968
75.47
53.1
97.69
0
17.381
16.852
32.96
0
0
19.696
10.317
0
0
30.8
53.69
67.05
0
0
0
0
0
40.49
0
0
0
52.32
0
0
0
0
0
0
27.58
0
12.462
0
0
79.49
0
0
70.82
0
0
59.87
0
5.61
0
14.773
0
0
42.82
18.768
43.7
53.8
47.22
59.88
13.383
0
16.069
10.997
0
19.544
5.437
17.485
99.55
0
19.336
0
0
92.04
5.991
83.08
0
0
25.74
19.47
9.244
0
0
0
0
30.15
80.38
0
0
7.438
0
0
15.207
0
0
6.476
0
0
18.324
65.02
60.89
10.968
35.77
58.13
43.04
99.23
0
46.39
12.103
18.991
26.8
84
0
36.6
15.83
0
30.26
0
88.89
14.0
60.47
0
86.42
10.924
5.534
33.39
0
0
0
5.167
0
8.322
69.26
0
51.6
30.86
0
15.442
10.977
0
0
0
0
14.075
81.22
14.383
0
10.396
18.375
0
70.36
0
17.042
72.12
0
0
0
73.11
10.406
0
0
0
77.7
0
0
0
18.54
0
0
44.65
0
0
88.46
0
18.261
0
10.391
14.165
6.38
0
11.483
0
9.402
0
0
0
11.308
83.67
0
16.857
0
15.76
94.38
18.725
7.054
0
0
0
0
0
7.255
34.61
12.093
0
21.02
96.13
9.0
0
0
7.133
10.376
0
0
50.91
0
67.68
13.387
93.77
16.98
0
18.75
0
88.08
98.45
33.51
7.028
0
5.199
0
28.6
12.658
97.34
0
19.798
0
0
19.352
0
0
7.974
0
0
0
0
0
0
0
58.76
44.17
0
82.87
14.449
99.56
0
0
0
84.14
0
42.22
0
0
0
15.085
69.43
11.694
6.961
0
0
0
126
0
0
7.541
12.872
0
12.202
0
70.53
0
0
0
0
17.144
0
33.94
0
0
18.495
11.964
0
24.54
0
20.92
0
6.868
0
0
0
26.39
14.078
0
7.231
0
0
5.665
86
126
10.978
41.42
9.342
0
0
13.766
0
0
6.485
16.295
0
0
12.603
0
42.1
10.054
18.364
80
12.353
98.0
0
6.843
27.54
14.543
9.27
0
54.48
0
24.88
58.28
6.565
15.109
63.67
8.625
17.281
13.167
9.046
88.85
118
0
0
0
0
10.903
10.368
18.345
13.233
87.19
6.254
0
93.12
96.5
0
0
57.53
0
72.1
53.31
0
73.09
6.647
43.51
0
13.573
18.955
0
9.38
12.345
0
0
0
14.487
0
0
0
0
54.53
0
14.367
0
0
0
77.9
81.23
0
0
33.1
49.16
0
19.439
0
57.35
85.95
0
0
0
5.657
78.32
0
92.66
84.62
0
8.019
0
91
63.65
9.181
18.737
0
0
0
77.61
16.808
0
0
0
8.296
44.05
15.44
88.0
46.24
0
31.41
0
0
92.48
79.81
0
88.93
66.4
5.11
0
30.69
6.018
0
0
11.951
54.87
0
0
0
24.77
44.21
0
0
0
74.79
0
0
0
0
0
0
11.998
0
0
0
10.227
76.4
81.38
0
5.578
0
0
8.515
65.71
12.064
71.26
40.9
9.247
0
10.779
0
27.13
99.87
45.19
0
19.498
0
0
94.67
17.359
19.776
0
0
18.293
0
27.69
0
61.35
0
84.09
0
11.116
0
49.5
19.971
0
34.6
45.44
95.16
0
11.832
0
12.763
14.561
0
8.63
97.18
0
0
0
13.997
0
7.009
0
0
58.67
0
0
0
12.767
0
51.21
5.887
0
0
11.028
33.83
0
9.283
0
0
0
0
16.136
0
113
0
0
0
58.32
19.116
0
19.206
18.161
107
0
0
9.805
83.4
0
56.31
7.749
0
0
0
0
0
12.88
83.29
0
15.097
0
36.19
79
0
13.612
0
0
0
0
12.621
0
0
0
67.69
0
15.285
61.13
10.804
11.908
33.29
72.87
20.67
0
16.189
10.778
13.195
11.863
99.19
11.432
0
18.911
43.12
12.18
12.398
0
72.67
0
9.273
0
0
0
0
55.2
0
14.611
55.63
9.695
14.279
0
0
11.572
0
14.213
0
0
12.072
67.77
10.986
15.565
0
0
9.665
8.436
75.21
46.61
0
0
0
17.004
100
126
0
0
5.562
16.965
0
18.682
7.126
7.01
0
19.748
0
17.305
0
0
94
0
11.529
0
6.874
0
0
0
0
0
0
0
0
119
17.603
0
0
18.026
0
0
15.182
0
0
12.668
63.13
0
0
0
7.6
0
37.91
15.676
0
0
52.63
0
5.872
48.61
29.2
0
0
0
0
0
71.07
0
14.915
0
38.07
7.44
80.02
17.177
0
0
0
0
0
0
0
9.756
10.538
0
84.15
0
0
0
16.934
0
41.54
99.78
0
43.79
0
0
0
0
54.73
19.604
0
34.35
84.74
0
48.61
0
0
17.776
0
93.23
115
27.95
15.945
0
12.933
19.631
0
18.018
16.614
15.344
33.99
67.02
11.004
0
0
0
0
0
80.01
10.208
44.49
22.66
63.41
0
0
0
13.622
0
0
7.308
0
6.686
8.072
61.26
0
0
0
0
0
0
0
93.64
0
0
71.48
60.08
42.8
0
0
0
10.794
7.314
129
0
5.265
0
40.4
0
0
18.601
15.989
53.84
44.21
0
0
14.523
8.526
0
16.185
0
0
0
68.53
51.8
0
0
0
0
0
85.14
88.21
33.91
0
14.14
0
0
0
5.851
74.21
35.44
0
0
0
12.496
67.45
44.17
5.841
0
0
0
18.446
77.4
0
0
0
7.327
15.074
0
0
0
0
93.16
0
66.02
11.651
10.907
45.48
19.447
0
0
0
10.51
27.84
9.315
99.35
12.159
0
13.642
0
59.15
52.78
86.84
63.41
7.684
57.44
77
0
0
37.09
24.49
35.67
15.835
129
0
74.66
18.216
20.78
5.192
0
65.19
0
41.1
13.18
52.95
69.54
0
85.1
15.22
0
11.349
7.076
0
45.58
60.6
14.189
0
0
0
83.23
0
0
0
0
0
96.59
7.988
0
0
0
87.67
0
0
18.11
0
8.234
0
0
50.38
0
0
0
0
11.189
12.278
54.74
6.617
0
29.23
19.696
0
0
0
0
0
6.359
0
35.88
0
9.399
0
0
0
0
16.431
8.557
64.8
84.72
0
0
15.804
9.454
0
0
14.112
70.08
86.45
7.257
7.876
0
0
0
16.168
0
12.257
0
6.67
17.11
14.411
0
85.47
0
13.936
0
11.897
14.696
10.854
0
0
0
16.87
0
0
35.53
0
63.98
76.69
16.072
14.362
95
14.037
0
0
0
10.61
0
0
93
0
0
0
13.457
0
18.317
18.504
89.37
0
41.68
82.88
0
0
0
11.255
14.098
0
13.717
0
0
45.32
92
0
0
0
0
0
11.478
8.303
0
63.38
0
17.428
0
17.25
12.757
0
0
0
34.48
94.64
60.47
0
33.78
17.182
0
75.98
7.427
14.958
0
42.71
0
15.77
0
0
49.67
77.28
16.91
0
5.531
16.722
0
17.48
13.975
12.503
0
11.677
14.036
0
0
17.792
0
24.04
0
14.968
58.23
8.552
0
0
17.956
0
0
19.445
0
13.741
0
13.629
0
0
0
0
11.329
0
0
14.685
93
0
72.35
5.027
0
73.92
16.739
0
0
0
59.47
75.78
119.04
0
71.11
107.29
43.15
0
0
16.174
0
0
12.544
18.785
15.173
0
0
49.96
0
0
99.64
0
0
87
122.97
0
0
0
82.06
0
17.285
0
0
0
52.97
0
6.378
0
0
0
8.449
0
0
32.66
0
8.531
17.536
0
0
78.57
0
0
14.139
0
0
94.17
83.53
0
0
10.992
45.84
10.727
0
0
0
0
5.083
0
14.495
0
0
67.38
18.872
16.424
0
10.344
0
0
110.38
76.23
38.14
11.863
0
88.98
68.77
0
0
0
9.107
105
154
0
107.31
0
92.61
92.88
31.36
0
100.22
0
0
63.67
73.14
122.73
0
18.455
65.85
0
38.9
13.692
88.16
0
116
0
0
6.197
0
0
0
0
9.667
16.482
0
53.21
12.828
0
66.37
0
7.474
69.58
0
0
0
17.199
8.76
115
0
0
0
0
111.84
0
57.81
0
0
64.71
0
0
0
0
171
119.79
96
0
0
16.141
0
13.191
12.328
14.722
0
115.11
0
0
5.5
19.894
12.074
67.22
0
18.186
11.077
84.06
0
86
82.93
41.26
0
114.84
0
0
76.95
63.52
0
0
7.715
0
0
5.784
0
0
110.55
14.589
0
0
0
0
123.62
0
38.01
36.63
71.81
0
0
64.49
5.407
9.087
111.32
0
0
13.512
15.564
101.26
0
0
0
57.41
0
0
0
0
186
170
0
70.71
95.84
0
11.082
124.98
14.952
7.918
0
14.876
0
36.19
0
0
146
10.136
0
0
105.73
49.51
0
0
13.234
7.31
0
0
130
12.725
19.576
0
121.71
0
0
0
18.854
55.12
80.24
0
10.312
0
0
0
96.18
0
15.193
0
0
0
118.96
19.342
0
0
161
87.11
0
0
0
96
15.133
12.525
0
11.847
0
142
0
68.92
86.26
10.859
0
103.79
104.69
16.26
53.13
0
33.15
159
69.42
16.774
123
139
52.49
0
0
119.16
0
0
0
13.533
90
0
150
0
0
0
135
0
35.71
13.966
0
0
0
33.77
0
0
0
73.49
15.822
0
7.474
0
54.36
0
86.92
6.055
0
6.496
0
0
18.689
5.144
0
76.42
0
0
178
0
10.295
17.537
17.979
0
92.23
110.89
0
0
0
50.15
64.69
106.22
0
16.546
0
17.441
0
100.8
0
46.65
120.97
101.33
0
10.688
9.941
81.82
0
63.03
0
0
102.91
0
80.3
30.38
113.85
0
0
0
0
14.198
0
116
8.18
79.29
112.8
18.924
6.756
13.502
12.241
0
119.5
5.325
74.34
0
10.409
39.83
0
5.967
0
18.486
16.797
15.541
0
0
109.26
0
79.49
0
74.02
9.381
17.5
12.483
115
0
71.72
0
6.741
70.53
11.834
0
109.46
0
0
39.67
58.36
0
0
0
0
113.19
13.118
148
0
81.56
85.99
104.51
131
16.321
0
10.83
0
0
0
75.8
52.71
0
19.847
12.725
0
43.99
0
0
0
0
5.853
0
0
19.094
16.076
87.52
0
58.87
88.11
69.64
0
0
45.29
14.647
108.31
0
19.51
0
0
0
76.52
14.161
0
0
0
104.67
0
0
80.21
0
14.863
49.92
0
53.13
0
74.59
0
13.025
101.42
71.85
0
0
0
0
100.78
59.27
0
7.55
102.19
0
7.13
0
123.87
71.04
18.127
120.52
0
0
75.11
0
10.963
0
14.524
98.35
88.08
0
0
0
0
0
0
0
0
16.877
13.114
0
0
0
32.79
110
118.45
77.1
0
16.394
83.71
98.56
87
0
0
0
0
0
8.63
0
15.236
0
59.8
177
14.178
0
0
10.473
0
43.31
13.772
0
82.17
122.95
107.3
0
0
0
18.051
0
0
0
13.36
0
0
0
16.04
0
0
0
0
0
5.141
0
0
5.784
0
0
0
0
0
100.82
0
0
0
19.318
13.883
48.73
0
14.254
0
94.45
99.22
168
8.845
78.59
0
15.235
14.572
14.139
0
51.9
0
0
128
0
0
0
0
11.393
0
0
12.728
0
0
0
14.616
30.79
145
0
0
43.94
0
0
13.805
0
8.966
0
7.58
121.14
0
0
11.88
0
5.438
76.4
91.86
18.925
0
115.83
0
0
0
18.573
0
94.07
0
8.226
0
15.637
30.26
0
0
69.48
0
0
61.27
17.087
74.5
107.95
76.15
7.897
0
0
0
8.144
0
37.2
43.77
14.421
7.875
0
0
122
0
15.869
46.22
0
5.037
6.156
0
14.687
51.34
120.54
19.904
0
5.062
0
12.077
86.39
0
84.45
0
0
0
94.19
76.1
0
0
0
0
0
12.924
16.304
113.17
54.37
0
0
114.37
33.52
0
97.07
0
0
0
13.105
0
41.23
8.461
8.702
0
6.253
145
0
112.7
18.146
124.4
39.32
0
0
0
92.55
0
5.083
64.24
0
72.72
0
5.443
0
0
78.92
0
0
65.9
179
0
0
0
0
17.473
123.76
12.752
0
0
0
86.74
80.56
13.431
107.1
144
6.978
0
179
0
0
44.02
110.37
5.086
0
17.121
0
59.94
51.67
17.573
56.81
5.439
0
5.307
16.67
0
101.66
104.16
42.43
83.54
85.83
0
0
0
7.229
13.277
57.17
13.347
0
0
116.92
32.33
11.004
0
0
0
181
11.058
0
38.81
34.13
93.19
74.99
0
122.3
0
0
0
0
0
109.1
0
34.61
0
17.776
85.9
14.056
0
17.221
119.18
110.56
13.043
0
0
0
54.77
112.17
119.24
0
0
71.85
0
13.164
42.5
90.6
0
35.72
0
19.557
10.69
35.41
0
12.374
0
0
67.58
0
0
0
0
0
113.96
8.013
34.02
120.53
0
17.248
0
0
118.19
0
0
37.98
54.95
0
114.2
89.77
0
32.93
5.549
0
0
0
0
17.742
18.872
52.72
0
0
10.835
0
0
112
0
6.088
0
147
106
17.274
87.09
8.464
109.81
100.71
17.475
0
0
117.41
78.49
15.143
0
118.44
7.531
10.449
5.282
89.77
124
0
92.08
0
121.75
35.19
163
98.58
0
0
5.731
0
0
0
106.36
0
0
87.48
13.197
0
42.94
19.295
11.844
31.88
130
0
0
0
120.93
0
0
0
33.63
0
0
0
0
9.998
0
16.102
84.51
79.28
6.129
12.007
14.745
15.026
0
15.506
98.76
0
37.25
0
14.733
0
0
12.431
114.19
8.929
0
0
0
115.09
0
0
11.85
0
0
103.35
0
68.49
183
153
60.55
90.16
71.07
0
0
41.8
76.35
53.83
90.34
96.52
31.42
18.573
91.02
6.138
0
114.62
49.57
0
0
0
0
57.01
5.401
94.23
78.59
108.62
111.24
0
11.633
102.79
0
0
0
93.48
65.68
0
19.777
8.816
10.932
0
37.65
113.66
0
75.35
120.44
0
0
0
0
0
101.2
0
115.43
11.877
0
17.857
0
11.328
0
0
0
0
46.69
0
0
19.623
0
118.35
0
65.36
16.52
10.305
0
0
69.28
124.32
0
0
110.41
105.27
7.846
58.87
0
80.77
84.57
105.75
96.67
0
17.578
0
38.88
0
0
46.16
0
49.41
0
0
0
0
0
0
8.979
12.297
15.947
6.918
0
89.89
40.13
15.724
112.68
0
0
9.725
93
82.4
53.29
91.54
0
14.036
34.95
0
0
140
84
77.07
0
0
46.23
10.595
0
39.05
0
0
0
0
0
43.64
84.97
7.719
0
66.27
0
90.91
0
13.18
0
11.194
17.273
110.17
118.75
0
0
12.753
13.05
0
0
0
0
54.5
52.16
64.29
13.945
0
90.57
58.61
47.92
0
0
0
0
7.43
0
0
16.575
31.99
0
11.681
0
0
14.383
16.062
98.62
0
15.077
0
0
47.18
61.39
10.849
36.83
0
88.25
0
115.03
114.33
14.462
0
0
0
15.537
124.77
0
0
0
0
0
0
7.963
5.547
12.33
0
14.243
117.42
0
67.04
51.03
8.514
41.8
37.05
8.943
10.178
13.075
0
0
0
0
0
7.073
12.715
30.28
0
103.62
88.43
0
19.956
0
0
0
9.283
0
15.048
0
0
0
9.315
0
0
0
0
0
72.09
15.904
60.3
0
0
0
0
136
5.224
0
5.869
34.95
42.65
61.24
0
55.19
0
0
101.73
121.34
0
106.38
12.713
80.86
116.47
0
110.9
92.11
0
0
74.32
0
49.17
89
0
0
0
0
0
88.85
6.366
111.71
0
81.92
0
0
14.356
0
0
0
0
84.55
58.57
0
89.35
0
0
0
0
90.4
115.07
0
90.85
93.01
49.87
14.731
0
0
0
0
106.63
64.94
0
0
0
13.772
0
118.53
94.26
0
16.061
65.23
0
0
14.993
10.14
0
74.53
0
0
0
16.993
12.119
10.318
118.99
31.39
7.746
0
0
0
0
6.436
16.074
91.51
89
17.354
19.529
0
0
114.67
0
18.345
0
0
0
0
0
14.755
8.576
11.303
0
47.12
0
92.89
7.512
0
0
0
18.485
0
0
14.723
54.36
119
0
80.76
0
0
12.677
11.593
0
111.48
0
0
0
55.22
6.283
43.26
0
0
0
0
65.36
96.83
0
15.842
18.582
0
8.078
86.3
69.2
7.863
41.91
16.989
8.893
0
0
95.97
0
50.0
64.58
81.61
0
92.09
0
69.4
0
27.11
12.368
0
0
12.061
0
18.262
0
16.182
0
0
10.499
0
59.43
6.484
0
0
0
13.374
0
9.528
15.641
24.23
17.056
62.97
79.92
35.56
8.359
0
94.31
89.71
16.73
0
12.75
80.49
0
0
25.95
59.05
91.75
0
16.918
15.17
51.89
14.749
57.13
8.684
15.676
97.61
0
0
0
15.343
34.37
0
0
0
13.175
8.95
19.655
0
0
0
0
0
0
10.626
0
0
0
0
0
0
0
0
75.91
10.193
16.84
16.198
9.256
0
19.636
15.045
9.49
0
11.405
0
88.91
13.684
15.208
0
0
0
81.36
11.474
0
0
0
9.8
11.858
0
91.1
5.766
0
0
39.86
33.87
0
39.42
0
14.194
0
15.175
39.51
6.191
0
0
0
0
8.128
12.122
6.852
41.1
8.567
0
0
18.776
0
7.471
88.81
23.94
0
39.12
87.07
0
0
0
0
17.441
0
12.284
0
0
0
0
0
47.52
0
36.64
14.37
17.502
0
0
0
0
0
14.18
0
0
0
95.63
0
12.976
56.04
9.545
14.92
24.96
22.95
27.05
18.102
0
63.08
81.72
0
0
0
15.87
93.67
13.951
16.12
18.978
0
14.253
0
0
17.779
0
45.91
36.87
0
0
8.856
15.331
97.26
0
0
0
15.604
46.91
0
9.051
0
6.434
0
93.59
0
10.286
17.903
0
0
10.364
0
9.597
0
26.53
46.77
27.92
0
5.668
38.03
0
0
5.138
0
11.65
70.77
0
75.1
0
0
0
73.56
6.749
0
71.58
47.03
7.264
17.77
0
0
0
14.308
10.685
0
19.39
0
0
0
9.152
0
7.203
42.19
0
11.754
8.649
0
0
0
8.876
0
0
12.394
0
0
0
61.88
0
0
0
68.77
12.268
0
0
0
0
0
6.519
0
16.064
13.506
12.115
0
0
20.89
0
0
0
0
15.347
0
0
0
16.305
0
19.415
0
14.283
9.477
55.75
0
0
0
83.55
0
0
6.376
6.637
81.51
30.58
10.154
0
0
0
0
17.779
0
0
8.136
15.719
0
0
0
64.49
0
15.525
54.52
0
0
20.49
0
10.443
0
12.914
0
0
83.55
19.754
48.06
0
0
12.017
0
49.04
0
17.62
0
73.98
0
8.605
0
0
0
5.315
10.461
0
0
0
18.339
96.2
0
0
8.751
0
0
51.9
0
11.575
17.543
8.536
38.7
0
19.275
0
0
0
12.76
0
5.258
82.13
0
0
0
14.992
19.042
0
8.212
0
12.345
21.24
71.28
94.14
82.58
18.282
17.474
0
62.85
0
77.93
0
11.412
0
60.4
12.176
0
19.967
91.83
0
0
13.605
57.95
0
11.945
16.126
5.129
11.33
0
63.66
46.36
0
0
14.369
7.359
12.968
11.034
64.87
22.97
0
12.014
75.9
0
17.847
0
6.053
10.477
0
0
19.073
5.128
0
5.856
0
17.14
0
14.879
0
17.903
0
25.95
21.09
16.997
9.39
16.295
0
0
0
0
5.656
0
0
88.26
0
31.89
0
92.32
0
5.676
9.726
0
0
0
86.84
7.357
0
0
37.98
11.454
11.312
0
0
0
46.25
0
0
0
13.112
81.7
67.12
0
0
69.73
57.45
0
18.237
0
0
66.27
41.39
7.582
14.611
0
0
0
0
0
0
0
9.562
5.54
0
0
0
27.86
9.012
0
9.69
13.979
0
9.711
0
0
10.862
67.68
13.129
7.975
0
15.817
38.35
0
14.967
0
0
34.82
0
66.7
0
32.33
6.043
15.569
76.08
78.33
0
0
0
8.678
0
86.74
40.39
30.29
0
19.764
27.3
45.29
7.121
0
0
12.161
13.391
0
0
13.418
0
0
75.76
0
32.61
8.025
0
0
52.81
0
12.692
0
18.646
0
0
88.72
14.975
0
65.68
0
0
0
19.191
0
0
0
0
0
16.378
28.82
0
0
17.11
16.438
0
7.453
0
0
0
0
34.54
0
10.562
0
0
0
29.8
0
78.19
15.391
78.08
0
0
5.928
0
0
85.5
14.826
0
12.516
0
0
0
0
0
0
32.89
0
16.525
15.819
6.271
11.718
18.352
11.932
17.693
0
5.276
8.669
14.419
0
0
64.86
0
8.8
46.03
0
0
0
0
0
54.31
0
0
0
6.317
0
10.899
79.26
8.629
11.482
0
0
37.46
15.859
0
56.65
7.019
41.61
19.175
15.336
77.24
0
0
0
17.115
0
48.85
30.8
0
0
11.933
7.462
11.736
0
12.391
11.142
0
33.04
53.14
0
0
7.277
0
10.351
12.282
0
0
0
0
0
0
0
80.64
0
7.469
0
0
0
84.55
0
7.64
8.008
0
11.02
0
0
0
0
19.535
80.41
0
0
0
0
0
0
86.9
29.37
0
93.42
6.439
5.15
39.37
0
0
50.5
15.694
0
16.828
0
12.146
19.346
12.649
0
19.798
0
10.269
8.196
5.035
9.573
34.98
0
0
0
7.095
14.089
16.649
0
0
0
41.15
0
16.515
0
0
5.518
0
5.636
71.22
50.1
0
13.27
0
0
0
0
96.06
12.683
0
13.295
6.326
0
0
0
0
25.31
0
15.565
0
0
0
0
0
9.633
0
9.242
30.62
0
8.019
16.33
0
0
0
14.346
0
0
0
0
0
5.987
0
0
5.38
12.594
0
0
0
9.748
14.642
0
0
0
19.62
0
0
0
47.6
0
0
0
0
0
0
0
12.6
0
0
0
0
10.04
0
0
7.651
5.872
0
0
54.69
0
50.9
9.341
17.463
13.82
0
0
13.632
39.36
11.712
0
0
41.75
8.203
0
10.26
20.27
0
0
0
13.538
12.314
0
8.12
10.639
0
0
0
24.86
0
12.568
4.4
9.346
16.018
0
0
39.24
0
0
17.889
13.088
0
0
43.77
47.23
0
18.89
13.205
0
12.542
9.537
0
11.372
0
0
0
56.44
0
0
8.177
0
8.34
0
57.64
24.22
4.08
0
0
0
0
15.038
0
18.056
15.198
0
0
0
0
0
9.191
0
0
0
17.841
0
0
0
37.85
0
0
0
14.97
0
40.91
0
14.13
10.933
9.861
0
0
0
4.15
14.475
0
0
18.51
0
53.8
30.5
18.06
15.913
0
11.85
0
0
0
0
43.27
0
0
19.635
32.28
0
56.66
28.99
0
0
0
0
0
11.333
0
0
0
0
0
0
0
0
0
10.573
0
19.376
0
19.73
14.098
0
0
6.253
5.834
0
0
0
0
0
9.929
54.61
6.869
0
37.25
0
0
0
0
8.483
5.684
0
13.811
0
0
0
15.494
0
14.045
0
0
0
0
8.571
58.14
0
0
0
6.89
20.31
0
0
13.652
5.146
0
0
0
0
0
0
0
0
0
0
0
0
13.892
0
0
0
56.95
12.499
9.135
0
11.789
20.68
19.593
5.486
7.857
18.35
0
0
0
0
0
0
0
0
16.341
0
12.78
13.123
0
9.642
49.27
0
0
12.952
0
12.064
0
