0
24.77
9.59
0
11.431
7.291
0
0
0
25.442
0
0
0
0
0
28.278
1.815
11.815
22.513
0
18.38
14.02
0
0
0
17.503
0
0
9.227
0
19.476
20.212
4.61
0
19.744
0
0
0
26.831
21.189
0
0
0
4.381
0
0
0
0
18.067
0
0
0
0
16.809
0
29.72
0
28.622
19.457
16.171
0
0
56.72
0
28.888
0
0
0
0
24.198
13.683
16.477
0
23.41
0
23.102
0
0
0
13.944
0
0
12.483
29.4
16.37
0
0
12.893
0
0
10.971
0
4.468
16.778
0
4.599
0
31.586
26.86
16.244
6.581
8.403
9.423
21.543
5.388
9.87
12.89
0
0
0
37.81
0
28.316
0
15.49
0
29.14
55.22
27.792
0
0
11.754
28.42
10.888
0
27.74
0
0
0
28.91
40.94
0
17.493
0
9.582
7.761
0
0
0
23.56
14.572
0
16.668
0
6.747
25.057
11.36
27.221
10.918
21.646
0
0
20.677
31.42
16.971
0
13.465
0
17.963
0
15.413
16.684
0
0
0
20.33
0
0
8.144
0
55.9
0
7.522
0
0
22.954
0
20.455
11.765
16.176
0
0
0
31.932
0
27.49
10.503
0
0
28.006
0
0
0
39.61
17.38
1.717
3.716
17.795
0
0
0
5.017
28.91
32.88
14.76
20.665
0
23.267
0
0
40.92
11.482
55.89
0
0
0
0
0
12.711
0
24.14
0
0
0
6.204
29.517
0
5.019
0
0
5.378
6.989
0
0
37.83
19.067
0
0
0
0
30.337
0
0
10.093
0
12.5
60.49
49.65
0
16.91
25.392
32.36
14.145
0
0
21.557
0
0
0
4.937
34.8
28.728
70.86
20.595
0
76.75
15.687
56.29
20.691
24.086
0
0
8.055
52.81
13.34
61.42
18.262
48.37
29.197
0
0
0
66.64
19.26
21.194
77.14
9.152
17.573
57.5
0
30.261
0
0
0
38.17
8.872
31.263
24.738
0
29.014
74.27
63.15
22.844
47.3
0
65.78
0
26.002
0
0
53.31
0
0
0
18.734
26.833
0
0
0
22.781
0
20.72
0
26.326
30.782
0
22.651
0
21.549
0
0
22.92
77.26
13.28
0
20.815
16.43
0
0
0
0
8.379
0
5.971
8.829
9.155
0
58.16
0
0
0
29.241
16.333
0
0
9.044
0
0
41.22
0
71.26
31.908
0
28.571
20.056
0
65.25
0
4.335
26.67
0
5.169
0
0
0
0
63.82
0
78
0
0
66
0
0
0
14.96
15.42
78.63
21.846
17.062
0
4.337
52.01
16.034
7.832
0
77.88
7.454
42.63
14.653
32.05
22.893
0
0
0
0
0
0
10.821
19.2
28.767
0
26.094
0
0
5.648
38.5
0
76.01
0
0
8.547
8.311
6.987
31.293
0
4.684
12.956
6.551
0
0
12.53
33.57
0
15.526
0
29.989
0
0
62.46
6.882
0
36.2
0
0
0
0
0
0
12.543
26.738
31.75
10.831
0
30.288
0
0
18.989
0
32.97
23.328
5.057
53.13
19.962
0
0
21.2
16.041
0
0
0
50.51
31.88
28.275
15.712
0
19.923
0
0
4.607
14.93
0
7.617
0
22.99
0
0
68.18
4.892
0
25.123
47.36
70.0
0
78
20.178
22.827
0
6.86
13.613
13.82
14.44
54.87
13.932
4.403
0
0
0
25.183
6.005
0
0
30.733
15.837
0
18.903
0
0
0
0
0
0
0
0
15.97
0
0
31.305
0
0
0
17.185
6.621
8.085
31.93
0
0
21.761
73.92
15.426
0
4.601
66.02
0
0
28.548
0
22.783
0
0
6.343
74.61
5.279
0
0
27.601
0
22.402
29.597
0
0
0
0
24.643
13.068
62.38
10.042
0
0
6.537
45.99
22.8
0
8.794
0
0
0
0
0
13.18
0
54.64
30.11
23.051
0
14.912
18.25
26.186
0
19.9
0
0
0
13.98
32.42
0
46.19
13.682
0
0
30.871
4.866
55.68
75.16
0
17.858
4.703
25.775
16.694
48.45
10.26
0
25.505
73.29
0
30.46
22.113
20.95
0
19.345
18.625
0
29.261
13.886
0
21.947
0
0
0
0
0
0
43.96
71.76
0
12.746
0
22.276
13.354
28.35
73
9.213
0
46.73
0
31.426
13.974
0
0
0
5.039
0
38.16
0
0
0
0
8.598
0
0
0
0
0
77.17
26.09
0
0
24.246
19.721
26.675
76.21
0
9.292
53.89
0
75.48
0
30.179
20.565
29.885
0
20.213
0
0
6.806
66.89
0
20.776
72.4
0
11.023
0
42.88
0
21.771
78.36
0
12.594
14.88
4.601
0
0
0
36.86
22.421
34.11
0
9.727
0
31.538
0
0
0
78.69
0
25.619
0
0
0
0
29.127
0
66.52
19.877
69.69
31.23
29.24
29.653
13.922
6.158
0
0
47.74
0
0
10.74
0
0
43.36
29.34
0
0
0
0
0
52.37
0
29.746
0
9.836
0
0
50.66
0
0
54.09
0
0
0
0
78.66
24.335
0
19.549
0
0
29.983
0
0
31.466
12.18
0
0
0
0
0
0
0
30.289
0
0
0
18.295
0
19.122
0
11.835
14.552
0
16.02
0
0
0
8.591
25.658
0
4.216
0
26.843
30.039
24.014
17.81
6.243
16.008
8.609
0
24.849
0
46.34
0
27.057
0
0
0
0
22.7
25.54
0
0
0
0
6.692
10.579
0
10.133
16.244
0
15.841
0
13.86
22.352
22.75
26.698
0
25.699
8.013
61.9
25.68
0
0
14.057
23.83
26.092
0
30.02
21.41
0
0
26.66
0
13.84
8.996
27.337
0
18.93
0
0
0
0
0
0
23.47
16.851
0
13.257
16.391
0
42.49
0
0
0
0
28.86
22.22
45.99
18.167
0
0
0
49.87
16.393
54.25
0
0
31.151
23.711
0
0
0
48.66
14.788
22.57
5.875
0
60.77
26.797
19.39
0
23.574
39.98
0
44.08
0
0
0
21.087
12.33
7.52
30.161
33.28
25.197
30.906
0
0
0
0
0
0
27.457
28.721
29.116
55
17.02
0
68.7
0
78.91
0
28.873
52.73
12.28
14.25
8.2
17.341
18.4
7.621
18.692
30.191
0
55.51
26.41
0
7.371
0
0
27.049
0
32.41
0
24.304
0
66.0
0
0
0
0
0
0
11.37
46.13
7.279
0
0
0
8.664
23.234
14.037
11.976
0
22.908
0
31.516
0
23.109
0
0
0
9.388
0
0
30.7
18.695
0
0
0
25.97
4.411
65.02
0
0
16.908
9.766
11.57
21.2
20.668
0
0
51.41
0
14.089
0
0
0
0
25.514
0
0
0
0
0
0
0
11.691
12.622
0
12.547
29.824
0
20.861
0
0
0
0
23.641
71.14
22.146
19.753
0
0
88.24
16.439
88.77
0
0
28.29
20.671
16.27
0
35.52
45.72
41.83
0
0
85.81
0
0
84.31
4.86
24.8
0
0
0
0
0
0
0
22.444
0
0
74.19
31.78
5.359
0
23.349
6.997
22.19
0
23.934
18.185
90.22
26.394
0
0
31.959
44.89
21.94
0
7.505
0
66.36
16.608
51.32
22.027
0
21.729
0
52.05
0
18.094
21.185
13.356
0
26.375
12.818
17.778
0
0
27.29
84.87
0
41.34
0
81.96
0
0
49.5
13.192
0
0
13.128
0
58.92
18.105
83.02
66.5
53.57
84.52
7.398
6.204
10.428
10.057
0
12.31
36.19
0
0
73.93
0
0
0
28.268
19.152
14.831
12.807
0
0
29.72
0
0
14.807
0
0
17.067
28.942
0
0
14.308
0
0
8.246
0
15.89
80.29
0
0
29.22
0
23.917
0
0
26.015
0
17.068
27.895
0
38.44
0
22.176
21.738
76
0
14.449
11.105
27.538
0
28.29
88.88
68.57
0
58.51
0
0
0
15.343
79.73
94.86
19.388
21.527
0
55.39
0
0
73.51
68.96
8.184
0
14.597
39.41
0
37.11
26.674
84.59
4.914
23.344
51.35
80.57
23.74
0
124
62.39
22.92
21.51
87
43.58
0
8.997
57.05
0
67.31
0
20.906
0
91.31
22.168
73
82.18
110
31.967
88.06
0
20.102
65.5
0
0
0
0
5.178
0
0
38.21
13.88
28.832
0
13.527
8.58
0
66.97
52.23
0
26.304
0
87.49
0
0
63.59
18.019
28.542
0
78.71
0
0
0
0
16.281
0
38.73
16.27
0
29.79
0
12.579
68.5
127
73.71
60.81
0
87.65
0
94.89
36.79
12.868
0
60.83
23.866
92.34
0
0
20.556
4.211
0
85.35
19.515
11.73
0
29.622
0
0
0
120
32.05
10.36
0
7.624
0
53.28
4.08
10.038
8.858
10.82
114
15.715
41.14
36.87
79.71
0
0
19.142
30.17
0
18.479
63.0
29.971
0
28.94
23.384
29.698
19.413
0
0
23.084
0
54.07
0
0
11.924
89.95
19.081
91.92
0
27.429
57.27
0
9.386
14.385
15.946
0
7.791
0
0
9.952
0
47.82
78.36
112
42.01
24.13
25.68
33.29
0
16.882
0
36.28
30.862
0
52.61
0
0
57.86
0
0
6.488
28.769
0
0
13.989
93.62
0
21.343
24.699
80
27.105
0
9.64
0
0
26.146
81.78
33.65
47.23
0
75.57
0
26.039
62.48
0
41.89
29.483
0
5.313
21.192
70.12
9.719
81.84
0
0
5.102
22.81
0
0
0
59.7
73.28
25.29
0
11.734
0
0
26.073
0
0
0
0
0
0
0
19.654
19.719
0
0
15.007
0
0
0
23.377
30.483
0
0
10.665
44.04
91.14
16.791
57.18
0
84.0
0
0
7.452
0
28.07
0
0
66.18
60.49
0
69.05
0
22.544
19.891
31.269
29.813
70.69
0
0
0
0
26.411
0
49.83
0
19.198
17.206
0
26.76
21.247
0
31.049
26.987
0
0
20.204
64.02
79.68
12.931
31.44
0
0
12.927
23.81
28.15
16.266
62.98
0
6.734
29.382
20.039
22.212
0
11.709
0
21.25
15.47
36.46
84.84
26.76
0
32.4
27.795
0
7.344
39.16
12.482
0
42.65
73.28
0
21.84
5.947
0
79.96
31.842
11.254
7.454
0
0
52.92
0
0
28.58
64.56
26.113
0
0
0
0
0
46.69
0
50.56
90.78
10.457
22.256
4.912
6.083
21.706
92.74
0
0
21.096
21.175
0
96
15.922
0
0
0
29.57
0
116
12.642
0
0
82.54
0
0
28.288
29.775
0
23.49
4.221
6.664
0
22.4
0
83.63
5.45
0
21.934
0
18.19
4.709
0
28.331
0
70.58
87.84
27.068
0
16.643
24.568
6.125
0
93.27
0
0
0
89.27
6.644
0
0
62.99
0
13.102
26.906
0
28.47
0
27.048
0
28.369
76.02
0
0
56.11
7.755
21.501
54.31
7.489
24.399
0
0
46.6
0
0
22.388
0
0
0
0
87.34
4.942
16.382
68.63
49.53
0
21.57
0
0
25.099
0
6.043
0
0
0
0
0
0
0
0
18.247
0
55.26
21.897
16.873
0
22.661
0
0
17.668
18.828
0
0
0
0
0
51.68
8.374
0
58.73
50.9
0
82.22
6.339
85.1
0
20.87
0
46.68
30.742
0
0
0
14.611
0
14.876
27.546
0
10.917
10.444
9.669
0
4.723
0
0
0
8.041
0
23.4
0
59.22
0
0
0
11.729
0
0
10.647
0
0
9.418
21.64
24.467
42.83
0
84.23
53.55
30.66
0
11.158
0
15.621
8.338
0
7.194
29.903
0
94.08
0
28.06
0
12.172
0
20.496
10.395
0
0
93.57
0
11.041
0
14.882
46.39
14.79
26.08
55.69
19.678
7.433
0
0
67.37
20.631
0
28.472
83.13
6.929
0
0
0
0
0
0
20.75
0
11.992
4.927
0
13.864
0
17.521
0
21.591
0
0
0
51.91
0
44.57
0
0
0
8.446
79.55
43.52
0
18.224
13.861
22.443
0
0
60.49
30.949
0
21.297
24.347
76.54
30.1
36.06
49.11
51.04
0
0
11.277
0
54.55
87.33
50.73
67.25
6.669
24.716
0
0
7.576
50.27
0
80.89
0
62.88
14.551
0
62.01
25.233
0
0
0
0
5.063
11.266
0
19.072
20.683
0
0
0
0
25.592
21.928
0
21.69
0
10.064
0
0
0
70.37
55.76
24.95
16.584
0
25.487
12.132
39.25
0
0
0
22.932
0
83.99
23.992
0
0
0
53.73
9.868
6.324
0
0
0
48.32
65.78
30.8
55.32
0
0
0
73.36
0
17.975
0
0
0
0
30.01
0
0
0
62.61
13.964
7.346
28.21
0
28.233
0
21.739
28.502
0
0
0
0
18.2
67.31
17.967
0
0
0
25.127
31.183
0
72.49
0
30.5
17.64
0
11.819
0
0
17.333
18.422
0
26.86
69.91
65.48
0
42.66
0
0
22.248
0
118
0
18.58
0
0
7.842
27.37
43.94
0
23.98
0
94.16
112
67.36
50.83
85.39
16.003
18.782
62.76
0
14.248
92.12
21.611
0
0
0
22.83
87.59
57.01
17.786
0
19.117
0
20.047
0
0
31.03
5.712
0
14.121
0
0
49.92
0
0
30.289
0
0
0
0
31.44
23.785
0
41.18
26.597
44.94
68.91
20.221
21.81
0
6.848
29.15
97
13.582
0
0
0
92
6.268
0
0
8.585
0
0
17.235
21.017
68.5
0
58.86
25.253
18.35
18.82
0
0
28.555
0
67.76
0
0
0
16.162
66.75
14.944
0
0
17.533
0
74.99
82.79
31.349
0
31.892
89.34
0
0
8.603
28.07
11.32
0
22.065
0
0
19.718
0
0
28.061
0
48.67
0
0
27.818
0
0
0
46.69
12.196
61.73
12.505
80.9
0
26.211
0
26.935
0
26.107
84.01
0
29.006
7.67
34.76
0
26.801
25.07
0
0
28.6
0
0
67.57
0
0
0
29.175
8.699
0
0
91.65
11.702
20.756
8.77
0
17.08
49.76
0
25.914
52.1
0
8.548
30.248
14.001
28.75
0
10.495
22.203
0
87.31
0
6.701
29.046
17.403
20.944
11.135
33.98
73.88
15.475
64.17
11.882
0
24.503
91.79
9.51
71.88
24.82
86.82
0
55.27
8.286
0
0
0
0
14.464
0
0
0
16.398
29.293
0
49.71
5.855
92.0
22.66
0
0
25.165
0
82.11
0
24.26
64.73
0
0
0
0
0
77.71
87.91
28.23
6.706
4.81
0
0
84.77
29.766
0
52.49
0
0
0
0
0
12.015
0
0
0
0
29.836
33.47
87.76
40.66
28.795
0
41.72
0
0
15.945
0
0
36.86
82.21
0
0
73.23
0
0
0
0
15.028
51.76
20.915
0
0
39.67
9.631
24.534
63.28
29.03
12.659
10.893
34.75
0
51.11
83.65
25.917
42.9
77.81
0
41.58
36.01
6.128
28.631
98
25.337
23.549
33.52
0
28.934
0
72.84
29.179
52.52
25.671
52.67
13.155
8.262
0
57.82
0
0
6.182
100.35
25.043
0
59.46
104.81
43.18
9.867
0
0
0
18.718
37.67
92.88
0
80.65
26.248
88.25
0
27.667
24.76
29.343
142
30.91
121
0
31.0
7.638
30.941
35.8
74.25
4.398
0
92.03
101.61
75.43
0
8.95
0
18.395
61.58
58.57
70.67
0
0
0
0
0
46.63
55.47
0
31.215
57.99
111.08
12.86
0
53.4
0
0
80.28
0
0
29.49
31.07
0
28.548
29.012
0
142
97.15
52.03
12.042
0
13.733
38.1
24.737
95.23
0
109.52
0
102
0
0
26.214
0
0
13.693
0
0
0
0
0
0
64.97
4.325
168
17.659
0
39.71
0
68.71
33.41
113.31
40.83
31.476
12.179
0
28.02
0
0
11.261
39.76
25.51
27.782
71.81
0
104.19
18.007
0
0
22.509
18.966
0
99.59
30.685
148
0
0
106.97
75.11
14.067
6.629
97.36
25.18
0
0
0
0
0
38.56
24.67
0
0
21.108
0
80.89
0
0
76.25
117
0
0
0
0
25.34
70.94
24.147
82.65
26.864
102.9
145
0
111.43
89.56
0
0
4.074
44.86
0
50.48
18.477
81
0
7.083
0
62.0
29.057
0
0
18.714
21.18
0
0
0
14.282
29.139
0
22.37
26.375
105.85
38.5
0
0
0
81.14
69.68
28.186
8.071
0
0
20.098
0
7.766
0
0
143
0
29.92
0
91.43
14.793
0
5.675
109.79
27.055
0
0
0
28.084
77.78
0
0
103.68
82.94
19.742
36.63
18.399
0
0
0
16.491
23.354
110.96
0
19.757
88.81
11.133
98
31.592
12.702
4.313
0
113.3
89.46
9.894
18.269
0
0
70.17
0
81.69
30.563
0
84
101.37
0
42.92
167
30.044
27.81
0
15.59
0
7.712
28.898
0
0
21.336
97.85
0
19.251
0
31.2
11.735
0
19.056
14.87
75.93
78.54
30.672
62.9
0
30.89
84.55
37.89
11.438
0
123
0
59.39
98
0
24.18
0
5.043
4.155
0
8.177
0
23.36
9.206
0
109.64
23.412
83.16
36.36
0
56.47
0
19.917
0
97.74
0
0
64.07
18.651
0
6.787
0
82
60.06
19.147
0
25.861
30.21
20.01
21.918
0
71.27
29.655
33.92
0
0
10.795
110.54
13.761
26.583
37.92
16.51
61.37
7.863
22.342
0
88.61
0
25.188
0
50.87
153
19.163
88.21
113.82
6.612
39.51
0
31.81
18.952
86.1
29.478
28.54
0
0
18.239
88.21
87.76
93.73
0
28.459
0
32.9
0
0
105
70.59
5.814
16.694
10.808
18.188
36.02
0
23.301
0
54.0
14.578
66.65
51.71
0
0
0
62.18
0
27.49
0
113
44.75
11.437
28.644
18.159
7.838
23.867
12.702
0
0
23.54
9.34
13.419
0
94.42
18.494
45.13
0
0
31.232
21.835
20.102
80.95
14.111
0
0
106
0
0
121
0
50.79
0
88.31
0
15.121
108
72.7
18.943
37.52
9.708
0
23.34
19.023
0
0
0
81.73
0
0
39.19
0
0
78.69
19.676
0
41.12
40.36
10.151
102.99
55.46
69.4
0
0
0
65.74
23.78
0
85.44
36.36
10.079
28.161
96.06
0
0
82.12
0
36.43
18.926
10.302
21.63
20.457
0
0
23.42
100
13.156
0
23.305
0
0
0
0
0
87.12
31.436
22.833
0
0
0
52.7
144
0
0
24.42
101
42.81
48.48
165
0
22.801
0
145
21.419
0
80.67
88.28
110.27
0
0
0
20.776
0
29.575
0
6.496
0
5.41
63.65
0
0
25.302
4.055
91.21
85.7
0
11.267
0
103.55
57.6
0
28.059
24.944
0
25.795
71.15
0
21.069
16.292
65.13
0
112.0
0
166
0
28.611
0
9.077
43.02
6.9
7.71
93.85
10.042
0
0
0
0
24.684
0
0
21.208
29.641
7.801
0
49.53
0
23.26
22.38
0
109.71
14.036
30.5
0
0
11.13
13.486
18.729
0
0
0
0
0
0
0
0
0
30.68
0
13.958
8.832
17.639
11.811
107.43
17.286
0
16.816
0
0
0
0
31.354
8.083
45.94
0
64.84
0
30.771
0
0
110.13
79.23
17.571
0
0
0
0
53.38
8.257
5.271
0
0
0
4.851
36.69
0
167
0
0
0
0
0
0
21.87
0
0
20.951
0
0
20.7
30.906
0
0
0
0
0
99.05
0
28.09
41.29
29.934
0
25.679
0
85.61
0
9.609
101
18.99
95
31.207
0
0
0
11.886
23.56
25.45
113.63
0
0
156
0
0
26.815
43.07
21.435
0
41.2
13.967
0
25.486
76.87
30.61
61.37
64.05
0
0
104.25
6.722
31.323
14.357
0
42.72
103.56
97.57
0
90.23
149
0
0
0
19.47
0
0
26.0
115
0
25.54
0
43.63
53.64
20.935
6.481
35.46
49.87
19.861
0
0
0
101.33
51.18
36.7
25.698
0
0
21.449
23.584
40.6
5.695
61.59
8.368
8.334
0
9.875
9.308
82
0
70.97
29.699
0
7.647
27.087
0
0
0
0
0
11.927
0
0
46.0
95.63
0
25.818
54.41
0
0
84.84
4.816
80.1
0
11.566
0
8.96
27.065
29.79
18.0
105.48
0
12.481
62.03
25.864
14.791
0
0
76.98
19.107
87.93
0
85.61
18.956
0
30.585
0
64.52
0
29.609
94.55
17.99
23.166
62.04
107.96
0
86.74
23.974
56.87
0
0
108.65
54.24
14.796
44.39
0
97.28
17.233
30.63
0
0
0
24.517
4.187
27.292
0
46.11
8.81
60.82
81.07
0
27.926
0
0
86.08
104.57
31.498
0
0
8.316
0
0
46.53
13.661
0
8.975
0
5.972
26.173
0
28.826
0
95.61
0
0
29.963
0
16.539
25.257
0
42.87
0
0
61.26
28.559
0
0
15.547
52.24
30.103
23.55
35.79
83.88
0
0
86
0
0
0
0
0
0
34.05
130
27.44
26.916
64.39
28.881
0
16.723
0
21.768
0
0
0
31.16
56.54
0
0
95.91
15.815
20.566
68.87
0
10.107
0
48.56
45.55
0
25.43
0
0
40.57
0
80.6
6.684
7.519
15.101
0
80.74
80.03
0
0
72.04
0
81.73
50.25
76.15
99.53
0
0
25.11
0
0
50.74
24.12
0
21.305
68.39
0
59.69
34.04
21.047
91.49
24.33
31.92
19.946
20.192
98.29
107.77
0
13.619
0
94.18
0
4.703
20.291
58.5
6.945
0
12.61
42.91
70.3
26.369
9.036
13.922
0
25.291
0
37.13
17.909
0
0
108.01
24.176
15.963
0
0
0
20.489
63.92
30.099
0
113.65
0
48.26
0
14.613
23.098
17.726
21.395
43.88
28.635
0
13.068
154
71.02
86.88
0
0
6.612
0
88.46
0
31.57
0
90.92
29.093
0
9.23
14.902
72.59
26.67
108.89
31.992
0
11.421
108.76
28.187
0
43.91
0
31.135
6.632
5.555
0
34.89
44.75
0
0
85.45
22.102
17.148
0
60.31
26.16
31.911
0
16.466
0
0
14.22
0
19.692
29.989
92.75
105.95
17.146
19.417
19.537
0
113.42
67.37
84.73
77.65
0
29.872
62.39
0
0
45.89
15.63
0
0
15.926
0
10.015
113.76
0
43.13
74.01
0
87.42
32.89
0
0
4.109
23.232
22.04
7.622
58.76
39.15
23.015
0
110.52
78.25
13.885
8.099
73.73
0
0
0
53.68
31.472
28.534
0
70.71
0
0
0
0
0
0
27.81
0
163
0
0
0
27.77
0
0
0
0
0
12.986
28.405
0
0
23.078
0
0
111.92
10.682
0
0
55.72
100.88
0
17.847
13.393
0
0
28.564
0
7.629
25.894
147
0
0
82.77
62.0
56.37
17.918
4.018
0
23.55
30.197
0
0
0
0
0
73.76
54.18
13.207
0
5.461
110.55
63.72
0
0
0
89.84
135
0
42.87
0
0
27.78
0
30.559
83.82
0
0
0
0
31.408
90.42
8.654
31.745
8.763
0
95.74
0
0
66.57
0
42.28
0
59.61
35.93
88.38
21.151
46.05
26.49
103.53
0
0
6.917
0
0
0
0
5.048
92.29
0
0
0
16.934
58.48
81.57
4.367
30.983
4.171
19.692
18.106
0
0
26.532
4.209
48.24
0
25.453
8.312
87
106
0
67.6
0
0
9.818
106.19
28.754
0
0
51.48
30.77
0
77.27
0
13.998
0
62.72
40.43
0
0
27.274
17.545
53.31
111.91
109.28
44.18
15.362
84.2
73.07
74.31
26.895
0
0
169
75.73
13.682
0
20.14
0
81.06
7.169
0
0
0
22.033
31.519
70.89
15.402
21.829
14.589
93.72
43.5
23.24
0
17.088
0
15.342
24.565
0
77.8
106.06
14.975
64.48
126
4.306
100.17
92.15
45.09
0
0
0
16.186
91.78
0
111.49
0
11.489
0
22.295
0
0
81
63.74
0
0
43.91
31.33
29.573
0
87.37
0
59.47
0
16.763
0
53.96
68.1
0
59.55
0
22.842
73.33
78.42
29.364
19.948
0
0
0
91.31
28.794
0
0
0
79.04
0
0
23.753
0
0
0
66.96
27.623
0
0
10.916
0
36.21
0
39.89
22.416
31.191
21.42
0
23.323
0
7.897
0
5.078
19.363
0
31.912
0
5.094
0
0
0
25.152
26.053
28.181
0
27.192
36.42
0
0
0
64.25
80.5
0
0
134
0
8.526
0
95.77
83.18
0
107
13.293
0
4.35
53.05
0
0
0
9.406
25.42
0
0
0
0
23.386
12.806
0
0
6.671
54.93
0
50.32
64.28
40.43
29.573
19.431
0
30.251
54.15
106.1
58.55
0
23.876
144
6.247
64.95
69.03
0
0
0
5.634
10.844
13.196
0
11.334
45.92
0
29.91
0
26.986
26.433
0
25.045
22.589
0
0
0
60.23
28.19
0
9.142
0
0
5.014
8.114
22.418
0
29.34
51.24
77.86
82.03
22.9
0
9.122
58.02
0
0
0
45.28
35.46
46.07
0
0
0
18.913
0
26.519
0
11.656
0
7.512
44.89
0
12.23
24.06
0
15.031
106
0
0
20.92
0
23.123
0
0
32.74
16.122
0
0
0
7.764
0
0
18.9
21.19
16.326
0
68.48
27.742
6.534
24.738
0
0
0
0
0
13.915
10.831
0
0
31.549
64.32
0
56.87
54.68
25.63
0
63.77
23.15
0
25.255
16.712
20.376
24.16
0
0
13.604
4.642
67.38
0
0
0
0
16.366
0
0
30.458
22.502
4.872
0
29.055
10.856
23.949
0
0
29.141
29.691
29.625
0
0
19.787
8.129
28.68
13.879
0
0
0
80.57
0
11.503
8.539
13.535
55.27
0
36.0
17.43
20.347
15.267
16.631
11.09
0
73.64
0
12.988
16.829
0
45.87
81.38
52.79
62.27
0
5.937
21.3
0
0
0
9.897
55.85
23.378
26.559
0
36.16
21.18
50.03
6.2
0
23.28
25.21
28.93
0
66.99
29.35
20.1
49.99
0
0
0
0
0
23.3
0
0
11.159
84
0
0
0
15.788
39.55
13.033
64.8
0
71.64
29.506
0
119
0
0
0
0
0
31.043
29.51
10.218
9.568
29.56
0
0
14.64
0
0
19.851
4.475
18.897
20.102
14.425
0
45.22
0
42.74
0
0
28.384
0
0
0
72.14
13.105
0
45.29
18.11
0
7.235
0
114
63.83
19.092
0
69.99
6.989
16.086
21.958
0
6.051
0
0
21.92
21.727
34.74
10.55
14.208
17.515
20.953
34.72
22.285
0
0
27.345
7.246
25.331
0
34.23
21.76
20.529
0
9.969
0
0
12.263
21.627
0
43.62
31.894
18.677
0
27.59
18.136
30.584
0
23.884
0
47.92
0
32.97
6.391
25.048
10.543
16.087
24.026
30.33
27.994
0
0
0
0
20.395
0
80.4
21.606
35.25
31.295
25.526
46.11
0
0
0
22.487
48.7
0
0
36.65
79.32
0
119
31.692
79.7
0
24.28
17.803
35.13
0
0
78.88
71.13
12.189
47.06
0
76.58
0
0
11.925
0
68.31
0
0
0
0
58.82
31.447
79.25
0
8.591
48.88
6.59
4.08
0
17.696
0
40.75
0
21.73
116
0
0
24.429
18.786
39.1
0
0
75.74
0
0
5.153
0
9.415
0
0
41.2
30.64
33.17
35.08
72.22
0
30.802
55.23
0
26.288
0
0
15.792
0
59.1
0
0
9.802
17.232
0
0
0
0
29.889
30.457
18.783
0
0
0
0
69.88
14.874
23.91
0
12.108
0
15.785
0
0
30.378
9.375
0
6.953
0
35.44
28.576
45.69
0
6.494
0
19.686
23.22
0
0
16.691
72.3
31.41
71.72
31.214
0
6.255
50.62
23.381
0
0
50.78
0
11.561
0
6.598
25.93
82.56
68.96
31.872
0
61.49
56.18
0
11.31
38.44
24.58
30.98
30.74
0
16.711
17.689
23.87
30.73
29.776
13.98
14.137
13.165
9.056
23.189
6.026
0
23.843
0
0
0
39.43
14.941
0
0
14.336
35.46
26.576
62.95
23.205
0
0
0
0
0
0
25.008
0
70.3
30.946
75.81
0
69.39
18.211
11.349
19.483
60.98
6.406
55.76
0
24.689
25.16
0
0
0
19.22
0
0
0
36.61
25.917
0
80.56
0
0
26.416
7.744
46.7
0
26.487
0
8.301
0
0
43.48
16.459
0
22.237
29.238
23.98
0
19.621
47.56
0
19.06
21.1
0
0
0
46.78
30.639
0
0
8.771
0
11.491
29.995
6.975
0
7.36
0
29.405
28.605
39.64
0
0
0
0
0
0
6.51
0
21.313
0
0
55.11
10.82
0
33.1
0
63.14
70.49
28.035
20.611
0
54.67
0
0
0
61.46
0
79.93
24.972
4.76
18.923
24.298
0
80
19.665
80.28
0
10.454
0
0
0
0
37.85
10.156
0
40.12
0
19.821
0
0
0
0
0
17.02
25.102
75.12
0
30.591
21.206
82.56
0
0
8.591
18.626
71.72
0
31.44
86
0
0
14.623
10.08
0
11.914
4.898
47.94
71.28
0
79.81
0
74.07
17.001
7.1
80.25
0
69.19
54.58
23.545
0
0
0
35.52
29.22
30.647
0
45.82
77.91
0
62.66
22.812
8.652
30.05
9.368
0
25.02
55.94
0
19.871
6.539
63.35
50.47
0
72.2
0
26.212
54.87
0
0
11.232
45.52
0
0
29.003
23.24
17.406
24.055
33.33
45.57
10.873
0
69.39
0
28.53
66.75
27.939
0
80.47
24.099
30.539
19.435
0
5.737
64.54
16.664
0
45.43
4.286
15.599
69.67
0
48.29
0
0
20.629
37.44
30.243
7.804
24.24
38.54
18.241
11.142
76.43
40.46
0
21.92
0
55.16
0
64.42
0
12.529
29.14
0
31.883
16.607
31.374
26.512
12.389
0
76.36
34.62
29.52
78.79
28.412
9.091
6.429
14.519
0
10.703
12.113
90
20.218
18.176
26.99
17.124
72.08
5.847
0
0
0
0
19.903
53.13
34.92
0
0
0
0
0
70.79
23.191
0
0
110
0
63.32
9.546
0
34.57
0
0
0
0
70.82
23.909
28.0
0
9.88
0
0
0
0
0
0
20.832
0
0
0
0
0
0
0
0
0
9.731
0
8.303
4.099
0
43.92
23.77
27.608
11.759
14.65
0
27.048
48.31
0
0
0
16.79
25.105
28.303
0
15.61
0
0
6.174
23.819
0
0
0
0
0
60.48
0
15.91
0
0
0
0
0
0
23.651
46.13
37.23
31.993
20.708
0
0
0
0
6.203
0
0
0
0
25.549
0
0
4.02
0
24.27
0
17.212
24.523
0
9.091
6.51
0
21.577
18.622
0
26.424
9.76
0
0
0
29.0
0
0
0
43.82
0
47.33
0
26.04
0
4.292
0
26.49
0
14.813
0
0
0
49.94
9.551
0
19.47
21.064
31.171
0
0
19.023
68.73
23.603
0
0
0
0
0
0
0
4.677
0
0
15.335
0
0
17.497
14.362
29.455
0
22.461
22.77
0
68.14
13.045
17.749
0
31.014
5.399
0
0
13.74
9.658
4.84
13.506
0
0
7.885
25.85
15.714
0
0
0
9.401
0
0
0
61.85
0
31.704
70.42
0
31.504
24.576
0
12.57
0
0
0
0
0
20.899
0
70.1
0
0
31.266
0
0
16.107
0
17.036
0
0
0
4.733
0
19.529
64.48
33.75
29.178
16.513
21.687
12.53
0
7.317
21.348
0
31.86
25.457
0
37.34
0
0
0
6.697
0
0
0
0
0
0
0
0
56.93
0
69.77
25.363
0
0
5.73
43.09
10.364
0
0
11.659
0
47.81
0
17.786
0
0
31.889
0
0
22.28
0
13.377
0
0
0
51.62
27.403
0
8.4
30.286
0
0
0
0
31.921
24.75
22.421
9.531
0
17.603
0
0
6.451
15.078
18.189
36.75
23.322
26.778
0
42.54
0
0
0
0
0
25.595
0
0
0
5.029
24.87
0
52.96
0
67.13
58.54
0
0
0
15.034
13.06
0
0
0
0
0
4.35
