0
0
0
11.125
0.9
0
0
2.169
5.055
5.402
0
0
0
0
13.509
0
0
0
0
0.712
0
0
35.59
10.611
13.614
10.312
31.59
38.45
42.3
4.752
49.89
0
0
0
12.422
0
7.72
0
0
0
0
4.427
0
1.373
14.392
33.01
15.74
0
9.61
0
2.556
4.778
0
0
0
38.99
0
0
0
0
7.385
0
44.06
10.188
20.94
0
0
0
0
47.76
0
6.993
0
3.88
0
0
0
3.368
5.156
0
1.808
4.499
7.39
0
3.766
4.901
5.101
7.028
12.151
12.663
14.532
0
0
0.864
0
0
6.924
10.486
0.198
0
12.941
0
48.2
12.4
4.483
1.674
9.821
1.957
0
0.32
11.24
1.316
14.896
10.891
10.966
8.09
0.701
0
14.888
0
0
0
0
0.681
4.08
4.326
3.66
0
0
47.56
7.619
2.861
5.571
17.9
9.456
19.83
12.717
0
0
0
4.718
10.601
0
11.478
0
0
0
0
0
12.95
2.54
1.951
12.176
10.637
0
3.881
8.405
47.63
0
5.473
0
0
32.39
0
44.31
12.169
0
15.25
0
3.565
0
0
8.753
0
0
39.43
0
23.76
3.8
25.83
0
3.526
6.167
0
0
0
0
3.606
0
0
0
0
20.44
2.249
9.602
0
11.082
0
11.093
29.25
11.934
10.662
13.939
6.29
10.82
12.409
6.346
0
4.841
21.26
0
5.094
0
4.24
12.83
0
0
0
7.164
0
0
9.298
7.159
12.54
3.541
11.82
0
46.28
7.714
0
12.936
0
0
0
11.943
13.174
1.227
0
1.764
0
0
0
6.31
0
11.558
2.71
9.643
0
0
2.375
0
0
0
0
0
0
0
0
0
33.31
11.303
52.94
0
0
6.495
0
1.16
11.272
4.984
2.53
0
5.063
12.356
0
0
8.755
0
0
5.463
12.317
6.949
10.604
9.135
14.134
2.053
3.756
44.71
4.998
35.65
0
0
3.401
47.04
7.758
0
0
0
12.213
11.68
21.29
41.57
2.696
13.38
6.414
0
14.991
3.88
8.155
21.97
8.72
0
56
0
0
10.147
0
0
1.67
0
12.847
0
8.706
0
6.175
49.54
1.747
0
4.777
14.806
0
34.38
53.07
0
0
0
11.4
0
11.58
2.44
4.071
14.04
0
0
1.762
0
1.403
12.164
0
12.629
9.115
40.69
2.669
0
9.537
13.963
0
4.741
0
0
11.769
6.71
14.61
0
14.05
3.106
18.7
44.3
17.53
0
26.75
0
0
0
12.252
0
46.47
13.828
48.74
17.55
36.07
59.34
26.64
0
4.678
4.029
9.575
14.377
0
0.485
0
44.8
15.61
0
46.17
3.054
7.665
62
4.407
14.055
4.716
3.553
0
5.745
0
27.33
0
1.018
0
8.086
8.396
23.93
8.609
0
64
0
9.916
39.15
0
11.641
0
9.193
28.42
4.387
8.644
29.7
26.51
0
7.264
5.707
53.88
10.3
8.57
11.749
7.032
18.14
0
35.56
6.223
4.571
6.028
0
17.16
0.388
0
14.751
0
10.085
42.0
7.464
5.652
48.71
0
9.686
0
0
8.11
26.44
0
0
23.58
0
0.527
12.031
0
11.898
0
0
0
11.848
52.81
9.4
2.714
54.73
1.619
1.345
6.065
3.53
0
0
36.72
0
6.765
0
0
33.87
0
0
0
0
0
0
0.515
0
8.9
3.013
3.997
0
6.763
0.581
72
0
79
15.34
0
0
0
0
6.13
0
0
0
13.478
52.59
6.564
1.213
2.723
37.35
56.2
1.213
61
11.464
0
0
13.86
5.512
54.98
0
5.923
0
45.9
0
14.074
55
4.41
0
0
7.839
14.829
0
0
0
53.74
0
0
0
50.7
0
0
1.135
7.966
0
0
5.591
0
0
10.507
26.95
0
11.544
1.266
7.147
13.048
33.26
0
6.166
39.08
44.7
13.132
0
12.404
14.913
12.8
11.873
0.813
0
26.34
0
11.341
13.128
5.82
6.38
0
0
0
29.77
10.205
0
0
0
0
0
12.663
13.501
0
0
2.728
10.26
0
8.579
0
0.821
9.726
41.89
8.821
13.791
0
0
0
0
0
2.589
0
0
43.71
0
6.889
1.02
3.432
14.522
6.696
0
13.672
0
0
0
4.597
10.18
0
9.32
0
0
35.65
54.79
9.212
40.75
6.792
0
10.153
0
8.77
0
14.063
4.248
9.35
0
5.136
0
0
0
0
0
13.062
7.225
0
0
2.12
0
58.37
5.127
27.96
1.52
5.608
0.554
0
35.25
2.014
0
0.033
1.47
0.386
44.85
17.95
11.757
10.495
1.542
14.013
0
14.452
5.364
0
0
14.835
0
18.25
0
0
7.172
13.3
0
32.64
18.84
2.472
12.672
43.41
12.163
40.52
4.027
0
0
0
0
0.262
0
13.291
0
0
0
3.038
38.57
8.482
30.97
55
8.818
0
35.66
14.808
1.798
0
0
6.926
5.518
4.864
0
12.412
8.036
0
0
12.18
0
8.523
35.09
5.36
6.791
15.06
0
0
9.692
0
11.079
5.63
32.78
31.99
0
0.55
11.221
58
0
0
4.24
1.301
5.36
0
0
0
3.471
0.168
0
0
34.26
0
29.04
3.538
0
13.622
0
0.266
10.951
0
12.042
12.058
6.95
0
4.04
0
2.158
17.64
18.69
11.315
14.46
0
14.347
3.857
0
2.142
9.579
2.57
0
13.016
7.198
0
5.157
0
14.447
7.599
0
13.144
12.813
5.103
20.58
0
0
0
9.139
0
14.674
3.173
10.001
0
0
4.566
0
10.733
10.342
30.41
0
0
13.899
34.11
9.408
3.85
23.92
0
0
0
6.43
31.45
9.289
9.04
30.05
14.178
0
0
4.985
6.327
4.513
0
0
12.14
11.86
36.61
45.07
4.449
7.334
0
13.592
23.29
0
5.895
0
3.55
46.85
12.398
6.445
11.61
0
18.83
40.11
39.26
0
10.449
3.436
0
44.96
0.0
36.78
9.129
0
0
0
0
7.056
0
0
29.89
0
72
0
12.638
42.71
0.045
5.698
13.877
9.617
0
0
0
8.248
0
9.663
0
55.22
2.024
6.612
4.722
12.435
7.239
0
5.203
3.988
0
0
0
14.796
12.866
5.78
3.41
32.34
0
29.96
0
5.847
13.393
3.531
0
2.609
9.706
0
0
39.39
0
0
0.735
50.44
0.874
0
5.656
0
0
15.43
38.7
0
8.246
0
14.602
16.3
0
0
0
0
9.836
13.443
2.089
5.564
0
8.155
0.093
52.36
8.749
51.61
0
10.904
0
0.777
23.99
10.444
8.549
25.8
9.6
0.505
16.23
0
6.263
10.31
0
13.512
8.967
3.8
12.352
0
5.126
0
12.565
0
1.465
2.55
0
52.32
0.466
3.102
3.296
41.9
3.95
0
7.764
9.39
0
11.215
0
5.629
20.13
0
52.9
0
10.757
10.648
24.63
9.064
43.97
2.907
27.98
14.59
12.13
0
0
2.2
28.48
0
40.53
8.778
0.606
3.336
0.506
67.17
6.068
38.02
9.765
9.734
0
72.38
14.157
71.41
24.65
13.914
32.0
5.62
0
0
0
0
1.44
89.79
0
0
0
0
0
14.21
2.149
21.47
0
5.27
35.99
14.845
0
46.59
52.33
10.351
5.464
0
27.33
0
82.91
65.05
4.465
0
3.932
0
81.82
5.842
0
55.4
0
0
0
3.41
84.59
6.894
7.428
0
6.201
5.514
0
0
0
5.873
4.682
0
34.26
0
57.0
55.3
0
0
2.902
0
0
14.13
12.32
18.95
0
61.9
29.14
0
5.488
0
13.275
12.92
54.0
39.93
79.87
11.805
68.06
0
1.214
14.55
13.07
0
2.027
4.947
74.1
14.029
0
25.03
0
13.44
15.94
0
0
0
0
13.789
14.085
4.937
4.836
12.95
5.64
0
10.086
0
6.025
12.331
20.89
0
3.363
48.65
3.91
8.913
0
1.284
0.45
0
4.693
34.17
11.442
14.251
0
2.64
68.73
41.34
0
13.992
47.47
27.4
0
31.93
6.192
27.09
9.977
7.554
11.419
6.285
0
0
39.92
56.01
5.571
0.549
0.132
54.96
0
47.17
0
61.67
0
67.82
71.35
0
0
3.943
0
2.214
63.21
6.31
8.521
64.85
0
2.382
70.35
10.658
6.644
10.821
14.915
0
18.48
3.03
0
0
31.84
0
12.303
12.129
30.52
5.014
0
3.8
0
5.315
42.02
14.985
0
0
7.161
0
59.19
67.18
36.88
8.683
0
68.49
22.92
4.198
77.33
0
0
10.87
0
0
42.15
120
0
0
0
4.613
75.74
11.548
13.699
38.74
0
0
71.52
14.7
12.994
0
11.63
72.09
0
32.61
0
7.858
3.736
0
5.42
2.243
0
0.29
0
2.663
0
0.44
6.89
6.9
0
0
0
0
0
5.066
0
9.638
0
0
0
13.992
5.574
44.56
0
0
29.29
13.82
0
0
75
0
0
4.084
14.598
5.436
9.77
34.57
0.743
83.52
21.1
12.192
62.54
47.0
0
2.13
0.474
0
0
30.04
11.657
10.73
48.76
87.34
0
0
0.19
0
34.41
54.94
13.795
11.582
0
8.71
13.179
0
11.24
0
14.844
9.001
2.863
11.862
42.97
0
1.76
0
0
2.802
0
16.76
72.4
0
0
8.16
107
5.85
0
12.587
4.312
7.935
0
0
0
15.08
8.584
0
11.499
0
60.15
9.554
0
11.75
5.718
64.1
12.879
0
3.105
17.69
6.118
78.56
1.809
89.15
0
11.411
59.98
38.36
0
102
2.977
29.43
0
0
0
3.165
0
2.73
30.5
0
0
8.84
0
3.683
0
12.89
82.4
7.019
10.2
3.813
14.494
0
38.09
24.4
0
3.586
7.098
1.653
0
7.38
0
3.796
10.692
8.349
0
0
0.188
8.166
71.95
0
12.247
0
56.86
4.603
50.84
10.622
13.001
1.732
17.98
68.17
4.744
81.06
0
0
2.636
0
12.838
0
0
0
0
7.002
2.81
8.195
28.4
7.504
0
24.41
8.96
0
0
59.61
0.889
36.48
88.92
0
20.17
6.224
0
0
0
39.45
0
5.834
8.079
9.302
0
0
7.5
0
0
0
111
5.327
1.72
38.79
13.885
0
96
27.48
0
0
0
16.64
78
0
0
85.84
14.89
0
12.576
42.11
0
7.747
6.856
34.83
0.38
0
50.11
0
5.32
3.071
4.623
10.042
14.899
4.9
11.621
5.372
62.87
0
10.16
0
12.311
55.28
9.91
25.56
0
0
11.254
100
46.36
0
1.34
0
0
49.17
75.41
31.98
1.908
126
0
9.962
0
0
0
0
9.684
0.022
0
8.568
0
0
0
0
10.115
57.58
0
8.083
67.67
89.81
12.859
14.414
0
14.981
54.4
9.158
0
82.23
14.14
0
0
1.942
0
10.536
18.97
3.88
0
13.4
14.401
11.631
0
0
52.03
86.95
0
1.2
76.63
23.69
3.049
0
4.362
0.061
0
68.69
8.533
88.65
0
0
14.299
0
0
0
0
75.32
51.22
58.03
0
0
31.68
5.25
0
14.24
82
0
0
0
4.495
72.01
23.33
0
11.028
0
6.897
1.703
0
0
10.675
13.786
59.72
2.731
29.7
0
15.98
83.46
46.75
5.22
0
14.716
0
21.73
38.8
0
13.46
0
0.856
20.52
0
0
12.932
8.246
33.83
0
0
4.607
3.188
0
0.863
7.419
0
9.501
8.178
40.71
2.3
7.6
0.475
12.244
5.986
26.45
0
10.96
14.578
0
0
0
0
18.94
0
0
3.857
12.573
4.81
4.598
0
34.56
1.695
0
2.041
7.757
2.525
4.263
0
31.34
0
5.547
0
0
0
4.765
38.38
0
96
39.41
10.07
20.05
0
0
47.04
0
0
6.667
0
10.448
63.99
84.66
8.838
14.274
0
75.03
0
23.6
0
2.34
0
40.04
41.96
0
0.126
53.93
53.95
0
78.43
33.97
5.725
12.99
0
0
0
0
0
0
0
0
13.593
79.89
0
2.02
122
6.157
10.66
0
13.343
4.591
12.622
0
0
65.02
86.51
74
0.453
11.022
0
1.262
23.69
3.551
41.58
4.283
1.864
14.65
0
34.2
0
0
0
14.08
0
73.8
0.183
4.225
14.28
11.5
6.564
58.17
6.46
6.656
80.99
61.62
0
0
0
0
5.741
74.16
0
7.955
6.805
12.644
0
0
5.599
0
88
3.084
17.45
0
0
64.56
0
0
9.194
9.193
0
35.67
11.757
0
0
0
12.075
22.03
0
0
72.96
3.625
69.82
7.161
10.248
0
0
8.754
89.83
0
0
0
12.64
73.89
0
2.583
104
6.153
70.24
7.565
3.739
3.933
79.25
58.1
12.52
0
0
12.78
0
0
1.546
4.931
12.018
0
6.484
1.079
0
56.04
0
44.11
66.5
0
0
10.552
8.537
1.066
0
14.02
32.29
0
5.556
11.86
29.34
0
0
72
0
0
81.27
63.91
7.089
0
8.482
12.133
0
72
0
0
7.915
11.235
4.476
0
87.11
57.94
5.9
6.342
12.678
13.33
7.62
0.338
62.1
15.7
0
0
73.04
0
44.73
14.306
4.89
0
15.21
76.76
56.1
0
10.354
12.834
75.65
0
1.134
3.129
0
5.728
19.35
14.87
87.7
0
0
6.004
8.503
7.151
3.28
11.856
11.328
36.05
0.211
6.401
40.26
0
7.91
73.88
45.07
89.88
0
0
34.62
10.643
2.621
55.98
0
52.71
10.93
0
0
0
12.303
11.709
0
0
0
4.73
11.798
89
41.13
9.551
4.409
0
0
12.143
64.26
10.142
3.036
0
10.369
11.235
0
72.97
56.89
77.06
60.11
3.17
0
6.526
8.785
30.45
9.932
8.751
0
0
0
0
13.281
2.242
69.98
0
9.591
0
0
17.1
14.191
5.265
98
32.11
0
0
0.304
19.76
0
0
13.333
77.91
4.886
0
10.276
0
22.21
0
4.907
5.435
24.69
0
29.13
5.165
10.441
38.52
5.218
0
4.092
8.208
5.785
0
18.39
0
0
1.943
0
0
24.1
0
0
47.02
41.86
0
10.1
0
13.08
79.08
0
0
88.37
12.786
0
13.966
32.04
13.752
16.81
0
12.362
20.76
1.208
44.81
4.31
34.57
66.71
14.556
15.72
0
61.63
0
9.235
2.758
23.98
101
58.24
0
1.277
3.941
11.039
4.372
0
41.74
74.48
16.6
5.381
0
9.19
0
14.677
0
7.651
2.78
59.29
0
0.531
2.415
12.248
14.772
0
0
39.6
8.335
0
0
2.943
0
0
0
0
84.98
2.885
10.427
2.059
9.556
6.572
0
11.472
0
2.763
7.79
0.117
0
29.77
11.532
5.116
4.25
0
14.4
0.054
9.244
94
115
45.68
14.579
3.636
0
34.04
8.296
35.04
0
50.27
75.62
13.929
11.43
13.581
0
70.7
34.88
13.252
0
4.051
0
85.77
0
7.004
14.918
11.041
10.61
0
117
7.415
0
0
32.91
75.42
5.886
76.9
8.798
0.498
0
41.29
49.32
57.23
14.309
3.007
12.22
0
0
3.483
115
17.91
6.459
5.703
9.111
10.155
67.9
68.84
11.681
8.474
0
3.061
0
5.611
0
13.21
14.776
7.795
0
79.09
0
0
0
3.366
3.796
0
10.0
13.484
0
0
0
11.989
57.22
0
0
12.999
0
1.068
48.47
4.578
0
0
10.004
0
74.78
68.89
7.479
10.81
2.08
6.436
1.454
25.72
54.17
0
0
7.427
0
51.65
6.016
8.735
0
5.53
0
0
12.788
0
0
6.319
19.14
0
69.06
13.954
48.64
14.141
124
0
0
22.07
0.063
0
0
28.12
68.18
17.01
0
49.45
0
12.269
8.075
5.372
80.63
69.48
0
99
7.002
0
0
3.02
0
0
101.11
21.21
0
0
31.58
105
0
5.564
0
39.94
0
11.287
7.79
28.0
0
0
0
6.266
113.2
0
50.4
8.742
0
0
6.64
0.802
0
42.92
75.5
7.798
3.936
5.113
10.241
13.513
6.43
0
62.77
76.63
0.011
10.097
13.34
0
77.13
36.97
4.93
3.323
0
71.67
0
12.563
89.52
0
96.6
112.27
2.056
0
5.163
11.862
0
0
50.43
0
4.294
0
3.382
14.209
7.076
3.879
0.97
0
10.791
0
74.62
0
1.1
11.47
6.765
14.438
43.81
1.564
1.802
0
9.198
0
8.101
123
1.468
60.07
2.535
7.24
0
8.301
8.987
36.48
21.28
38.21
0
80.9
9.733
2.042
16.57
0.705
0
93.78
0
0
0
0
13.761
53.15
14.254
0.563
29.41
4.339
7.088
0
0
0
92.58
41.29
85.34
92.07
0
0
2.608
0.199
45.86
102.64
4.937
22.46
0
119.64
0.979
0
69.69
23.44
0
47.22
104.67
22.24
13.103
74.52
106.45
4.01
12.931
2.751
63.91
66.02
115.23
0
110.27
7.796
0
0
10.097
8.539
2.324
100.99
0
10.093
12.943
3.228
0
3.107
10.961
0
0
70.43
0
0
0
0
2.595
86.41
9.886
0.239
0
0
5.212
0
13.91
0
0
0
0
0
7.43
0
3.684
7.317
0
1.205
8.877
4.493
0
0
0
54.07
0
112.52
0
9.059
0
0
0
5.456
0
8.26
0
0
0
8.181
83.02
119.9
81.84
0.726
81.84
9.59
12.406
52.43
0
0
77.5
13.037
7.997
55.83
69.38
46.95
27.66
0
0
0
35.26
13.816
0
79.89
24.62
1.341
0
0
49.3
7.018
0
23.55
83.14
0
0
12.73
58.37
77.24
74.06
55.31
0
38.93
42.26
0
0
0.088
0
14.075
12.82
0
30.3
26.57
0
4.467
0
38.77
3.305
87.76
2.97
0
0
2.522
0
0
93.89
108.8
8.357
3.413
0
0
0
9.144
64.29
6.183
75.53
5.542
11.696
15.75
2.26
62.02
0
0
0
0
59.45
100.68
18.2
0
0.845
20.5
0.33
79.6
11.573
71.95
0
1.079
102.24
83.92
13.038
0.161
13.145
0
14.851
12.051
0
84.94
6.535
88.96
6.671
0
5.62
0
66.28
0
21.91
0
0
7.497
6.47
5.734
32.03
4.424
6.261
0
0
0
94.87
13.985
0
0
4.599
0
0
51.29
12.24
0
10.235
6.293
0
42.74
75.24
2.684
100.32
9.771
0
27.03
0
0
0
0
61.6
43.86
11.789
0
6.421
67.37
70.73
4.34
2.541
5.1
105.21
137
0.371
0
103.65
2.667
0
14.1
0
3.394
0
87.97
89.9
5.395
21.03
8.774
0
0
65.97
0
2.832
63.47
0
90.92
89.71
2.329
0
0
5.001
110.87
0
9.818
13.516
12.378
9.134
81.14
0
7.988
29.12
5.029
74.19
3.07
79.7
9.55
12.144
4.163
12.38
0
0
1.43
37.67
0.661
0
0
0
0
8.329
0
1.164
0
1.72
0
0
0
0
6.923
13.248
0
19.26
0
2.961
0
80.33
37.41
0
70.25
5.856
0
5.808
11.024
97.68
7.26
14.73
0
44.27
0
9.657
0
97.22
4.954
13.875
0
0
0
0
0
0
12.262
17.48
67.3
0
0
0
102.87
10.538
6.76
0.916
0
29.11
11.918
0
0
0
14.451
0
11.663
10.683
0
0
12.758
115.98
20.57
0
9.486
26.13
35.64
107.12
68.74
68.93
0
0
0
0
0
0
0
0
96.84
50.47
94.13
0
53.95
3.004
2.326
0
14.717
97.05
9.075
14.82
106.04
2.224
0
14.12
0
0
52.44
21.4
115.64
1.024
0
6.66
31.43
100.77
6.548
0
13.503
4.959
0
92.96
0
5.158
16.72
7.17
0
9.68
0
12.821
0
122
0
100.95
0
0
0
87.9
14.11
4.304
0
0
32.89
0
14.309
28.81
0.183
0
0
89
0
3.434
6.137
0
12.983
0
0
4.467
85.55
0
117.44
71.3
1.372
0
0
72.75
0
0
0
0.16
14.23
52.6
0
0
11.492
3.54
63.65
0
38.83
41.25
14.971
0
0
0
14.281
74.84
30.06
63.74
11.041
58.8
0
10.41
47.29
0
110.89
0
46.15
6.476
0
0
0
0
0
11.646
0
21.28
0
75.15
60.75
0
0
0
12.282
30.58
10.618
0
0
0
0
0.314
6.45
0.358
35.35
13.455
6.27
55.65
124
0
91.94
0
8.406
3.038
13.482
0
17.13
0
111.49
7.33
87.04
13.592
13.514
99.25
0
48.52
0
9.887
101.04
12.631
94.29
4.326
0
67.92
3.457
5.687
65.12
36.72
11.171
0
0
14.909
0
33.77
12.71
73.8
0
97.67
6.088
66.01
0
0
0
6.168
0
0
11.21
0
0
5.152
60.29
0
114.81
0
0
0
0
104.92
51.16
58.69
0
11.194
6.125
0
0
47.43
1.517
19.11
10.478
39.16
7.552
0
48.36
0
0
0
7.448
0
10.605
28.55
6.517
0
9.27
44.85
13.906
5.274
95.62
0
97.73
0
0
0
0
14.207
6.724
3.472
29.5
0
0
85.62
98.55
0
11.4
0
122
10.494
0
58.78
0
0
0
0
0
10.986
10.871
13.01
2.491
0
0
6.363
37.94
118
0
11.109
0
2.665
6.128
8.369
3.557
48.51
0.348
118.97
9.46
12.014
0
43.15
0
0
96.96
7.003
90.34
10.817
0.221
53.25
0
2.834
6.069
13.646
88.3
0
0
11.256
0.834
0
1.112
118.62
64.95
0
10.853
1.383
5.062
0
78.71
5.14
0
0
4.053
32.76
89.11
0
0
4.564
0
0
0
0
0.479
0
0
0
6.95
0
40.14
0
13.544
0
67.52
1.3
2.465
0
0
0
5.368
13.546
48.31
17.53
29.74
37.01
14.175
0
0
0
73.19
1.552
14.184
0
0
29.18
11.767
0
6.635
119.19
0
13.052
21.85
61.45
0
4.83
0.403
7.85
0.37
0.57
7.45
0
5.214
9.149
12.536
0
0
9.353
32.03
0
3.18
14.763
2.528
11.921
0
88
57.84
56.13
89.46
13.209
79.27
5.798
41.32
10.11
147
4.449
0
32.18
0
6.98
0
14.625
3.53
2.931
0.776
0.702
1.139
5.124
58.15
14.565
0
3.607
5.739
0
0
12.878
101.81
1.801
31.7
0
8.036
17.6
0
0
0
10.359
113.53
70.48
0
9.222
1.801
12.949
0
7.388
0
95.37
0.794
0
0
42.43
0
32.48
0
0
0
74.57
17.05
5.034
35.31
40.2
151
0
10.295
13.46
10.854
0.068
10.051
12.735
5.023
0
0
71.0
49.48
0
5.299
8.827
0
10.177
96.37
0
0
1.161
0
110.01
1.011
1.141
96.21
7.91
0
0
9.441
94.68
0
0
6.991
68.07
0
0
0
0
11.013
0
10.386
0
2.761
0
30.21
2.39
0
24.61
9.126
101.91
0
9.47
131
0
0.44
7.753
10.023
0
94.49
66.62
13.369
1.178
119.14
38.87
0
36.76
9.569
0
0
4.015
7.322
11.2
104
144
41.73
0
81.91
0
0
12.544
1.734
32.37
0
12.03
158
68.86
0
0
4.058
25.97
0
0
0
8.925
0
10.069
0
0
9.394
0
4.496
4.355
46.93
1.29
5.83
9.074
0
6.777
14.741
0
8.193
0
11.348
86.17
0
0
0
114.05
0
0
0
0
0
0
0.214
0
93.26
40.45
0
7.158
10.194
5.817
70.2
114.45
7.275
5.431
11.768
0
111.5
4.846
116.59
12.49
0
8.195
25.18
30.79
0.192
44.66
10.823
4.077
6.915
5.079
0
11.512
5.949
10.168
0
54.34
0.942
78.26
13.106
0
0
2.598
13.67
0
42.58
0
0
1.587
0
10.659
3.479
0
0
72.57
13.61
0
0
0
0
0
0
0
2.6
14.078
69.41
114.75
10.84
9.715
0
1.29
4.47
20.85
25.42
11.943
13.83
2.264
113.29
0
0
1.208
0
0
0
14.283
0
1.354
18.47
0
108.81
12.617
0.678
0
1.695
3.356
0
6.037
116.7
39.69
0.52
0
78.61
0
0
0.816
0
10.712
12.341
9.134
8.674
7.532
0
30.59
0.722
14.242
114.84
7.574
104.65
0
63.9
13.619
112.91
87.52
1.915
2.646
0
46.93
4.997
3.394
6.163
46.86
10.099
0
0
0
70.77
0
80.38
7.833
0
2.321
110.02
10.378
0
0
110.95
4.273
2.643
62.73
0
8.697
0
4.43
8.72
0
57.8
0
0
0
9.354
7.875
0
92.1
2.303
100.17
31.26
54.0
5.713
3.319
22.46
52.27
0
6.105
0
0.699
32.74
9.086
0
102.5
34.04
0
0
90.41
58.42
75.44
0
60.42
8.227
10.947
29.02
32.07
10.842
0
25.75
24.17
44.62
6.27
5.727
0
81.06
55.81
0
10.385
96.26
17.79
118.77
5.315
0
42.41
6.04
4.884
112.55
0
99.48
0
10.74
0
0
12.573
13.504
0
63.41
0
39.32
0
11.108
0
4.529
0
0
27.88
114.67
4.86
0
0
23.74
12.085
0
9.906
0.164
5.5
3.805
0
53.36
0.15
0
50.02
9.348
0
6.913
94.62
2.259
0
0
13.667
60.58
3.085
0
39.19
100.65
20.57
0
60.99
91.8
2.576
88.57
0
43.7
25.71
52.22
6.301
12.77
0
29.49
0
5.731
0
103.79
0
12.5
13.95
1.349
8.581
0
5.73
0
0
11.096
0
14.091
0
92.23
0
14.837
0
18.92
67.51
0
0
0.16
0
86
1.702
0
0
0
10.0
0
0.249
0
0
8.426
9.218
0
0
8.593
4.69
2.292
1.059
11.848
0
0
0
0
0
5.794
0
2.011
9.65
6.67
9.07
12.972
4.142
0
1.58
0.23
2.916
8.224
6.192
8.349
0
0.352
0
3.456
3.744
0
58.82
29.88
0
0
0
0
11.896
10.053
5.591
62.33
0
4.483
0
0
0
0
12.482
11.22
8.67
9.431
61.83
0
6.487
0.103
0
0
0
4.191
0
0
22.41
0.881
0
6.667
2.686
64.99
2.696
0
7.303
12.288
76.78
74.03
0
13.66
0
43.17
14.991
0
6.805
7.329
12.2
12.73
0
11.442
13.832
7.9
0
10.151
48.61
11.986
14.452
3.645
12.618
1.919
13.057
0
0
0
7.597
0
8.995
5.843
33.58
42.68
0.532
5.244
0
7.1
0
2.966
0
27.22
0
0
8.543
0
0
0
0
0
23.82
10.394
1.862
0
7.72
11.078
0
0.77
49.05
68.36
0
9.025
11.0
0
4.932
8.421
0
0
0
0.879
18.94
1.274
0
0
30.3
6.955
30.84
14.792
0
66.09
11.84
0
6.08
10.985
0
0
76.62
0
0
3.341
0.308
4.775
0
0
0
69.77
9.316
5.663
0
0
0
0.75
0.775
0
0
0
1.32
3.152
11.984
0
0
0
0
10.095
46.73
66.13
0
0
13.887
1.472
1.281
48.32
0
10.076
6.071
0
0
8.528
36.53
6.172
11.485
12.858
0
4.976
8.128
11.227
0
14.507
8.615
5.14
66.33
2.495
0
40.98
3.896
0
28.71
27.33
0
33.92
0
0.344
8.901
0.206
6.274
10.796
1.499
5.336
0
14.669
43.93
0
2.716
13.895
10.545
11.25
1.908
10.247
0
1.403
0
0
5.396
69.98
49.75
0
0
0.278
33.97
14.51
0
70.2
0
55.93
10.067
34.3
4.152
19.73
0
11.323
0
10.387
0
3.724
0
0
0
70.14
9.101
0
10.766
61.33
0
0
0
7.563
1.24
0
2.074
1.229
31.98
38.31
27.47
0
5.654
0
28.78
0
0
0
64.85
0
54.63
3.408
0
14.53
29.97
5.629
5.867
0
13.128
0
14.671
6.43
1.303
6.452
8.839
25.4
10.727
2.231
65.45
0
14.412
0
11.951
0
0
0
0
76.94
9.383
0
0
0
0
9.6
14.774
2.296
0
14.176
13.188
1.205
0
6.436
8.77
9.982
1.51
13.164
0
12.911
11.341
2.91
8.488
9.385
0
8.439
0
3.3
14.058
0
62.37
0
1.125
0
24.58
0
54.13
0
0
10.807
7.038
0
9.954
0
0
0
9.42
52.84
12.175
15.57
3.262
3.501
7.562
0
0
0
9.086
47.47
0
0
6.781
0
8.509
10.024
0
0
9.242
0
0
14.452
0
23.5
5.09
0
0.319
77.18
68.44
9.125
0
11.284
7.012
12.931
0
0
17.21
1.67
0
0
0
9.613
6.677
9.117
3.71
3.748
45.26
1.774
13.213
1.727
0
0
2.11
35.58
0
3.855
0
57.33
0
7.71
7.604
8.072
0
0
8.807
0
35.57
12.342
0
14.575
31.24
0
37.65
0
13.263
0
0
31.07
0
0
57.05
0
66.36
25.89
12.962
0
11.039
12.063
6.141
0
10.417
8.559
8.12
0
0
0.038
0
0
0
0
0
13.695
12.706
22.65
0
72.7
0
24.01
8.646
1.661
72.61
61.16
0
0
75.24
17.64
0
5.0
0
36.53
21.81
0
11.827
10.618
0
13.137
3.573
69.13
0
0
30.15
9.941
0
0
27.23
0
0
0
0
0
0
0
6.18
11.684
3.918
0
1.943
10.982
6.062
10.37
3.44
2.059
0
13.636
23.22
0
0
2.465
13.17
0.928
11.636
0
5.076
13.625
13.723
7.183
2.37
14.302
39.77
41.06
7.734
0
5.712
3.067
0
0
13.583
36.86
0
2.114
13.433
66.96
11.334
0
0.652
0
7.114
0
0
8.739
9.868
2.042
0
62.25
1.353
0
13.951
5.041
0
0
8.508
0
0
69.39
16.5
0
0
0
1.773
19.72
61.74
0
1.394
0
0
0
12.631
0
0
0
19.05
0
2.286
14.946
2.574
48.99
0.486
0
0
0
8.43
7.67
13.564
0
58.39
7.546
0
0
2.321
6.198
0
0
0
0
64.03
76.37
14.837
0
38.6
0
14.611
0
2.854
62.95
5.614
13.444
36.24
0
66.61
32.19
28.4
11.38
10.717
5.775
0
0.951
0
10.769
0
0
64.95
8.073
1.006
11.252
0
64.11
0
4.746
2.362
0
8.207
6.144
8.216
11.03
0
1.977
4.259
11.553
12.464
34.28
0.074
13.839
0
0
8.412
0.894
0
0
0
0
3.81
5.05
0
0
0
40.57
0
0
3.311
0.999
5.239
2.838
0
8.476
0
11.272
4.568
1.527
0
0
6.642
12.656
0.385
0
0
41.3
20.08
7.877
30.97
2.151
58.66
0
0
0
14.47
5.932
50.66
0
0
33.81
6.134
0
0
3.593
0
1.756
0
0
7.937
8.041
0
0
0
1.192
10.076
14.437
0
33.84
4.001
60.18
0
11.451
0
0
32.1
1.046
5.92
14.774
4.517
65.12
0
4.259
0
4.387
47.89
0
5.651
1.213
12.7
0
0
9.23
50.92
0.08
0
69.15
5.32
60.39
0
0
0
25.02
6.463
0
0
4.644
38.75
10.661
1.76
9.536
4.895
1.191
7.374
4.901
10.689
13.562
0
9.858
0
14.624
59.35
1.231
0
4.667
10.303
12.61
0
12.869
41.95
0
0
0
14.991
1.662
0
2.588
0
0
1.676
7.04
47.86
14.296
0
0
37.57
8.4
0
0
0
10.25
13.203
0
39.68
0
0
6.302
10.049
0
10.753
0
2.679
0
6.65
2.892
0
27.03
13.249
19.82
0
0
0
13.885
8.108
0
30.9
0
0
0
13.297
12.9
4.155
0
0
0
0
2.574
0
16.38
8.265
7.14
0
4.919
48.93
13.562
1.349
13.626
0
12.152
9.794
0
0
0
8.017
8.53
0
0
0.788
0
0
0
9.672
0
7.545
9.728
12.177
3.857
11.136
0
2.176
1.416
10.881
49.43
0.39
0
0
5.449
0
0
0
1.611
14.9
0
0.534
10.321
26.08
8.055
0
0
0
7.331
0
0
4.126
0
0
0
13.956
11.629
9.96
32.01
10.455
0
5.461
0
9.736
5.491
9.335
6.758
7.202
0
33.05
39.98
0
8.811
0
8.535
0
5.974
14.824
3.882
0
6.299
1.786
0.693
0
0
7.778
2.927
27.43
12.98
0
2.184
43.4
1.278
7.37
0
0
7.907
0
6.607
0
12.331
0
41.17
0
0
0
35.86
0
11.294
0
15.78
8.065
9.991
0
0
12.231
2.067
0
12.853
0
5.697
10.311
6.0
3.094
0
0
11.709
0.161
0
0
0
11.642
0
0
7.39
0
11.356
0
0
9.075
0
9.841
40.04
10.779
3.3
4.251
14.903
28.42
0
0
0
0
2.86
0
2.389
11.471
1.844
2.255
11.632
0
1.163
0
0
29.6
0
1.054
13.914
32.53
7.75
0
0
7.772
0
0
5.203
0
0
12.37
0
12.837
11.511
14.176
7.22
12.142
0
0
10.987
0.37
0
0
0
0
5.146
0
0
0
0.76
0.987
0
5.341
0
0
9.728
3.729
0
0
13.892
1.637
7.39
0
14.969
0
0
0
12.474
0
10.017
10.045
0
0
0
0
14.623
0
0
2.142
1.12
1.384
0
0
13.787
0
10.581
0
0
5.517
0
26.79
13.207
0
9.361
0
0
9.868
31.65
0
0
7.278
9.767
2.517
0
