15.654
0
10.598
14.277
0
35.779
0
51.09
0
37.03
0
32.25
30.515
20.448
0
2.371
0
0
35.373
7.218
15.877
29.784
0
25.516
0
35.182
51.51
0
0
0
0
0
2.696
0
58.15
0
11.46
47.77
0.754
0
16.654
19.869
0
0
0
38.194
0
0
0
46.01
0
0
17.79
0
33.486
9.062
0
22.226
26.152
58.23
0
47.62
0
1.888
0
28.34
33.106
48.95
0
47.56
0
0
31.613
0
0
0
0
31.328
30.899
0
0
0
54.14
10.676
0
21.91
0
28.47
0
0
0
37.421
27.942
0
39.87
0
10.556
29.074
0
4.178
14.121
30.171
12.938
0
0
0
0
18.06
8.615
0
39.523
10.243
0
0
0
27.598
29.345
0
0
12.243
0
0
29.105
0
0
4.696
4.634
0.482
37.803
29.401
0
28.57
0
20.065
22.328
32.13
20.289
0
0
0
0
0
29.746
5.811
0
0
0
23.769
0
0
18.246
0
21.247
0
0
0
14.363
0
36.149
9.25
0
0
41.41
0
0
0
16.234
6.847
15.584
31.057
12.213
28.627
23.775
0
0
39.01
32.95
40.86
22.1
6.458
0
0
0
0
0
0
0
15.839
0
0
4.164
17.79
20.396
5.946
1.485
42.26
17.299
0
36.741
19.911
0
0
21.981
0
0
16.5
6.807
34.672
0
18.111
0
0
37.288
25.491
2.066
0
11.078
0
0
0
48.78
37.996
19.473
1.341
0
13.845
14.55
0
32.718
0
0
11.064
38.2
0
1.161
0
0
29.586
40.23
0
10.626
56.58
5.946
0
35.1
37.86
37.318
36.261
0
59.42
0
16.364
6.875
7.793
0
30.938
10.823
0
52.05
0
39.892
0
0.378
15.463
72.1
0
0
72.23
0
5.018
0
10.71
0
0
25.656
0
0
0
0
12.992
7.106
0
0
0
1.732
25.795
38.57
17.063
0
60.91
28.79
0
27.714
0
7.322
22.889
20.492
17.301
0
0
0
30.784
19.301
9.179
26.271
0
0
0
23.261
31.073
0
31.827
23.638
25.515
57.71
18.697
23.755
4.368
55.92
39.74
13.178
0
0
0
0
33.083
18.052
0
25.876
12.05
33.65
27.61
27.532
38.44
31.259
28.008
3.079
0
0
36.573
0
15.933
18.268
33.47
0
27.102
61.75
0
11.419
1.072
0
60.08
0
20.249
25.199
16.299
1.013
0
0
36.035
35.791
0
71.03
70.5
19.293
0
16.352
30.55
0
26.838
0
0
25.018
0
4.734
2.286
0
0
14.468
65.24
15.265
14.475
0
0
16.87
0
17.221
0
0
0
0
19.032
0.666
26.424
8.58
22.354
0
8.504
16.052
0
0.614
0
2.859
53.67
12.202
0
0.559
32.802
14.835
0
0
0
0
56
16.92
6.513
7.693
33.966
58
1.79
0
0
22.939
34.272
56.48
63.09
0
21.323
0
31.78
5.005
7.373
16.091
0
71.91
34.723
7.612
34.445
0
0
26.06
37.418
71.56
0
26.838
16.74
0
0
17.44
65.85
0
31.896
4.875
29.366
33.057
16.446
5.77
0
7.355
0
0
0
13.529
4.161
0
0
0
12.526
0
56.89
28.831
67.22
16.997
39.327
0
0
0
32.484
0
0
34.158
0
0
30.734
31.261
33.01
13.754
19.253
2.754
36.949
35.138
8.909
27.729
0
3.354
11.248
22.19
0
0
38.938
47.03
0
31.41
0
33.705
13.13
13.285
0
2.715
13.204
0
33.129
3.821
71.61
15.645
49.06
0
0
0
0
13.289
0
0
0
26.346
25.644
33.54
6.012
0
33.637
11.1
0
29.505
0
0
13.659
0
14.442
63.02
0
9.329
25.837
55.49
74.11
6.453
16.068
4.382
0
0
26.616
9.742
20.305
53.02
0
31.561
0
57.04
5.269
0
19.106
14.025
0
73.3
39.885
0
6.228
18.823
14.32
0
25.758
0
14.636
0
28.42
8.444
54.72
13.39
42.54
27.857
0
0
0
12.79
23.627
57
0
0
0.916
0
0
63.79
47.9
32.816
0
28.64
50.42
71.79
0.406
0
13.77
16.987
24.194
24.598
54.45
0
0
9.754
0
0
0
0
0
0
0
26.063
0
26.618
0
0
6.785
0
0
0
0
1.817
0
33.595
52.38
0
9.034
0
15.006
59.66
18.329
0
16.394
11.696
0
45.54
0
0
0
0
0
30.433
26.306
18.861
0
23.73
0
21.084
29.41
22.56
0
13.312
45.9
0
17.985
37.895
17.294
0
0
0
0
36.661
0
12.057
13.564
0
0
6.053
2.854
29.013
8.699
43.19
0
0
0
26.778
0
0
0.0
26.386
7.995
55.6
36.07
0
17.891
0
0
18.969
0
29.513
0
26.063
0
22.433
26.715
0
11.33
0
32.186
6.833
36.34
0
23.146
0
0
35.906
0
27.38
29.225
33.949
0
0
0
0
0
16.67
0
16.05
0
3.181
28.53
14.885
0
33.092
2.233
0
0
9.397
0
0
0
15.187
34.641
3.931
52.06
6.084
0
0
15.078
10.958
37.439
0
0
0
25.859
0
16.88
29.049
10.647
66.51
0
70.0
0
16.29
0
73.72
0
25.62
0
23.812
0
0
0
0
12.025
38.571
39.2
8.056
33.11
0
24.775
6.165
36.656
20.219
69.28
12.59
0
0
36.336
0
25.987
52
0
35.14
2.717
37.27
38.6
0
0
2.792
1.109
35.087
0
7.903
0
11.648
0
38.446
0
53.33
29.576
28.23
39.08
5.651
0
6.869
26.587
39.02
17.634
0
0
0
2.899
10.137
6.684
14.29
0
36.264
50.16
16.48
23.329
5.047
13.12
34.24
0
15.657
24.867
26.17
0
9.787
23.563
0
21.366
39.788
22.494
30.921
0
0
0
16.889
28.891
3.705
16.448
31.31
0
30.839
36.807
35.63
12.687
34.38
10.584
4.33
49.41
8.644
0
0
5.062
0
3.492
3.832
0
1.099
0
24.38
46.97
0
9.73
36.43
0
0
0
0
0
0.872
31.248
0
0.334
0
0
31.123
54.09
0
0
0
47.52
72.77
0
0
0
39.883
13.38
0
0
0
13.789
2.755
0.672
2.204
0
11.053
25.21
0
32.48
53.75
33.51
67.47
0
32.99
41.04
0
0
0
0
0
1.367
0
0
0
0
10.483
30.096
16.457
32.004
0
0
16.918
24.004
36.34
27.03
36.334
22.047
50.31
10.06
0
0
0
0
15.029
20.406
0
20.319
4.165
0
0
66.16
26.73
0
0
0
33.391
0
25.364
18.87
0
58.11
60.67
43.97
2.848
4.239
0
34.149
39.791
0
18.293
0
0
0
0
0
0
27.36
22.604
50.29
73.89
8.753
0
2.959
0
0
26.17
28.661
0
31.347
0
0
20.89
0
0
0
13.05
0
57.51
0
0
0
0
10.766
0
0
36.128
0
0
55.91
0
34.821
0
13.49
18.321
0
0
0
22.502
0
0
0
0
28.352
0
37.901
7.375
0
15.472
20.91
84.79
13.841
4.289
16.951
0
0
25.05
0
33.271
32.85
0
0
17.985
38.763
82.31
0
0
23.559
5.494
74.67
0
88.5
37.993
0
37.95
33.489
0
0
0
9.756
35.109
16.111
0
20.971
0
50.55
0
29.781
5.045
0
0
0
31.86
60.7
0
16.226
25.669
32.123
0
7.623
22.447
2.776
0
0
25.148
46.72
0
0
27.63
0
55.22
0
0
0
7.958
0
12.037
0
76.18
87.56
17.965
23.85
0
38.014
0
0
45.87
76.17
14.438
0
37.97
0
25.167
39.649
27.856
48.82
80
92
0
32.639
0
12.23
0
31.671
2.018
0
64.51
27.14
6.869
0
0
16.829
0
0
32.742
0
27.097
7.083
9.895
42.84
0.202
0
7.542
61.53
21.953
17.912
0
16.838
3.891
0.539
1.573
0
91.51
26.286
27.812
0
0
62.66
0
0
26.851
30.085
11.173
14.819
89.9
5.075
30.38
6.498
37.63
69.35
26.039
0
61.23
10.55
0
32.195
30.595
88.51
9.447
0
23.298
9.181
37.955
0
29.581
20.501
0
0
73.52
29.005
1.161
29.479
17.668
17.612
26.447
71.07
0
0
0
46.47
0
0
0
84.46
89.66
55.41
0
30.318
5.712
9.494
0
0
2.808
26.453
10.757
12.56
6.955
0
43.74
95
40.46
26.798
0
0
45.55
0
14.124
87.82
34.92
11.444
11.924
19.543
94.58
9.642
4.994
39.673
0
117
0
53.67
35.411
74.61
12.201
57.72
93.06
26.085
90.06
89.68
7.344
21.735
0
38.762
35.32
23.84
82.07
0
3.214
0
0
101
0
0
0
0
26.89
5.898
0
26.221
0
0
35.569
0
34.57
16.914
11.202
0
44.86
84.86
22.662
37.16
92.02
58.51
41.26
24.742
27.1
0
17.1
24.337
0
89.12
12.695
0
31.208
0
8.169
0
0
45.09
0
0
24.491
0
42.73
12.268
0
0
1.81
4.085
0
36.815
27.812
0.618
34.862
92.65
81.83
0
24.164
14.098
0
0
0
11.2
3.661
0
39.473
33.97
72.29
34.819
17.585
0
84.01
29.455
0
75.86
25.368
0
17.325
94.6
88.05
0
25.367
4.454
0
17.761
88.09
34.298
6.669
0
26.68
0
0
0
0.381
29.116
13.885
0
35.297
19.01
0
18.874
28.034
8.703
11.885
0
0
28.215
91
1.816
0
68.98
0
67.52
0
0
81.11
0
6.468
11.477
18.181
6.338
27.121
20.446
23.567
0
47.15
43.7
0
0
3.703
17.415
34.601
0
0
18.946
28.743
0
0
11.317
26.882
0
82.23
0
0
65.32
37.769
62.57
0
0
0
3.366
99
0
0
0
0.97
0
26.804
0
27.03
0
15.077
12.247
77.08
14.243
36.578
0
43.83
26.83
0
77
45.2
2.059
32.33
48.63
7.593
0
0
24.9
38.122
18.775
0
56.36
13.199
18.512
86.77
0
0
74.06
0
35.999
0
37.815
12.631
86.82
0
20.91
35.78
34.305
39.08
0
0
39.54
33.031
0
0
21.55
77.31
61.16
14.355
0
0
2.786
29.0
8.066
13.266
91
37.44
26.045
0
27.59
0
21.77
56.41
0
13.947
83.65
2.257
23.211
0
61.68
0
28.748
3.685
73.79
0
0
27.3
58.14
68.78
36.701
48.46
44.83
0.641
0
32.758
0
24.761
0
25.13
72.52
22.067
25.66
0
0
43.89
0
12.661
7.369
0
0
0
37.522
0
58.58
34.549
9.788
0
35.235
0
0
36.374
9.471
18.486
33.648
89.58
83.51
0
24.903
0
67.36
49.68
48.1
53.48
12.953
93.95
0
0
0
0
0
0
0
4.173
87.58
4.267
75.15
28.731
0
0
88.63
0
42.62
0
33.94
0
0
90.37
56.57
24.32
89.44
44.04
31.372
0
20.018
0
0
39.666
0
28.694
20.16
0
21.149
84.27
49.79
0
71.63
0
19.793
44.73
28.709
18.389
8.445
27.277
0
70.08
34.96
0
34.803
0
35.28
0
0
3.7
12.524
0
23.912
0
0
55.24
18.929
0
0
0
0
0
30.46
0
59.57
0
12.186
0
0
0
0
31.75
36.161
84.23
0
0
0
0
0
24.706
90.39
80.84
0
0
38.086
0
0
46.43
0
7.879
0
36.11
0
0
0
36.773
21.195
6.278
23.731
89.96
9.834
55.84
89.86
0
0
0
0
23.05
0
15.282
37.82
39.5
3.615
0
0
0
0
0
0
19.009
0
0
0
0
26.3
65.44
0
0
0
0
38.72
33.52
18.398
10.71
31.873
0
6.66
55.64
15.059
60.45
0
33.06
0
29.789
18.503
0
0
0
0
75.39
0
31.725
52.25
34.091
0
75.62
23.491
80.23
36.825
56.51
0
0
0
0
38.76
0
23.32
0
0
27.946
23.33
34.71
21.924
0
11.617
28.589
87.48
0
19.499
30.4
0
0
31.07
0
83
50.85
19.623
15.998
36.68
10.778
0
89.77
0
0
38.838
35.714
0
33.557
21.462
0
0
21.837
11.464
30.904
34.23
41.59
15.458
2.754
15.5
46.76
0
2.004
0
20.207
19.948
3.848
29.058
0
43.77
58.5
58.79
0
38.7
65.3
0
22.88
39.855
60.9
121
36.256
5.121
23.07
12.939
37.792
28.258
29.674
16.432
0
33.14
39.853
0
0
31.902
0
0
0
0.405
0
0
37.817
50.61
0
38.707
34.23
0
0
29.397
94.79
0
4.869
0
74
39.52
30.24
36.218
65.27
0
20.097
94.68
44.49
93.89
37.85
63.63
0
2.922
0
29.33
58.87
25.91
34.33
0
0.853
58.83
0
26.64
93.1
0
112
0
6.182
0
67.93
0
79.27
25.54
28.738
0
52.89
0
0.159
0
52.32
21.473
0
89.42
6.162
0
6.641
0
21.859
0.497
32.839
13.52
28.244
0
2.02
0
23.05
80.38
11.129
21.7
0
78.66
22.263
9.442
0
34.736
2.098
4.327
0
0
87.93
0
21.687
0
0
0
17.634
0
65.29
61.54
11.394
0.351
19.761
0
10.522
0
35.889
0
0
4.354
3.321
2.039
1.559
22.419
6.555
0
26.14
11.75
31.41
30.446
0
0
0
54.6
11.028
14.636
0
0
0
27.147
79.3
12.942
34.796
0
3.548
0
21.468
20.775
0
0
7.419
0
26.28
0
51.76
24.631
64.92
0
34.173
32.087
0
23.933
0
11.169
40.72
0
0
25.01
29.33
12.676
0
30.86
91.16
0
5.483
16.44
36.471
0
0
0
6.27
3.493
3.424
67.54
28.608
0
82.62
71.61
16.897
32.0
30.785
38.175
61.47
12.786
78.52
102
0
29.126
0
28.36
66.67
21.331
0
0
64.72
93.05
12.769
0
0
20.846
38.06
63.95
16.841
13.351
36.28
3.501
55.27
0
37.094
0
19.64
81.91
6.594
26.9
0
17.825
61.8
4.978
23.667
20.952
0
0
62.12
12.487
9.373
25.046
33.437
72.31
21.805
5.133
0
27.935
8.843
29.09
0
0
0
34.62
14.083
20.61
12.779
32.801
22.693
24.77
0
36.24
31.505
71.86
0
0
3.136
0
3.155
25.73
86.38
33.01
15.607
27.368
0
21.78
0
30.614
58.19
0
35.921
76.91
82
0
0
33.854
89.42
19.408
0
88.12
22.801
0
40.39
1.623
8.901
0
0
0
46.77
0
0
0
0
0
11.406
0
0
23.812
19.095
95
0
9.261
0
0
46.84
80.62
34.279
0
13.56
36.625
67.26
0
0
6.773
66.87
27.698
0
44.12
0
79.83
0
57.72
0
8.217
39.864
0
0
0
0
81.6
26.424
0
0.339
49.19
0
48.39
8.527
0
35.43
27.958
51.58
28.418
0
0
0
41.87
121
30.37
37.45
0
1.199
26.561
10.436
29.592
30.397
17.323
27.64
17.511
0
30.744
17.154
0
7.873
47.43
13.474
23.16
67.52
0
0
106
38.061
7.065
0
33.57
0
45.0
14.901
0
14.748
0
36.178
16.674
27.58
79.42
5.944
70.08
0
7.668
36.038
65.38
0
3.792
0
23.222
14.642
12.769
45.85
89.8
0
21.38
24.76
15.325
0
0
14.127
28.76
0
6.718
22.933
0
0
0
68.18
66.05
8.539
0
0
0
26.38
0
0
1.516
23.149
38.436
0
0
0
27.397
85.06
69.97
6.971
0
14.51
0
83.62
0
20.23
73.43
0
86.66
76.76
3.668
0
14.63
2.366
0
0
0
23.535
25.126
0
22.095
0
98.65
0
0
46.85
0
33.666
54.76
113.62
12.806
31.369
0
0.17
8.04
53.75
13.331
107
49.6
14.876
0
25.92
0
0
0
14.104
20.36
49.42
0
6.176
21.769
0
80.63
0
11.7
2.257
36.733
46.18
0
90.9
50.8
36.565
24.077
0
0
72.88
39.489
8.912
17.434
0
0.818
80.45
0
56.76
14.506
89.44
65.99
26.408
13.529
39.279
77.91
0
0
80
0
0
24.431
21.635
95.62
31.735
33.288
38.987
56.18
0
102
0
32.251
49.49
31.892
30.36
39.562
0
0
106.21
2.943
8.649
0
0
92
68.63
0
0
0
9.978
38.089
13.71
129
100.62
4.04
0
0
2.853
4.195
19.181
10.465
38.45
0
0
0
0
23.584
39.468
102.94
7.581
37.63
18.943
15.565
90.76
0
29.425
0
0
0
0
20.678
58.06
0
0
0
32.223
24.563
0
24.26
0
30.504
68.38
0
0
93.5
55.7
0
67.3
51.81
66.34
0
19.814
36.853
3.413
11.479
28.81
0
13.94
55.56
6.995
102
0
28.56
109
64.4
80.17
16.517
35.564
27.11
0
11.314
36.039
21.96
61.07
105.36
31.09
0
25.583
0
10.023
8.823
101.86
29.429
8.123
0
46.8
0
39.285
0
0
20.682
76.33
2.174
107.67
0
63.02
0
0
0
20.33
0
125
25.288
0
62.68
0
7.014
0
38.31
0
2.623
97.94
46.04
49.84
64.22
0
36.199
130
17.652
53.8
0
0.976
0
0
61.03
55.92
9.283
0
0
88.58
0
0
0
0
0
36.423
22.21
0
34.59
0
35.05
0
32.315
95.79
3.505
78.59
20.487
85
96.89
29.08
0
0
31.67
0
74.36
0
112.69
0
0
117
21.665
108.87
0
18.465
19.619
28.454
74.66
7.857
41.61
100.58
20.702
101.37
0
0
90.28
28.936
13.649
0
0
8.024
94.52
0
0
3.295
0
7.721
0
106.45
23.6
80.9
35.229
0
127
20.466
35.789
21.689
110.35
61.95
0
101.53
31.907
49.66
1.77
74.25
0
96.99
35.277
0
53.07
62.57
0
0
8.356
5.451
0
19.566
12.532
60.17
93.37
0
72.22
6.175
100.07
32.916
108.43
55.82
0
14.614
36.576
12.366
96.56
0
0.527
0
79.0
0
2.133
22.718
0
106.21
91.23
100.11
0
42.91
98.06
0
20.824
39.696
0
2.26
0
0
0
0
31.179
0
26.89
0
32.98
34.36
27.484
0
28.88
30.729
24.53
0
0
82.03
0
34.441
7.258
0
6.723
25.26
0
36.655
81.75
111
0
6.973
35.75
37.244
0
0
0
28.15
0
0
0
20.562
54.27
0
7.786
23.605
102.39
10.421
0
0
15.592
76.51
82.44
0
0
23.307
8.769
32.361
0
19.455
37.937
111.48
38.245
29.75
15.263
39.404
60.14
6.034
69.3
0
0
79.23
0
0
9.145
0
69.66
0
0
20.35
11.287
0
83.97
0
0
0
31.74
6.047
0
14.638
17.966
18.44
25.682
0
0
30.43
16.042
0
75.56
22.826
33.168
99.49
112
0
60.72
42.39
48.48
73.75
3.319
31.559
110.3
23.227
0
0.255
17.343
0
0
19.831
79.57
0
0
70.63
40.88
17.619
85.46
14.587
0
0
0
0
7.877
20.344
0
27.837
2.553
28.926
32.475
63.84
0
24.07
53.18
102.32
0
24.354
0
107.52
72.22
10.851
132
34.47
30.95
53.51
0
29.32
0
27.755
0
29.906
19.912
27.848
10.95
17.336
25.501
0
29.544
1.531
42.89
0
4.311
0
0
0
0
25.31
0
131
32.993
95.69
37.327
0
0
39.645
53.96
17.77
12.39
23.31
0
29.3
84.84
12.574
51.65
8.57
0
77.18
27.165
7.6
0
0
0
23.922
103
137
16.214
27.565
79.81
106
0
93.06
0
12.126
37.57
19.226
21.11
97.82
29.148
29.98
0
0
0
0
0
13.456
77.34
0
17.562
0
39.43
28.71
60.05
30.457
12.34
44.16
0.495
0
0
43.59
26.432
66.27
96.3
29.1
11.491
0
17.217
67.21
106.92
21.137
0
0
0
7.13
112
24.302
52.71
0
0
0
67.08
21.797
0
22.51
11.394
63.23
67.71
98
35.95
26.423
15.716
32.874
18.843
39.257
0
0
27.069
87.06
21.89
0
35.45
0
113.37
0
32.175
63.93
6.514
148
36.017
2.569
77.63
86.18
0
34.254
107
21.796
36.273
7.283
106.83
31.361
92.65
20.752
7.939
14.766
19.225
27.992
79.81
0
0
28.24
0
57.4
58.13
31.313
0
18.942
4.273
71.69
0
94.0
69.71
19.412
38.291
14.697
30.4
3.273
38.234
82.5
0
0
19.101
4.07
32.92
31.356
0
70.0
0
32.826
27.89
23.07
0
0
0
36.76
0
26.609
77.85
1.522
0
31.22
0
44.79
6.764
35.269
23.564
79.93
0
54.35
13.891
0
35.577
0
0
23.956
5.638
28.14
59.58
11.207
9.029
40.83
98.91
0
25.4
105.99
101.33
0
80
26.733
0
36.168
27.364
0
0
84.99
106
0
20.8
0
31.79
90.54
0
29.978
0
17.753
16.697
2.178
75.55
92.0
103.82
28.57
14.156
0
16.595
86.64
8.059
62.01
21.698
0
66.19
19.796
149
1.066
17.775
22.737
27.6
27.89
0
91.15
0
52.11
0
25.325
0
67.54
13.843
0
0
58.78
47.34
0
0
28.14
27.31
37.54
93.91
21.732
61.6
0
82.68
0
6.966
28.38
25.71
1.241
0
0
39.674
85.24
36.236
0
14.253
35.893
20.393
33.96
0
34.249
118
17.0
36.122
0
0
0
38.771
135
0
59.67
0
48.45
0
26.236
112.36
56.8
13.185
96.06
0
32.54
0
24.86
0
8.587
15.881
4.417
3.687
0
36.369
1.67
58.73
0
0
1.141
0
4.596
16.218
32.734
3.837
38.497
7.488
88.21
16.484
0
102
42.88
18.41
30.044
0
6.336
0
32.858
0.867
0.941
0
84.4
0
13.564
14.974
15.787
35.709
93.81
0
0
109.57
1.179
70.37
5.71
1.06
28.3
28.2
30.231
91.4
81.49
34.29
31.391
0
26.321
13.755
8.846
48.57
0
28.251
108.4
0
60.18
0
0
0
85.39
0
26.367
0
0
23.95
0
31.523
88.53
0
11.846
30.99
6.665
20.012
0
9.845
0
0
14.529
0
0
21.24
37.476
44.95
4.509
0
36.39
30.47
20.197
98.14
19.356
32.41
18.984
33.386
120
39.73
0
56.83
0
9.906
0
0
38.06
0
0
0
20.889
14.403
18.293
0
115
94.99
29.502
18.104
94.97
116
39.196
33.13
38.164
0
29.567
0
30.757
0
23.237
0.47
86.71
38.796
22.922
39.045
9.061
101
15.03
73.19
99.71
0
48.58
19.773
26.36
0
0
31.75
0
0
0
19.788
100.07
0
0
37.49
15.976
0
0
0
0
87.39
39.79
7.534
0
67.54
34.156
0
0
0
75.66
96.42
39.7
75.41
12.831
140
24.401
0
7.428
59.32
19.016
100.67
17.167
0
11.834
0
101.63
81.89
0
24.73
67.37
0
0
0
0
1.168
0
91.79
52.59
0
2.386
21.02
28.062
0
68.97
0
0
0
8.162
7.499
0
71.99
9.205
34.06
90.39
23.36
95.68
12.802
0
35.0
26.869
65.05
0
3.913
0
90.83
99.5
0
66.62
84
0
0
25.394
16.097
75.65
0
31.03
89.59
129
0
39.921
3.771
0
0
87.65
26.818
105.52
0
30.443
107
95
68.48
0
16.117
0
62.56
0
0
0
16.192
110.67
31.14
0
101.74
57.05
105.82
65.93
24.587
24.776
34.0
0
0
0
109.51
62.94
0
109.38
35.043
0
25.33
29.88
17.127
38.088
1.04
0
1.828
0
0
32.445
84.27
0
48.19
0
0
23.92
39.284
18.893
95.79
107.7
10.666
54.05
0
0
56.7
66.1
8.197
0
38.14
29.083
0
98.68
35.341
0
0
106.27
25.14
65.15
37.02
9.136
33.203
0
74.38
1.364
100.74
8.03
0
9.537
84.25
26.16
35.044
30.506
0
102.86
21.606
0
0
10.765
0
28.207
0
37.99
0
14.946
81.4
6.265
7.848
0
34.579
109.05
62.18
2.532
0
103.45
13.166
0
0
10.697
0
107.53
51.57
92.2
0
111.97
8.01
95.44
62.81
29.931
14.275
0
0
2.713
29.919
0
34.94
105.78
13.835
31.58
22.588
0
0
93.3
8.088
10.874
110.86
28.24
0
0
0
37.475
74.14
0
112.52
0
23.129
110.23
32.935
38.02
38.846
49.34
0
0
0
34.852
100.46
17.871
30.493
22.184
37.897
30.7
26.99
21.85
6.313
5.588
0
22.851
0
73.16
0
33.41
15.869
34.2
26.162
0
0
23.46
35.048
0
0
0
45.85
91.76
23.479
49.78
0
83.3
39.99
0
33.29
107
80.69
0
37.34
17.175
96.95
19.5
8.725
0
38.789
0
19.096
0
0
0
0
25.959
0
99.28
38.308
0
35.696
0
0
0
3.885
28.438
0
110.24
30.82
26.381
1.805
0.811
19.075
0
149
20.33
57.89
39.713
0
7.21
24.548
29.15
33.37
0
0
101.44
112.7
95.73
30.248
111.16
0
0
0
0
83.2
18.736
28.075
0
0
0
28.872
92.89
81.44
0
0
79.16
6.82
38.13
127
75.63
95.0
53.85
24.43
0
20.126
70.7
3.697
51.7
65.48
0
0
0
0
45.35
12.901
7.794
22.2
0
55.92
0
102.0
104.87
57.89
35.95
0
0
0
17.877
35.76
104.93
105
78.45
0
31.153
51.14
0
30.246
63.75
22.837
38.985
1.671
0
132
58.9
27.779
64.07
0
22.62
0.158
0
4.427
1.349
83.47
0
7.487
104
112.42
0.746
35.279
0
37.53
50.19
0
0
0
0
25.57
75.27
39.801
34.02
0
0
0
0
77.29
14.38
20.306
68.01
79.34
3.472
5.321
13.628
61.01
17.9
0
72.96
0
40.13
83.97
90.34
28.616
36.536
23.437
36.32
0
12.321
38.52
0
2.679
0
0
12.797
3.643
76.61
35.948
8.616
0
0
53.29
39.396
72.7
0
4.696
26.95
0
30.559
11.161
0
41.35
0
21.34
0
23.12
0
57.82
63.12
26.29
0
27.461
0
0
28.52
50.52
0
0
8.194
19.791
0
62.6
51.88
0
9.445
11.316
0
15.413
0
0
22.298
0
65.65
73.84
100
0
0
25.3
0
35.82
64.85
33.092
20.082
0
0
31.36
16.457
0
0
22.99
0
0
23.952
0
82.82
72.18
24.231
38.859
11.592
13.017
33.759
27.465
18.525
0
19.557
15.923
0
21.979
1.627
0
9.324
47.89
0
44.2
41.05
72.66
12.771
0
0
53.0
20.847
37.02
26.95
29.481
0
33.973
0
0
0
57.34
32.314
18.274
0
0
18.872
0
0
0
0
40.77
0
3.593
21.94
0
33.106
72.49
38.81
0
0
22.3
0
36.485
35.045
32.164
23.271
51.85
0
47.77
30.7
32.96
26.41
12.327
9.443
0
65.82
29.037
8.635
34.781
0
39.955
0
0
0
35.565
22.07
33.76
0
46.35
66.49
30.972
70.07
0
27.327
0
52.48
34.384
0
0
4.549
0
0
0
37.532
34.468
0
34.032
0
9.299
16.8
0.815
59.57
27.788
0
0
29.979
0
40.81
45.65
25.863
0
18.601
21.08
0
0
17.964
62.5
72.83
0
33.329
38.64
52.6
119
0
32.805
0
0
0
38.5
28.655
0
0
24.494
8.238
0
76.25
7.552
38.08
0
36.107
0
24.658
0
0
0.662
22.11
46.09
16.089
0
0
39.16
16.103
8.218
69.7
27.02
2.352
103
51.18
0
9.08
2.552
0
36.378
0
44.15
0
56.32
0
64.92
0
9.921
18.514
0
0
39.31
0
14.456
0
0
0
8.187
21.391
0
0.418
75.99
0
0
0
31.372
75.18
49.4
0
0
14.966
34.84
0
0
10.472
0
12.474
0
31.16
26.52
0
0
0
0
38.269
0
27.094
0
70.24
64.23
0
47.03
28.74
28.76
0
26.352
66.35
0.736
11.725
0
42.51
39.253
62.52
0
3.649
25.9
0
37.29
10.991
0
0
0
0
0
0
41.14
24.56
0
0
0
0
73.59
0
6.13
0
0
26.155
34.17
47.88
67.71
27.588
35.201
23.546
48.57
38.477
63.31
0
0
0
0
25.732
29.896
0
0
31.294
0
8.833
30.95
24.956
0
77.06
17.254
4.648
55.23
0
0
23.286
33.22
76.55
39.71
38.276
67.37
0
0
17.822
11.116
38.257
33.631
0
44.87
67.84
27.751
56.82
38.957
6.236
0
28.38
0
35.38
34.5
13.533
31.614
35.299
49.0
0
40.67
8.886
15.707
0
48.52
0
0
0
69.2
10.004
17.799
43.49
56.74
0
0
24.391
0
22.739
0
11.099
0
80.86
30.78
22.578
0
18.59
9.119
33.108
26.827
0
49.19
0
0
0
23.699
66.97
2.215
0
30.359
70.6
20.834
19.057
0
42.27
21.094
77.94
32.387
17.364
0
3.572
72.55
36.53
30.08
47.52
0
50.62
36.031
12.97
30.14
21.148
0
0
39.626
0
39.619
22.71
0
0
0
9.611
0
28.311
0
31.883
26.288
48.23
0
0
0
0
53.64
82.27
27.615
0
37.112
74.62
1.084
31.89
78.2
0
34.128
78.41
45.27
65.4
0
2.526
73.77
0
62.19
11.621
0
29.906
20.434
0
38.97
1.886
0
0
53.13
64.1
0.461
36.026
0
37.58
0
0
57.04
64.95
0.186
44.05
0
76.52
4.935
27.761
40.18
53.07
0
0
11.0
0
77.48
15.493
2.072
25.51
26.601
33.753
0
26.799
0
37.536
38.74
21.26
0
0
2.247
35.258
0
78.15
42.04
0
19.327
0
41.58
0
0
43.85
39.694
10.986
11.545
64.35
0
13.281
0
28.411
0
33.043
32.25
24.897
72.74
22.752
0
0
51.82
0
0.776
0
39.919
0
81.81
0
0
0
0
34.13
0
0
31.612
0
46.08
0
0
47.81
27.853
52.15
8.289
0
9.328
0
0
2.64
0
0
0
0
3.876
28.98
0
29.769
0
54.05
0
0.003
60.12
36.212
81.09
72.21
17.528
133
0
0
21.467
0
0
47.42
14.702
22.398
36.41
0
26.37
34.474
54.57
34.557
0
34.177
30.766
0
12.908
0
47.24
1.628
0
1.876
60.86
0
0
0
0
0
64.17
31.353
19.758
0
0
4.693
0
18.474
8.461
4.464
35.242
52.8
19.777
7.224
0
22.702
14.872
0
15.693
38.441
29.705
0
0
0
3.388
66.67
79.01
0
56.35
0
0
0
29.22
7.018
0
25.17
4.665
0
33.38
0
3.372
0
62.77
0
71.95
0
0
20.623
1.256
6.532
0
69.3
0
0
0
7.596
13.42
0
0
0
0
16.862
14.061
0
0
4.431
0
36.676
0
49.66
0
68.77
0
75.2
0.678
0
0
0
21.77
0
0
118
24.89
0.798
0
20.95
0
16.703
38.431
0
8.313
53.62
46.69
0
0
8.495
70.45
27.83
26.367
0
25.813
22.8
31.963
30.882
14.903
0
0
0
0
0
2.631
53.68
19.409
0
24.594
22.989
0
75.96
0
27.74
15.178
19.55
0
7.817
3.053
3.231
80.82
0
0
28.92
0
40.95
2.227
0
0
36.562
0
11.747
0
38.562
0
30.39
32.34
0
0
84
23.146
0
3.883
11.46
0
13.899
38.01
33.396
0
0
25.63
1.175
55.3
0
5.046
0
12.978
12.761
0
23.862
19.745
8.023
0
23.83
12.332
0
12.263
8.87
0
18.431
37.742
26.811
41.45
0
26.313
5.891
0
24.995
0
2.143
0
0
1.235
46.49
39.32
0
65.71
0
0
0.661
0
34.38
0
70.09
5.887
0
0
0
0
0
0
37.82
1.534
34.678
33.864
5.017
28.148
9.241
26.388
39.929
0
22.76
0
0
0
15.858
0
32.505
34.55
18.489
0
26.16
26.548
32.503
0
15.886
0
0
17.397
11.422
0
0
0
0
0
34.752
23.887
16.95
37.392
0
9.464
0
39.197
17.148
0
0
23.425
38.913
0
0
36.642
13.11
0
30.421
0
0
11.344
49.67
2.01
12.2
0
12.397
25.087
0
24.61
0.175
37.771
32.13
0
0
12.191
65.99
0
0
45.51
34.062
0
32.267
3.03
0
33.296
30.396
28.836
0
19.535
37.933
0.004
26.412
0
69.58
0.509
2.523
0
0
35.818
0
0
41.5
50.03
0
13.83
0
28.986
0
0
0
0
0
67.81
0
3.436
0
0
49.61
0
2.479
9.643
55.94
39.288
0
0
3.066
32.462
0
11.9
12.696
0
0
20.514
0
0
0
0
0
17.507
0
21.724
0
66.15
12.647
24.807
12.02
0
50.06
0
4.64
0
0
38.97
0
20.351
10.299
13.317
0
0
0
8.796
0.469
0
16.55
25.015
0
16.853
0
1.748
11.345
0
0
0
34.215
0
35.775
0
25.854
12.03
0
10.863
0
0
0
42.76
0
32.44
11.955
0
0
12.92
6.037
15.457
24.73
6.016
0
52.01
0
16.839
25.978
4.157
4.027
14.062
23.947
9.17
3.914
35.49
38.47
0
0
0
0
33.062
7.732
0
0
0
0
0
9.323
0
20.972
28.782
65.33
0
0
34.403
25.04
0
0
63.32
36.34
0
18.151
0
13.8
0
13.913
0
0
13.269
0
66.77
37.557
31.491
12.581
6.008
36.25
8.23
