60.89999999999999, 215.0, 200
57.8, 207.2, 200
54.89999999999999, 199.0, 200
58.7, 209.6, 200
57.5, 197.2, 200
59.099999999999994, 207.6, 200
61.2, 204.2, 200
58.7, 207.6, 200
54.60000000000001, 206.2, 200
63.8, 206.8, 200
52.400000000000006, 199.0, 200
54.2, 166.0, 200
62.20000000000002, 200.4, 200
53.099999999999994, 197.0, 200
52.900000000000006, 195.8, 200
57.80000000000001, 205.5, 200
51.900000000000006, 201.9, 200
62.30000000000001, 194.5, 200
63.80000000000001, 206.0, 200
58.7, 201.6, 200
59.80000000000001, 200.1, 200
59.0, 208.8, 200
163.0, 199.9, 200
54.099999999999994, 202.9, 200
65.80000000000001, 208.2, 200
57.80000000000001, 217.1, 200
60.5, 189.3, 200
59.80000000000001, 215.4, 200
58.900000000000006, 200.1, 200
60.60000000000001, 192.2, 200
53.400000000000006, 195.0, 200
58.30000000000001, 195.2, 200
54.0, 205.3, 200
51.400000000000006, 193.7, 200
57.099999999999994, 210.3, 200
135.0, 200.0, 200
77.0, 207.6, 200
51.599999999999994, 195.6, 200
54.599999999999994, 198.6, 200
55.900000000000006, 197.0, 200
123.0, 179.8, 200
57.39999999999999, 195.6, 200
50.599999999999994, 177.5, 200
51.900000000000006, 199.1, 200
77.69999999999999, 203.3, 200
57.0, 210.4, 200
53.5, 208.3, 200
52.2, 208.7, 200
57.8, 203.2, 200
62.0, 211.4, 200
58.099999999999994, 198.7, 200
60.30000000000001, 202.4, 200
51.599999999999994, 193.4, 200
60.5, 214.1, 200
47.8, 196.7, 200
60.099999999999994, 202.0, 200
108.0, 201.4, 200
56.5, 199.4, 200
54.2, 181.2, 200
54.0, 157.9, 200
63.70000000000002, 205.8, 200
66.6, 198.3, 200
49.8, 200.3, 200
80.0, 208.3, 200
49.099999999999994, 199.9, 200
58.900000000000006, 209.0, 200
61.39999999999999, 205.9, 200
60.599999999999994, 207.8, 200
56.5, 196.1, 200
58.5, 197.7, 200
62.3, 200.4, 200
56.30000000000001, 168.4, 200
62.30000000000001, 195.8, 200
61.30000000000001, 185.3, 200
51.8, 205.1, 200
51.2, 200.1, 200
65.80000000000001, 215.0, 200
55.5, 198.8, 200
55.80000000000001, 198.8, 200
63.5, 196.8, 200
56.0, 194.4, 200
57.39999999999999, 209.3, 200
89.0, 210.3, 200
52.400000000000006, 198.0, 200
53.89999999999999, 205.1, 200
51.099999999999994, 191.8, 200
63.20000000000002, 196.8, 200
62.39999999999999, 215.5, 200
55.30000000000001, 200.4, 200
55.80000000000001, 207.2, 200
62.599999999999994, 207.6, 200
55.5, 209.6, 200
59.30000000000001, 197.0, 200
55.5, 201.5, 200
61.5, 208.3, 200
57.30000000000001, 206.6, 200
63.0, 215.4, 200
59.80000000000001, 203.4, 200
53.2, 189.4, 200
63.099999999999994, 198.0, 200
56.3, 199.2, 200
61.7, 209.8, 200
63.70000000000002, 210.7, 200
56.2, 212.6, 200
55.900000000000006, 200.9, 200
53.099999999999994, 207.6, 200
59.0, 201.3, 200
57.5, 192.1, 200
55.39999999999999, 208.4, 200
54.70000000000002, 196.8, 200
58.30000000000001, 191.8, 200
60.89999999999999, 196.5, 200
52.0, 184.3, 200
55.5, 198.7, 200
83.69999999999999, 208.1, 200
55.0, 204.6, 200
58.60000000000001, 194.5, 200
57.2, 200.5, 200
47.400000000000006, 205.7, 200
55.39999999999999, 203.1, 200
57.5, 205.9, 200
54.099999999999994, 197.7, 200
74.69999999999999, 198.0, 200
67.80000000000001, 196.8, 200
56.599999999999994, 198.3, 200
59.39999999999999, 203.2, 200
65.4, 156.4, 200
51.2, 201.6, 200
57.2, 208.7, 200
55.30000000000001, 200.3, 200
71.0, 210.9, 200
51.400000000000006, 189.5, 200
55.5, 191.0, 200
54.2, 194.0, 200
60.5, 196.5, 200
82.69999999999999, 202.0, 200
53.400000000000006, 177.5, 200
58.099999999999994, 200.4, 200
51.0, 203.5, 200
56.39999999999999, 199.4, 200
54.2, 190.1, 200
56.39999999999999, 181.2, 200
58.8, 200.3, 200
63.30000000000001, 203.6, 200
70.6, 162.3, 200
55.599999999999994, 208.3, 200
54.2, 203.2, 200
60.2, 186.0, 200
61.30000000000001, 215.5, 200
62.30000000000001, 120.5, 200
51.2, 208.7, 200
53.8, 193.0, 200
56.599999999999994, 198.0, 200
54.8, 189.4, 200
61.599999999999994, 201.9, 200
56.0, 204.4, 200
49.8, 215.5, 200
53.2, 209.3, 200
55.80000000000001, 160.9, 200
61.39999999999999, 205.1, 200
59.7, 193.0, 200
62.39999999999999, 196.1, 200
59.099999999999994, 207.1, 200
62.900000000000006, 166.8, 200
55.5, 164.2, 200
53.400000000000006, 196.8, 200
61.5, 196.2, 200
69.80000000000001, 197.7, 200
51.8, 195.6, 200
61.599999999999994, 210.7, 200
64.6, 209.2, 200
58.0, 200.3, 200
46.900000000000006, 200.4, 200
131.0, 193.7, 200
57.099999999999994, 190.1, 200
63.39999999999999, 185.3, 200
53.8, 168.4, 200
60.099999999999994, 194.8, 200
61.7, 205.9, 200
51.8, 206.8, 200
60.5, 190.6, 200
60.3, 198.5, 200
63.0, 175.1, 200
56.400000000000006, 201.5, 200
56.5, 199.1, 200
54.7, 198.1, 200
55.39999999999999, 192.7, 200
58.2, 198.8, 200
49.8, 203.3, 200
53.2, 208.3, 200
56.599999999999994, 204.8, 200
135.0, 200.1, 200
56.0, 196.7, 200
73.6, 204.4, 200
55.8, 208.1, 200
59.39999999999999, 170.0, 200
56.2, 202.0, 200
60.80000000000001, 194.0, 200
54.099999999999994, 205.5, 200
58.3, 214.2, 200
56.7, 195.2, 200
55.80000000000001, 208.9, 200
56.900000000000006, 193.4, 200
85.0, 133.2, 200
55.0, 195.5, 200
62.0, 205.9, 200
58.599999999999994, 198.4, 200
61.599999999999994, 201.5, 200
60.39999999999999, 215.5, 200
61.39999999999999, 170.9, 200
55.900000000000006, 189.8, 200
56.89999999999999, 185.4, 200
56.099999999999994, 192.2, 200
55.20000000000002, 205.9, 200
59.89999999999999, 205.6, 200
60.7, 213.6, 200
63.80000000000001, 208.2, 200
53.2, 204.9, 200
103.0, 197.0, 200
64.80000000000001, 195.5, 200
56.900000000000006, 199.7, 200
63.099999999999994, 207.7, 200
54.7, 193.3, 200
54.39999999999999, 205.7, 200
52.2, 190.6, 200
81.69999999999999, 206.0, 200
62.39999999999999, 185.4, 200
57.0, 215.8, 200
57.70000000000002, 196.8, 200
75.5, 181.3, 200
56.5, 207.1, 200
66.4, 204.4, 200
54.5, 199.4, 200
62.30000000000001, 207.8, 200
54.20000000000002, 204.5, 200
63.70000000000002, 195.9, 200
58.30000000000001, 207.5, 200
59.70000000000002, 174.2, 200
62.0, 195.6, 200
49.8, 204.6, 200
55.2, 200.4, 200
55.099999999999994, 207.1, 200
149.0, 218.8, 200
76.0, 201.7, 200
152.0, 208.6, 200
51.5, 202.6, 200
52.2, 212.3, 200
62.30000000000001, 197.0, 200
58.099999999999994, 194.1, 200
52.099999999999994, 192.8, 200
62.80000000000001, 204.1, 200
57.5, 194.0, 200
66.80000000000001, 201.9, 200
71.6, 206.5, 200
58.900000000000006, 196.5, 200
52.8, 207.8, 200
72.6, 210.6, 200
48.400000000000006, 200.4, 200
55.900000000000006, 193.3, 200
52.2, 186.8, 200
58.39999999999999, 201.3, 200
64.4, 198.0, 200
52.900000000000006, 200.6, 200
99.0, 206.0, 200
58.900000000000006, 203.3, 200
68.6, 201.0, 200
49.5, 198.1, 200
63.39999999999999, 200.4, 200
62.599999999999994, 210.1, 200
56.900000000000006, 196.2, 200
53.2, 194.4, 200
57.0, 204.4, 200
57.80000000000001, 193.3, 200
54.0, 203.3, 200
62.30000000000001, 213.2, 200
62.30000000000001, 198.2, 200
49.099999999999994, 203.2, 200
50.2, 198.4, 200
63.5, 187.3, 200
52.599999999999994, 179.8, 200
60.099999999999994, 210.3, 200
60.599999999999994, 206.7, 200
76.5, 206.7, 200
63.39999999999999, 201.7, 200
59.2, 193.3, 200
54.80000000000001, 189.9, 200
104.0, 209.0, 200
60.80000000000001, 175.1, 200
63.099999999999994, 201.9, 200
49.900000000000006, 200.5, 200
62.099999999999994, 195.5, 200
54.599999999999994, 204.9, 200
57.7, 195.7, 200
58.400000000000006, 197.7, 200
61.30000000000001, 203.0, 200
59.39999999999999, 205.7, 200
48.8, 158.1, 200
99.0, 205.9, 200
51.099999999999994, 201.7, 200
83.69999999999999, 194.5, 200
49.7, 205.9, 200
60.599999999999994, 205.9, 200
60.30000000000001, 201.9, 200
54.39999999999999, 195.8, 200
54.099999999999994, 164.2, 200
55.900000000000006, 210.9, 200
53.599999999999994, 186.0, 200
62.80000000000001, 206.8, 200
59.099999999999994, 197.7, 200
60.900000000000006, 204.4, 200
59.900000000000006, 203.0, 200
62.20000000000002, 215.5, 200
161.0, 199.4, 200
62.2, 202.8, 200
55.0, 201.9, 200
59.0, 198.4, 200
57.5, 212.0, 200
62.39999999999999, 201.9, 200
54.5, 152.6, 200
59.30000000000001, 215.0, 200
61.0, 204.2, 200
61.39999999999999, 201.0, 200
55.900000000000006, 204.3, 200
62.20000000000002, 204.8, 200
158.0, 199.2, 200
57.0, 203.2, 200
55.30000000000001, 194.1, 200
54.900000000000006, 202.7, 200
53.0, 209.0, 200
61.39999999999999, 208.3, 200
49.400000000000006, 209.3, 200
150.0, 187.1, 200
63.70000000000002, 219.3, 200
61.39999999999999, 161.2, 200
65.80000000000001, 200.4, 200
56.599999999999994, 203.4, 200
111.0, 189.5, 200
59.0, 198.5, 200
57.89999999999999, 203.3, 200
54.80000000000001, 198.4, 200
61.89999999999999, 201.3, 200
60.599999999999994, 207.8, 200
54.8, 199.1, 200
148.0, 209.0, 200
144.0, 195.7, 200
56.8, 216.5, 200
62.80000000000001, 190.6, 200
63.099999999999994, 207.7, 200
125.0, 199.7, 200
57.70000000000002, 198.5, 200
58.599999999999994, 217.1, 200
62.30000000000001, 194.9, 200
57.0, 208.3, 200
59.2, 208.3, 200
61.39999999999999, 197.0, 200
62.0, 185.6, 200
53.900000000000006, 206.3, 200
64.80000000000001, 208.4, 200
50.099999999999994, 208.0, 200
57.2, 198.0, 200
54.099999999999994, 191.2, 200
151.0, 199.2, 200
63.599999999999994, 209.3, 200
56.30000000000001, 194.4, 200
60.099999999999994, 198.1, 200
55.7, 201.0, 200
146.0, 208.3, 200
54.8, 210.4, 200
62.599999999999994, 207.3, 200
49.5, 199.0, 200
124.0, 177.4, 200
62.900000000000006, 203.5, 200
91.0, 205.1, 200
54.2, 195.7, 200
61.0, 207.1, 200
63.400000000000006, 200.3, 200
56.5, 207.7, 200
57.2, 201.1, 200
66.0, 197.2, 200
61.099999999999994, 203.2, 200
63.400000000000006, 156.4, 200
56.3, 199.2, 200
59.80000000000001, 207.2, 200
65.6, 194.4, 200
62.0, 204.4, 200
127.0, 131.0, 200
54.20000000000002, 209.6, 200
56.8, 202.8, 200
57.89999999999999, 205.1, 200
55.39999999999999, 201.9, 200
70.80000000000001, 177.5, 200
54.2, 202.8, 200
53.2, 208.4, 200
57.30000000000001, 192.1, 200
61.0, 201.4, 200
61.099999999999994, 198.8, 200
54.80000000000001, 218.8, 200
57.900000000000006, 195.8, 200
56.900000000000006, 200.7, 200
55.8, 199.2, 200
57.7, 207.7, 200
85.0, 198.5, 200
69.4, 208.7, 200
57.89999999999999, 199.2, 200
59.099999999999994, 208.7, 200
57.599999999999994, 195.9, 200
61.900000000000006, 199.1, 200
63.2, 195.7, 200
56.2, 181.6, 200
62.5, 204.5, 200
82.69999999999999, 204.0, 200
60.39999999999999, 200.4, 200
49.5, 208.4, 200
58.099999999999994, 161.2, 200
57.70000000000002, 209.6, 200
58.599999999999994, 198.4, 200
158.0, 212.6, 200
59.60000000000001, 168.4, 200
62.099999999999994, 202.7, 200
62.30000000000001, 212.8, 200
141.0, 214.1, 200
61.89999999999999, 191.2, 200
54.80000000000001, 215.5, 200
58.39999999999999, 207.5, 200
59.099999999999994, 133.2, 200
102.0, 199.9, 200
50.900000000000006, 204.4, 200
63.099999999999994, 123.1, 200
50.8, 166.0, 200
48.900000000000006, 193.7, 200
54.60000000000001, 184.8, 200
59.0, 203.9, 200
59.60000000000001, 196.7, 200
74.5, 199.0, 200
64.6, 207.8, 200
54.900000000000006, 204.6, 200
57.30000000000001, 168.4, 200
48.2, 209.3, 200
57.30000000000001, 184.8, 200
52.7, 196.1, 200
57.099999999999994, 174.2, 200
60.099999999999994, 200.7, 200
57.2, 206.7, 200
63.599999999999994, 203.3, 200
55.099999999999994, 207.8, 200
73.80000000000001, 195.0, 200
53.8, 197.0, 200
68.0, 198.8, 200
63.70000000000002, 193.3, 200
160.0, 198.4, 200
61.099999999999994, 215.5, 200
61.39999999999999, 161.2, 200
54.80000000000001, 206.2, 200
53.7, 210.7, 200
56.099999999999994, 215.4, 200
57.70000000000002, 205.9, 200
57.099999999999994, 188.9, 200
54.0, 199.2, 200
56.80000000000001, 210.7, 200
57.400000000000006, 217.1, 200
50.099999999999994, 183.9, 200
57.3, 195.5, 200
63.5, 200.8, 200
55.599999999999994, 200.1, 200
55.400000000000006, 184.3, 200
50.7, 198.4, 200
48.900000000000006, 166.8, 200
57.2, 201.6, 200
53.2, 200.7, 200
62.5, 203.3, 200
49.8, 202.0, 200
61.30000000000001, 192.5, 200
59.30000000000001, 206.2, 200
83.0, 196.7, 200
64.4, 196.2, 200
69.6, 209.0, 200
54.70000000000002, 202.3, 200
61.400000000000006, 203.5, 200
71.5, 185.3, 200
56.2, 195.4, 200
56.900000000000006, 200.4, 200
54.30000000000001, 198.0, 200
58.400000000000006, 174.2, 200
61.900000000000006, 207.1, 200
54.80000000000001, 206.8, 200
60.400000000000006, 192.5, 200
47.099999999999994, 200.3, 200
63.39999999999999, 198.0, 200
53.2, 183.5, 200
56.099999999999994, 178.0, 200
59.39999999999999, 198.2, 200
70.5, 206.7, 200
62.39999999999999, 206.8, 200
58.099999999999994, 193.8, 200
54.400000000000006, 197.6, 200
61.0, 202.2, 200
59.900000000000006, 195.7, 200
60.099999999999994, 204.3, 200
56.80000000000001, 205.9, 200
51.2, 190.4, 200
55.8, 192.2, 200
50.900000000000006, 196.7, 200
54.39999999999999, 186.6, 200
52.099999999999994, 207.7, 200
54.099999999999994, 203.1, 200
51.3, 202.9, 200
57.900000000000006, 210.9, 200
56.5, 199.2, 200
56.40000000000002, 208.1, 200
62.599999999999994, 201.4, 200
49.099999999999994, 201.7, 200
54.8, 204.4, 200
51.099999999999994, 213.6, 200
61.8, 205.0, 200
58.5, 206.7, 200
57.3, 201.1, 200
57.10000000000001, 181.3, 200
58.900000000000006, 190.3, 200
55.7, 183.9, 200
50.7, 201.1, 200
52.099999999999994, 190.1, 200
58.7, 206.0, 200
59.89999999999999, 206.2, 200
56.8, 210.5, 200
61.70000000000002, 185.4, 200
56.2, 208.7, 200
50.3, 208.9, 200
50.7, 208.1, 200
62.89999999999999, 200.1, 200
58.89999999999999, 207.7, 200
54.7, 120.5, 200
54.3, 164.1, 200
57.599999999999994, 197.0, 200
54.89999999999999, 197.0, 200
56.10000000000001, 199.2, 200
61.5, 208.0, 200
60.2, 200.1, 200
51.599999999999994, 206.3, 200
55.3, 198.4, 200
56.599999999999994, 205.3, 200
62.400000000000006, 205.7, 200
55.89999999999999, 200.4, 200
53.19999999999999, 200.1, 200
54.2, 187.3, 200
49.599999999999994, 209.3, 200
51.099999999999994, 210.7, 200
58.8, 197.2, 200
52.099999999999994, 194.1, 200
57.8, 200.7, 200
56.10000000000001, 212.6, 200
49.599999999999994, 198.4, 200
52.5, 197.7, 200
54.599999999999994, 195.3, 200
50.8, 193.4, 200
49.400000000000006, 206.0, 200
63.8, 192.2, 200
54.099999999999994, 207.7, 200
57.0, 201.3, 200
62.7, 212.6, 200
50.900000000000006, 203.8, 200
57.10000000000001, 207.8, 200
50.3, 195.5, 200
54.099999999999994, 208.1, 200
60.10000000000001, 185.3, 200
51.5, 203.3, 200
54.39999999999999, 205.1, 200
49.099999999999994, 198.0, 200
62.5, 210.1, 200
50.19999999999999, 202.8, 200
46.099999999999994, 206.0, 200
59.89999999999998, 202.5, 200
54.39999999999999, 200.5, 200
58.10000000000001, 200.1, 200
58.89999999999999, 195.6, 200
61.5, 170.0, 200
52.400000000000006, 204.4, 200
53.3, 170.9, 200
54.5, 208.9, 200
51.3, 183.9, 200
58.2, 200.1, 200
55.5, 197.2, 200
59.70000000000002, 206.0, 200
56.89999999999998, 199.2, 200
54.0, 190.1, 200
54.0, 203.3, 200
57.400000000000006, 195.0, 200
54.40000000000002, 200.6, 200
57.599999999999994, 193.0, 200
58.39999999999999, 214.8, 200
54.89999999999998, 208.2, 200
54.89999999999998, 210.5, 200
49.900000000000006, 195.0, 200
50.099999999999994, 202.3, 200
58.2, 206.8, 200
54.39999999999999, 198.5, 200
64.70000000000002, 209.3, 200
57.900000000000006, 206.7, 200
57.0, 205.0, 200
51.900000000000006, 198.4, 200
73.69999999999999, 188.8, 200
58.3, 193.4, 200
53.0, 197.1, 200
54.3, 199.2, 200
51.8, 215.5, 200
54.3, 199.2, 200
55.2, 198.5, 200
60.5, 208.0, 200
58.099999999999994, 208.2, 200
55.099999999999994, 195.9, 200
59.5, 162.3, 200
57.099999999999994, 197.0, 200
49.900000000000006, 209.0, 200
52.3, 189.5, 200
54.8, 200.0, 200
56.900000000000006, 195.4, 200
49.599999999999994, 206.3, 200
48.099999999999994, 200.4, 200
55.599999999999994, 200.1, 200
58.39999999999999, 203.5, 200
58.40000000000002, 210.4, 200
71.69999999999999, 203.9, 200
57.39999999999999, 205.9, 200
55.599999999999994, 201.5, 200
52.599999999999994, 193.4, 200
54.0, 198.0, 200
60.89999999999999, 179.8, 200
53.2, 191.8, 200
62.7, 199.4, 200
61.2, 213.4, 200
61.39999999999999, 204.4, 200
54.900000000000006, 204.4, 200
60.5, 198.7, 200
46.099999999999994, 207.5, 200
120.0, 183.9, 200
52.3, 198.8, 200
52.19999999999999, 208.6, 200
61.599999999999994, 203.8, 200
51.099999999999994, 197.2, 200
50.599999999999994, 178.2, 200
59.599999999999994, 196.7, 200
58.8, 194.2, 200
54.89999999999998, 205.0, 200
62.5, 207.8, 200
54.099999999999994, 152.6, 200
50.8, 202.1, 200
55.2, 210.7, 200
52.3, 204.6, 200
47.900000000000006, 201.5, 200
52.0, 193.6, 200
58.39999999999999, 181.6, 200
56.5, 210.5, 200
54.599999999999994, 200.9, 200
54.0, 202.5, 200
54.40000000000002, 203.2, 200
62.40000000000002, 188.9, 200
57.89999999999998, 198.4, 200
75.69999999999999, 188.0, 200
56.10000000000001, 162.1, 200
59.400000000000006, 199.5, 200
58.89999999999999, 212.3, 200
55.900000000000006, 204.4, 200
59.3, 195.7, 200
52.89999999999999, 203.5, 200
52.0, 208.6, 200
60.10000000000001, 194.0, 200
50.3, 206.4, 200
58.3, 203.3, 200
50.8, 207.8, 200
58.900000000000006, 206.8, 200
57.3, 214.8, 200
56.900000000000006, 195.9, 200
55.599999999999994, 200.1, 200
59.2, 199.2, 200
53.3, 205.9, 200
57.3, 198.0, 200
52.599999999999994, 203.3, 200
55.7, 203.3, 200
54.7, 204.1, 200
50.099999999999994, 206.1, 200
56.8, 185.6, 200
55.5, 199.9, 200
55.89999999999999, 200.6, 200
47.900000000000006, 201.1, 200
59.10000000000001, 185.4, 200
53.599999999999994, 203.6, 200
53.3, 206.2, 200
49.400000000000006, 202.6, 200
59.099999999999994, 199.2, 200
60.10000000000001, 189.5, 200
54.89999999999999, 201.6, 200
60.2, 209.3, 200
71.69999999999999, 208.0, 200
47.19999999999999, 202.8, 200
56.5, 199.2, 200
55.599999999999994, 215.0, 200
47.3, 189.4, 200
87.0, 201.4, 200
54.5, 196.1, 200
60.89999999999999, 189.5, 200
48.0, 190.6, 200
54.89999999999998, 185.9, 200
55.900000000000006, 198.4, 200
57.099999999999994, 207.7, 200
54.2, 207.1, 200
55.0, 197.6, 200
58.599999999999994, 199.2, 200
49.099999999999994, 210.3, 200
56.0, 195.7, 200
58.89999999999999, 207.6, 200
63.599999999999994, 189.5, 200
54.40000000000002, 207.7, 200
54.0, 181.3, 200
72.69999999999999, 197.0, 200
55.8, 196.8, 200
59.099999999999994, 207.7, 200
57.5, 193.7, 200
61.89999999999999, 203.2, 200
55.70000000000002, 202.6, 200
60.5, 206.8, 200
58.89999999999999, 210.6, 200
59.0, 203.6, 200
60.0, 203.3, 200
54.3, 203.0, 200
62.10000000000001, 215.0, 200
127.0, 200.7, 200
58.89999999999999, 202.2, 200
51.900000000000006, 201.0, 200
60.0, 210.3, 200
61.0, 193.4, 200
54.3, 198.8, 200
54.0, 200.4, 200
55.099999999999994, 208.4, 200
52.099999999999994, 210.3, 200
57.5, 203.5, 200
56.599999999999994, 209.3, 200
51.099999999999994, 201.0, 200
53.2, 195.2, 200
57.400000000000006, 212.8, 200
54.5, 195.3, 200
53.099999999999994, 198.4, 200
55.900000000000006, 206.8, 200
51.900000000000006, 204.9, 200
53.89999999999999, 209.3, 200
53.8, 200.4, 200
54.10000000000001, 197.0, 200
54.099999999999994, 201.1, 200
48.099999999999994, 203.4, 200
62.89999999999999, 181.3, 200
53.400000000000006, 209.0, 200
51.0, 200.3, 200
63.599999999999994, 206.8, 200
61.39999999999999, 186.3, 200
53.89999999999999, 198.4, 200
63.900000000000006, 189.5, 200
60.39999999999999, 162.1, 200
55.89999999999999, 202.3, 200
63.5, 196.8, 200
61.0, 204.1, 200
60.39999999999999, 197.0, 200
57.3, 194.3, 200
53.0, 188.8, 200
60.2, 212.6, 200
56.7, 199.2, 200
60.5, 194.0, 200
59.5, 181.3, 200
52.3, 198.4, 200
52.0, 189.0, 200
58.3, 210.6, 200
55.099999999999994, 204.4, 200
54.599999999999994, 208.3, 200
48.400000000000006, 193.8, 200
55.70000000000002, 198.6, 200
52.400000000000006, 205.0, 200
56.0, 206.0, 200
53.400000000000006, 197.1, 200
63.599999999999994, 213.6, 200
51.599999999999994, 196.7, 200
48.3, 207.1, 200
54.900000000000006, 197.6, 200
54.0, 209.9, 200
52.599999999999994, 185.4, 200
57.7, 202.0, 200
75.0, 206.2, 200
48.7, 186.8, 200
53.7, 183.4, 200
53.099999999999994, 210.9, 200
57.0, 200.6, 200
52.7, 191.8, 200
50.3, 198.4, 200
44.19999999999999, 181.2, 200
55.8, 209.3, 200
54.099999999999994, 201.9, 200
58.8, 202.7, 200
57.599999999999994, 205.1, 200
54.2, 212.5, 200
56.8, 213.6, 200
50.3, 198.3, 200
56.900000000000006, 200.5, 200
57.5, 198.2, 200
52.900000000000006, 205.9, 200
54.7, 205.8, 200
54.2, 205.9, 200
56.40000000000002, 207.1, 200
54.7, 203.0, 200
51.8, 190.4, 200
53.099999999999994, 207.8, 200
62.10000000000001, 203.1, 200
53.2, 209.3, 200
55.3, 199.4, 200
55.2, 203.5, 200
51.599999999999994, 203.1, 200
57.3, 209.8, 200
49.599999999999994, 203.6, 200
49.3, 181.2, 200
58.5, 194.4, 200
60.0, 189.5, 200
48.7, 198.4, 200
50.900000000000006, 202.3, 200
54.599999999999994, 209.0, 200
61.10000000000001, 199.5, 200
63.2, 203.8, 200
53.89999999999999, 209.3, 200
60.10000000000001, 201.3, 200
53.5, 208.2, 200
53.599999999999994, 210.4, 200
57.3, 181.6, 200
58.89999999999998, 123.1, 200
59.0, 209.9, 200
57.900000000000006, 207.7, 200
52.599999999999994, 208.4, 200
55.10000000000001, 208.3, 200
47.0, 205.9, 200
58.5, 197.1, 200
55.10000000000001, 205.0, 200
49.900000000000006, 206.8, 200
50.400000000000006, 208.2, 200
50.19999999999999, 197.2, 200
59.3, 198.8, 200
55.5, 189.5, 200
49.900000000000006, 208.2, 200
63.0, 174.3, 200
52.3, 198.4, 200
55.2, 193.1, 200
60.599999999999994, 189.2, 200
62.2, 204.8, 200
53.599999999999994, 193.3, 200
56.3, 195.2, 200
54.7, 176.1, 200
55.89999999999999, 210.5, 200
60.40000000000002, 193.8, 200
58.5, 201.5, 200
54.89999999999999, 198.4, 200
54.099999999999994, 178.6, 200
57.5, 206.8, 200
48.599999999999994, 205.7, 200
57.89999999999999, 213.2, 200
52.599999999999994, 203.1, 200
56.599999999999994, 203.0, 200
55.3, 209.8, 200
60.0, 208.4, 200
61.70000000000002, 198.5, 200
58.3, 206.8, 200
61.70000000000002, 161.2, 200
51.3, 202.8, 200
50.900000000000006, 198.8, 200
60.599999999999994, 198.6, 200
55.89999999999999, 201.3, 200
57.900000000000006, 207.1, 200
54.3, 207.7, 200
59.89999999999999, 189.5, 200
50.599999999999994, 177.4, 200
52.2, 210.7, 200
57.39999999999999, 200.3, 200
58.5, 198.4, 200
57.099999999999994, 197.1, 200
47.3, 203.1, 200
55.2, 215.4, 200
58.900000000000006, 200.5, 200
60.40000000000002, 201.0, 200
74.69999999999999, 195.8, 200
55.89999999999999, 195.7, 200
63.400000000000006, 189.8, 200
48.19999999999999, 185.4, 200
49.3, 213.2, 200
57.599999999999994, 204.8, 200
51.8, 203.6, 200
49.900000000000006, 205.1, 200
50.599999999999994, 208.1, 200
52.3, 201.4, 200
60.5, 204.2, 200
54.0, 201.3, 200
58.099999999999994, 181.2, 200
52.599999999999994, 206.0, 200
58.39999999999999, 193.7, 200
55.599999999999994, 201.9, 200
62.900000000000006, 208.3, 200
48.3, 133.2, 200
51.3, 198.0, 200
55.599999999999994, 192.7, 200
54.3, 196.7, 200
52.7, 195.9, 200
52.900000000000006, 202.1, 200
48.099999999999994, 197.0, 200
67.69999999999999, 208.4, 200
52.0, 178.6, 200
52.099999999999994, 201.1, 200
57.8, 198.7, 200
51.3, 194.1, 200
57.099999999999994, 209.2, 200
53.0, 205.7, 200
58.599999999999994, 204.8, 200
47.099999999999994, 194.9, 200
62.2, 205.7, 200
60.10000000000001, 131.0, 200
57.599999999999994, 201.3, 200
57.599999999999994, 201.3, 200
53.099999999999994, 209.8, 200
50.2, 215.5, 200
61.2, 204.8, 200
54.2, 209.3, 200
56.099999999999994, 206.4, 200
54.10000000000001, 202.9, 200
70.69999999999999, 203.2, 200
51.5, 205.3, 200
56.599999999999994, 200.9, 200
62.5, 176.9, 200
58.099999999999994, 201.7, 200
47.7, 203.3, 200
61.8, 152.6, 200
58.2, 200.6, 200
60.599999999999994, 198.1, 200
55.8, 202.2, 200
50.3, 204.5, 200
52.3, 216.3, 200
54.7, 196.2, 200
51.8, 204.3, 200
57.3, 187.1, 200
56.89999999999999, 190.1, 200
56.099999999999994, 208.3, 200
59.7, 209.1, 200
59.7, 203.6, 200
63.900000000000006, 198.7, 200
62.400000000000006, 207.1, 200
67.0, 198.2, 200
63.5, 205.0, 200
52.400000000000006, 194.8, 200
58.89999999999999, 199.4, 200
59.599999999999994, 208.3, 200
60.599999999999994, 198.0, 200
62.400000000000006, 178.2, 200
58.0, 209.2, 200
53.3, 203.3, 200
50.5, 207.1, 200
50.900000000000006, 198.1, 200
60.599999999999994, 164.2, 200
49.5, 201.3, 200
53.0, 205.8, 200
58.5, 197.7, 200
57.7, 204.4, 200
60.0, 194.3, 200
57.599999999999994, 210.7, 200
56.39999999999999, 206.0, 200
58.0, 207.8, 200
56.8, 195.4, 200
54.8, 201.8, 200
50.3, 183.9, 200
50.900000000000006, 199.0, 200
63.39999999999999, 194.1, 200
50.599999999999994, 193.0, 200
61.400000000000006, 196.2, 200
62.5, 198.3, 200
59.8, 189.4, 200
48.8, 196.7, 200
52.900000000000006, 204.8, 200
53.900000000000006, 188.9, 200
63.70000000000002, 202.2, 200
62.400000000000006, 183.4, 200
58.2, 194.5, 200
45.0, 198.8, 200
72.69999999999999, 184.3, 200
54.400000000000006, 208.3, 200
56.2, 204.8, 200
54.0, 191.2, 200
61.599999999999994, 194.1, 200
54.2, 199.3, 200
61.900000000000006, 202.8, 200
63.599999999999994, 198.0, 200
55.89999999999998, 201.4, 200
54.099999999999994, 203.5, 200
58.10000000000001, 196.2, 200
54.099999999999994, 204.0, 200
55.599999999999994, 198.8, 200
53.900000000000006, 215.5, 200
52.0, 193.7, 200
57.7, 200.3, 200
60.89999999999998, 168.4, 200
57.89999999999998, 203.3, 200
55.7, 196.8, 200
51.099999999999994, 202.0, 200
52.099999999999994, 201.9, 200
46.7, 190.6, 200
55.89999999999999, 202.2, 200
47.0, 194.5, 200
47.39999999999999, 217.1, 200
50.8, 181.2, 200
47.0, 194.2, 200
49.599999999999994, 193.3, 200
55.89999999999999, 201.4, 200
47.39999999999999, 210.9, 200
48.3, 196.2, 200
48.3, 208.9, 200
39.0, 205.8, 200
52.900000000000006, 191.8, 200
51.2, 194.1, 200
51.3, 201.7, 200
52.2, 188.9, 200
46.3, 205.9, 200
52.10000000000001, 189.3, 200
50.8, 196.7, 200
54.599999999999994, 181.6, 200
46.8, 212.3, 200
52.0, 199.7, 200
44.400000000000006, 207.1, 200
52.10000000000001, 171.0, 200
55.5, 208.7, 200
43.5, 157.9, 200
49.7, 166.8, 200
46.099999999999994, 199.2, 200
43.19999999999999, 200.5, 200
47.900000000000006, 204.1, 200
49.7, 168.4, 200
48.599999999999994, 203.0, 200
52.400000000000006, 216.3, 200
48.0, 213.4, 200
50.2, 196.2, 200
43.900000000000006, 204.3, 200
51.3, 156.4, 200
47.900000000000006, 207.2, 200
46.8, 205.8, 200
47.900000000000006, 203.5, 200
43.099999999999994, 196.5, 200
47.400000000000006, 200.3, 200
132.0, 210.6, 200
46.3, 206.7, 200
43.099999999999994, 197.6, 200
46.599999999999994, 207.6, 200
48.7, 202.8, 200
48.0, 203.5, 200
48.099999999999994, 200.8, 200
47.89999999999999, 161.2, 200
51.5, 196.8, 200
47.099999999999994, 196.8, 200
47.8, 201.1, 200
50.900000000000006, 205.1, 200
53.89999999999998, 201.6, 200
47.400000000000006, 203.5, 200
42.19999999999999, 215.5, 200
50.0, 196.5, 200
48.7, 202.6, 200
53.10000000000001, 201.6, 200
44.7, 196.7, 200
45.3, 190.3, 200
50.099999999999994, 199.9, 200
49.099999999999994, 212.8, 200
44.3, 198.2, 200
48.900000000000006, 207.1, 200
65.69999999999999, 208.4, 200
46.599999999999994, 202.6, 200
41.099999999999994, 206.7, 200
51.2, 181.6, 200
46.3, 200.6, 200
47.3, 202.8, 200
54.400000000000006, 175.2, 200
47.7, 196.7, 200
48.40000000000002, 204.8, 200
48.099999999999994, 205.0, 200
43.2, 201.4, 200
45.099999999999994, 199.2, 200
54.5, 202.1, 200
48.89999999999999, 198.4, 200
44.0, 204.9, 200
55.89999999999999, 207.2, 200
54.7, 202.7, 200
49.2, 206.8, 200
49.599999999999994, 214.8, 200
52.5, 185.4, 200
42.19999999999999, 190.1, 200
40.3, 191.0, 200
47.3, 204.4, 200
54.0, 193.0, 200
46.3, 213.1, 200
45.3, 206.7, 200
47.0, 189.9, 200
45.7, 120.5, 200
46.3, 189.5, 200
48.599999999999994, 215.0, 200
52.5, 209.2, 200
43.0, 195.4, 200
43.7, 205.0, 200
43.5, 202.8, 200
49.599999999999994, 170.0, 200
54.2, 207.7, 200
50.900000000000006, 201.4, 200
49.0, 202.9, 200
42.3, 216.5, 200
52.8, 169.6, 200
42.099999999999994, 178.6, 200
55.5, 203.5, 200
46.2, 189.5, 200
47.599999999999994, 194.2, 200
49.70000000000002, 198.4, 200
40.7, 206.9, 200
54.8, 178.6, 200
50.39999999999999, 214.8, 200
46.099999999999994, 206.9, 200
56.599999999999994, 208.1, 200
44.8, 133.2, 200
49.89999999999999, 195.7, 200
52.5, 203.3, 200
48.900000000000006, 185.3, 200
54.10000000000001, 193.0, 200
48.0, 193.6, 200
48.5, 198.5, 200
49.89999999999999, 164.2, 200
52.0, 208.1, 200
47.89999999999999, 194.3, 200
50.900000000000006, 219.3, 200
57.70000000000002, 207.1, 200
47.10000000000001, 195.5, 200
50.400000000000006, 185.3, 200
46.2, 207.4, 200
43.3, 200.7, 200
44.099999999999994, 203.3, 200
52.7, 200.5, 200
42.7, 189.9, 200
41.8, 198.4, 200
50.7, 206.8, 200
46.099999999999994, 203.8, 200
51.0, 164.1, 200
46.599999999999994, 209.6, 200
46.8, 207.8, 200
42.099999999999994, 162.1, 200
43.19999999999999, 206.7, 200
47.599999999999994, 195.0, 200
42.8, 210.1, 200
53.0, 205.3, 200
52.10000000000001, 202.3, 200
47.099999999999994, 199.8, 200
53.70000000000002, 204.5, 200
45.89999999999999, 205.9, 200
52.400000000000006, 204.3, 200
44.099999999999994, 208.9, 200
48.400000000000006, 199.1, 200
48.89999999999999, 183.4, 200
48.2, 201.0, 200
48.3, 200.4, 200
52.400000000000006, 212.3, 200
50.599999999999994, 203.2, 200
41.599999999999994, 183.9, 200
44.099999999999994, 205.3, 200
52.3, 204.8, 200
55.599999999999994, 192.7, 200
51.0, 219.3, 200
37.19999999999999, 200.1, 200
42.900000000000006, 181.6, 200
53.0, 200.4, 200
50.900000000000006, 202.0, 200
52.0, 204.8, 200
48.599999999999994, 216.1, 200
47.3, 200.1, 200
67.69999999999999, 205.9, 200
52.7, 198.2, 200
48.70000000000002, 201.1, 200
50.8, 207.5, 200
64.69999999999999, 202.7, 200
49.8, 193.4, 200
52.89999999999999, 199.8, 200
47.099999999999994, 208.7, 200
47.599999999999994, 199.9, 200
43.099999999999994, 207.6, 200
49.900000000000006, 196.1, 200
87.0, 203.9, 200
55.900000000000006, 196.2, 200
43.8, 197.6, 200
48.89999999999999, 206.0, 200
48.39999999999999, 205.8, 200
46.2, 202.9, 200
49.0, 207.7, 200
42.900000000000006, 200.3, 200
49.400000000000006, 199.2, 200
56.599999999999994, 208.9, 200
40.900000000000006, 177.4, 200
45.900000000000006, 191.2, 200
51.39999999999999, 207.1, 200
42.900000000000006, 199.9, 200
49.900000000000006, 204.4, 200
55.599999999999994, 202.3, 200
51.0, 203.3, 200
46.599999999999994, 198.0, 200
55.0, 213.4, 200
43.7, 206.0, 200
61.69999999999999, 207.8, 200
46.0, 200.7, 200
52.2, 208.8, 200
53.0, 206.0, 200
47.0, 207.8, 200
54.599999999999994, 198.4, 200
48.3, 185.3, 200
55.2, 210.3, 200
53.599999999999994, 200.4, 200
45.3, 201.9, 200
42.900000000000006, 199.7, 200
43.900000000000006, 215.0, 200
51.5, 198.1, 200
49.099999999999994, 203.4, 200
56.70000000000002, 202.4, 200
49.7, 207.2, 200
54.89999999999999, 197.0, 200
46.89999999999999, 206.3, 200
47.7, 120.5, 200
54.599999999999994, 201.0, 200
46.0, 198.4, 200
49.89999999999999, 198.8, 200
50.70000000000002, 206.8, 200
48.0, 208.9, 200
52.39999999999999, 206.1, 200
55.89999999999998, 198.8, 200
48.3, 210.7, 200
43.599999999999994, 205.7, 200
50.89999999999999, 210.3, 200
43.599999999999994, 205.9, 200
53.70000000000002, 205.9, 200
46.0, 177.6, 200
54.400000000000006, 201.3, 200
49.0, 202.9, 200
45.900000000000006, 207.8, 200
57.70000000000002, 201.1, 200
52.2, 216.3, 200
48.900000000000006, 206.7, 200
53.40000000000002, 197.1, 200
47.599999999999994, 156.4, 200
53.2, 170.0, 200
42.3, 171.0, 200
49.2, 178.0, 200
44.900000000000006, 152.6, 200
44.7, 198.4, 200
41.3, 208.4, 200
52.70000000000002, 187.3, 200
50.39999999999999, 217.1, 200
47.599999999999994, 200.9, 200
46.599999999999994, 209.0, 200
45.2, 206.6, 200
56.5, 200.3, 200
42.3, 199.1, 200
46.2, 156.4, 200
47.0, 207.1, 200
45.599999999999994, 203.3, 200
55.10000000000001, 177.8, 200
45.900000000000006, 192.2, 200
49.5, 189.5, 200
62.69999999999999, 204.1, 200
50.3, 199.2, 200
41.099999999999994, 210.4, 200
54.2, 206.5, 200
47.3, 178.2, 200
47.7, 197.6, 200
46.599999999999994, 195.3, 200
47.0, 194.0, 200
48.89999999999998, 204.5, 200
41.400000000000006, 202.7, 200
48.0, 190.1, 200
44.099999999999994, 181.3, 200
50.400000000000006, 202.5, 200
40.099999999999994, 174.3, 200
52.900000000000006, 205.9, 200
51.3, 209.3, 200
55.5, 192.9, 200
46.099999999999994, 219.3, 200
45.900000000000006, 199.9, 200
44.3, 214.1, 200
48.5, 208.6, 200
43.2, 199.3, 200
48.599999999999994, 181.3, 200
44.7, 207.6, 200
51.70000000000002, 193.7, 200
46.900000000000006, 212.5, 200
45.400000000000006, 197.2, 200
47.0, 208.2, 200
47.8, 202.5, 200
54.5, 202.6, 200
45.099999999999994, 203.2, 200
56.900000000000006, 203.1, 200
46.099999999999994, 208.0, 200
50.900000000000006, 205.3, 200
48.2, 206.5, 200
48.400000000000006, 200.0, 200
50.3, 198.0, 200
52.599999999999994, 202.8, 200
56.5, 206.6, 200
47.599999999999994, 208.9, 200
48.599999999999994, 219.9, 200
49.900000000000006, 197.0, 200
40.5, 207.8, 200
47.400000000000006, 209.6, 200
44.8, 200.9, 200
44.19999999999999, 215.0, 200
42.3, 210.3, 200
45.599999999999994, 201.0, 200
60.69999999999999, 179.8, 200
56.2, 199.0, 200
49.70000000000002, 194.4, 200
51.2, 195.7, 200
62.69999999999999, 189.4, 200
56.10000000000001, 178.2, 200
48.400000000000006, 201.7, 200
46.900000000000006, 196.3, 200
42.7, 205.1, 200
50.400000000000006, 194.2, 200
50.900000000000006, 214.1, 200
50.39999999999999, 186.3, 200
43.900000000000006, 195.5, 200
44.099999999999994, 204.4, 200
43.599999999999994, 209.0, 200
46.900000000000006, 206.2, 200
45.2, 179.4, 200
54.40000000000002, 196.3, 200
55.5, 196.7, 200
48.599999999999994, 211.4, 200
46.3, 219.3, 200
47.599999999999994, 212.5, 200
47.3, 194.4, 200
47.5, 204.4, 200
55.10000000000001, 202.0, 200
56.40000000000002, 190.3, 200
42.900000000000006, 201.0, 200
56.599999999999994, 206.8, 200
53.0, 216.1, 200
42.900000000000006, 209.6, 200
40.099999999999994, 193.6, 200
44.0, 186.6, 200
47.400000000000006, 177.4, 200
40.599999999999994, 189.8, 200
54.89999999999999, 183.9, 200
46.900000000000006, 199.3, 200
46.0, 201.1, 200
50.7, 207.6, 200
45.8, 199.5, 200
53.89999999999999, 208.6, 200
45.3, 211.4, 200
44.900000000000006, 197.0, 200
45.099999999999994, 211.1, 200
45.0, 152.6, 200
50.599999999999994, 194.0, 200
48.099999999999994, 204.8, 200
44.599999999999994, 200.6, 200
50.89999999999999, 196.7, 200
44.900000000000006, 175.1, 200
49.099999999999994, 199.2, 200
54.5, 191.8, 200
42.599999999999994, 207.6, 200
49.7, 203.0, 200
56.39999999999999, 175.2, 200
45.099999999999994, 201.1, 200
50.39999999999999, 197.1, 200
56.10000000000001, 194.6, 200
59.69999999999999, 205.3, 200
43.3, 203.5, 200
50.599999999999994, 206.2, 200
44.599999999999994, 209.1, 200
45.2, 198.4, 200
48.900000000000006, 197.0, 200
46.89999999999999, 206.0, 200
47.3, 195.6, 200
47.0, 162.3, 200
41.19999999999999, 205.1, 200
56.70000000000002, 193.4, 200
44.0, 208.6, 200
54.5, 202.6, 200
47.3, 200.4, 200
49.099999999999994, 207.1, 200
51.10000000000001, 196.2, 200
54.2, 188.8, 200
46.900000000000006, 202.1, 200
54.10000000000001, 198.6, 200
47.3, 192.8, 200
46.400000000000006, 213.2, 200
54.599999999999994, 214.2, 200
44.900000000000006, 203.4, 200
48.099999999999994, 209.6, 200
47.599999999999994, 202.6, 200
43.599999999999994, 175.2, 200
48.3, 181.2, 200
46.8, 201.7, 200
49.7, 208.2, 200
57.70000000000002, 201.3, 200
49.099999999999994, 199.0, 200
50.099999999999994, 209.2, 200
52.3, 191.2, 200
45.5, 190.6, 200
50.8, 204.8, 200
47.89999999999999, 193.7, 200
51.5, 198.6, 200
65.69999999999999, 183.4, 200
45.099999999999994, 198.0, 200
47.2, 203.3, 200
52.7, 197.7, 200
69.0, 195.2, 200
113.0, 202.4, 200
105.0, 193.4, 200
46.19999999999999, 199.1, 200
50.5, 183.9, 200
49.099999999999994, 197.0, 200
48.400000000000006, 202.1, 200
51.0, 207.6, 200
50.0, 215.0, 200
53.2, 191.0, 200
52.8, 207.6, 200
49.89999999999999, 198.4, 200
44.099999999999994, 203.9, 200
42.3, 200.4, 200
47.89999999999998, 183.8, 200
53.5, 195.7, 200
48.400000000000006, 200.3, 200
48.7, 202.3, 200
48.5, 208.2, 200
44.900000000000006, 203.3, 200
55.89999999999998, 205.5, 200
45.3, 211.4, 200
43.8, 192.7, 200
51.599999999999994, 204.9, 200
47.40000000000002, 195.6, 200
53.89999999999998, 205.9, 200
45.099999999999994, 177.4, 200
52.599999999999994, 208.7, 200
55.39999999999999, 185.9, 200
46.5, 202.7, 200
52.599999999999994, 195.6, 200
48.099999999999994, 215.0, 200
77.0, 177.4, 200
52.2, 204.4, 200
46.0, 185.9, 200
39.3, 171.0, 200
47.099999999999994, 204.3, 200
49.10000000000001, 209.3, 200
47.599999999999994, 162.3, 200
47.39999999999999, 197.1, 200
49.3, 212.0, 200
51.900000000000006, 204.3, 200
47.0, 215.0, 200
42.099999999999994, 207.3, 200
48.89999999999999, 193.7, 200
52.39999999999999, 203.5, 200
55.400000000000006, 208.6, 200
43.599999999999994, 206.6, 200
43.599999999999994, 196.5, 200
46.2, 212.3, 200
47.3, 201.5, 200
52.5, 203.3, 200
45.099999999999994, 201.1, 200
39.5, 206.8, 200
44.3, 193.7, 200
52.2, 178.0, 200
47.0, 186.8, 200
55.39999999999999, 195.3, 200
43.7, 194.2, 200
47.0, 208.3, 200
45.099999999999994, 176.0, 200
67.69999999999999, 207.1, 200
51.3, 199.0, 200
49.900000000000006, 206.3, 200
55.8, 197.6, 200
47.3, 176.0, 200
48.89999999999999, 175.2, 200
52.0, 195.6, 200
43.900000000000006, 203.6, 200
41.19999999999999, 162.3, 200
47.8, 215.8, 200
44.599999999999994, 202.6, 200
48.3, 183.9, 200
46.400000000000006, 197.0, 200
56.900000000000006, 207.1, 200
52.5, 209.6, 200
54.0, 212.3, 200
55.7, 197.1, 200
43.099999999999994, 216.1, 200
50.900000000000006, 193.7, 200
55.89999999999999, 158.1, 200
54.2, 211.4, 200
49.3, 197.0, 200
48.7, 197.2, 200
48.40000000000002, 216.1, 200
42.3, 217.1, 200
48.0, 215.8, 200
57.70000000000002, 208.6, 200
52.39999999999999, 200.4, 200
42.3, 202.3, 200
41.7, 209.2, 200
45.099999999999994, 189.5, 200
48.89999999999998, 188.0, 200
47.39999999999999, 200.1, 200
47.39999999999999, 201.0, 200
51.400000000000006, 215.5, 200
50.3, 177.5, 200
44.3, 210.4, 200
50.599999999999994, 199.5, 200
44.3, 208.3, 200
47.7, 202.8, 200
47.599999999999994, 168.4, 200
46.3, 208.0, 200
52.70000000000002, 197.2, 200
46.0, 162.3, 200
46.400000000000006, 208.4, 200
51.7, 204.7, 200
48.599999999999994, 187.1, 200
44.599999999999994, 208.3, 200
52.89999999999999, 215.0, 200
48.599999999999994, 193.4, 200
41.900000000000006, 189.0, 200
48.400000000000006, 194.9, 200
46.3, 198.8, 200
42.7, 196.7, 200
47.5, 219.3, 200
48.5, 191.8, 200
54.89999999999999, 210.3, 200
45.099999999999994, 206.8, 200
50.89999999999998, 203.8, 200
54.599999999999994, 198.1, 200
49.5, 202.0, 200
43.3, 199.2, 200
52.89999999999999, 192.2, 200
53.0, 198.5, 200
56.7, 204.9, 200
51.0, 192.1, 200
54.89999999999999, 209.2, 200
42.099999999999994, 192.8, 200
46.3, 200.1, 200
49.7, 183.8, 200
60.69999999999999, 207.8, 200
45.8, 195.4, 200
45.2, 202.9, 200
43.3, 202.8, 200
50.599999999999994, 197.2, 200
51.10000000000001, 199.9, 200
51.89999999999999, 169.6, 200
52.0, 198.4, 200
43.099999999999994, 202.9, 200
51.5, 194.4, 200
51.10000000000001, 208.8, 200
49.40000000000002, 191.2, 200
53.39999999999999, 210.8, 200
50.8, 203.5, 200
57.70000000000002, 202.2, 200
48.599999999999994, 164.2, 200
46.5, 204.4, 200
47.10000000000001, 169.6, 200
47.0, 198.0, 200
53.2, 131.0, 200
47.7, 205.9, 200
47.599999999999994, 198.8, 200
56.0, 194.2, 200
56.39999999999999, 201.3, 200
48.099999999999994, 209.3, 200
42.3, 201.8, 200
47.7, 204.0, 200
47.5, 189.8, 200
52.0, 206.8, 200
43.3, 219.3, 200
68.69999999999999, 200.4, 200
56.599999999999994, 196.5, 200
49.900000000000006, 203.6, 200
41.19999999999999, 215.4, 200
117.0, 198.3, 200
52.8, 195.6, 200
50.40000000000002, 202.6, 200
50.2, 198.1, 200
44.0, 195.7, 200
50.099999999999994, 192.7, 200
52.0, 194.0, 200
52.599999999999994, 201.0, 200
48.40000000000002, 179.8, 200
51.0, 198.5, 200
44.099999999999994, 177.6, 200
48.8, 202.2, 200
47.89999999999999, 207.8, 200
49.89999999999998, 207.7, 200
46.599999999999994, 197.0, 200
52.2, 197.3, 200
54.0, 205.1, 200
47.0, 197.7, 200
51.3, 193.8, 200
54.5, 193.3, 200
44.3, 206.7, 200
47.5, 192.1, 200
43.0, 196.8, 200
50.400000000000006, 200.4, 200
52.89999999999998, 207.4, 200
66.69999999999999, 190.3, 200
47.7, 208.7, 200
54.89999999999999, 199.5, 200
48.7, 207.7, 200
43.2, 240.9, 240
50.599999999999994, 241.1, 240
40.3, 242.6, 240
41.3, 237.2, 240
39.8, 240.1, 240
46.0, 245.3, 240
33.0, 236.0, 240
41.2, 228.7, 240
43.2, 231.8, 240
39.3, 233.3, 240
39.900000000000006, 235.3, 240
40.900000000000006, 234.8, 240
49.70000000000002, 237.7, 240
32.0, 220.6, 240
38.099999999999994, 254.3, 240
62.69999999999999, 241.6, 240
39.400000000000006, 232.7, 240
47.7, 233.4, 240
40.0, 237.1, 240
36.400000000000006, 250.0, 240
44.599999999999994, 235.0, 240
45.5, 236.0, 240
36.8, 243.3, 240
42.3, 222.1, 240
41.89999999999999, 247.5, 240
44.599999999999994, 234.1, 240
43.099999999999994, 250.0, 240
40.89999999999999, 243.2, 240
46.89999999999999, 216.6, 240
42.40000000000002, 237.2, 240
38.099999999999994, 223.8, 240
38.3, 228.3, 240
40.2, 224.0, 240
40.7, 236.3, 240
45.3, 227.1, 240
41.7, 229.8, 240
42.2, 243.6, 240
43.7, 243.2, 240
42.39999999999999, 238.3, 240
39.19999999999999, 201.0, 240
48.8, 230.6, 240
44.89999999999999, 238.6, 240
40.2, 228.8, 240
49.89999999999999, 231.8, 240
46.89999999999999, 241.2, 240
38.0, 235.1, 240
48.89999999999998, 240.8, 240
42.3, 235.3, 240
46.70000000000002, 236.7, 240
46.2, 236.6, 240
48.599999999999994, 237.0, 240
45.0, 235.8, 240
47.5, 213.6, 240
44.5, 232.0, 240
46.0, 237.0, 240
41.900000000000006, 241.3, 240
43.900000000000006, 235.4, 240
55.69999999999999, 233.0, 240
43.3, 231.5, 240
44.2, 231.5, 240
40.5, 245.9, 240
43.8, 237.8, 240
39.3, 236.6, 240
47.89999999999999, 228.4, 240
40.8, 223.0, 240
42.10000000000001, 238.1, 240
48.0, 240.3, 240
49.0, 239.8, 240
42.599999999999994, 252.1, 240
46.7, 225.3, 240
46.89999999999998, 235.2, 240
41.89999999999999, 243.3, 240
49.400000000000006, 241.8, 240
40.89999999999999, 250.0, 240
60.69999999999999, 221.8, 240
35.099999999999994, 240.8, 240
41.099999999999994, 229.1, 240
48.2, 254.3, 240
41.900000000000006, 236.4, 240
45.599999999999994, 240.8, 240
42.099999999999994, 241.9, 240
50.599999999999994, 237.7, 240
38.7, 220.4, 240
40.2, 168.2, 240
46.599999999999994, 237.8, 240
37.7, 211.0, 240
37.099999999999994, 229.2, 240
49.89999999999999, 241.0, 240
41.3, 232.0, 240
43.099999999999994, 238.8, 240
44.5, 234.3, 240
43.89999999999998, 247.6, 240
40.099999999999994, 249.2, 240
42.0, 243.3, 240
44.5, 233.8, 240
37.7, 233.2, 240
44.8, 227.5, 240
41.599999999999994, 158.1, 240
45.5, 228.3, 240
35.099999999999994, 227.9, 240
48.5, 232.0, 240
46.89999999999998, 225.4, 240
42.900000000000006, 233.0, 240
55.69999999999999, 231.2, 240
41.900000000000006, 209.2, 240
46.599999999999994, 248.6, 240
35.599999999999994, 233.5, 240
48.5, 236.0, 240
41.39999999999999, 233.5, 240
44.3, 229.5, 240
48.10000000000001, 235.4, 240
41.400000000000006, 237.9, 240
49.70000000000002, 235.4, 240
42.89999999999999, 243.3, 240
44.900000000000006, 233.5, 240
44.70000000000002, 232.6, 240
44.89999999999999, 227.1, 240
38.2, 237.8, 240
42.0, 236.4, 240
45.5, 241.0, 240
43.3, 220.3, 240
47.400000000000006, 245.8, 240
39.3, 228.7, 240
40.3, 239.5, 240
43.2, 193.1, 240
46.5, 203.4, 240
39.599999999999994, 234.1, 240
46.0, 218.5, 240
39.099999999999994, 228.3, 240
42.0, 233.1, 240
41.7, 238.3, 240
40.89999999999999, 232.7, 240
40.8, 239.9, 240
36.7, 245.3, 240
45.3, 240.9, 240
47.0, 241.7, 240
49.89999999999999, 239.8, 240
42.0, 245.1, 240
44.400000000000006, 229.8, 240
38.400000000000006, 231.2, 240
34.900000000000006, 240.5, 240
48.89999999999999, 245.4, 240
40.900000000000006, 232.6, 240
43.900000000000006, 236.7, 240
37.3, 224.5, 240
35.599999999999994, 222.3, 240
38.099999999999994, 243.4, 240
38.400000000000006, 233.2, 240
46.5, 244.8, 240
46.0, 238.5, 240
78.0, 247.3, 240
53.69999999999999, 243.4, 240
47.5, 230.1, 240
42.400000000000006, 233.3, 240
34.19999999999999, 238.2, 240
47.0, 239.0, 240
46.10000000000001, 213.6, 240
37.900000000000006, 235.3, 240
37.3, 236.3, 240
49.5, 230.3, 240
41.7, 230.2, 240
47.0, 227.2, 240
47.7, 237.7, 240
44.40000000000002, 237.1, 240
35.8, 237.1, 240
35.599999999999994, 231.8, 240
38.7, 232.0, 240
45.599999999999994, 201.8, 240
33.5, 241.2, 240
37.900000000000006, 225.6, 240
43.8, 233.1, 240
50.5, 232.0, 240
37.8, 234.9, 240
48.2, 250.5, 240
43.2, 242.1, 240
49.400000000000006, 233.3, 240
42.099999999999994, 240.8, 240
38.3, 226.8, 240
48.40000000000002, 229.4, 240
43.10000000000001, 187.6, 240
40.2, 229.9, 240
40.3, 224.8, 240
44.0, 210.1, 240
38.5, 219.3, 240
42.900000000000006, 236.4, 240
41.900000000000006, 229.8, 240
42.599999999999994, 228.3, 240
49.400000000000006, 233.4, 240
68.0, 241.2, 240
45.70000000000002, 235.7, 240
41.900000000000006, 221.6, 240
49.2, 205.0, 240
44.3, 245.1, 240
50.2, 238.6, 240
45.3, 209.2, 240
32.3, 237.9, 240
40.3, 231.3, 240
47.0, 242.3, 240
38.599999999999994, 229.9, 240
37.5, 229.0, 240
47.0, 241.3, 240
39.599999999999994, 236.7, 240
40.400000000000006, 236.7, 240
50.900000000000006, 233.6, 240
47.40000000000002, 235.3, 240
35.599999999999994, 242.1, 240
44.900000000000006, 166.0, 240
44.599999999999994, 230.6, 240
41.5, 221.1, 240
42.599999999999994, 246.4, 240
43.7, 230.3, 240
43.900000000000006, 244.1, 240
42.599999999999994, 243.9, 240
44.89999999999999, 240.1, 240
44.8, 233.8, 240
43.2, 238.9, 240
44.89999999999999, 235.4, 240
33.5, 236.3, 240
50.10000000000001, 236.3, 240
39.89999999999999, 248.6, 240
61.69999999999999, 230.0, 240
45.0, 241.8, 240
45.599999999999994, 237.3, 240
41.5, 229.9, 240
43.400000000000006, 247.5, 240
45.400000000000006, 229.8, 240
49.2, 243.3, 240
41.900000000000006, 254.3, 240
46.39999999999999, 241.8, 240
35.099999999999994, 223.8, 240
43.5, 237.7, 240
45.0, 247.8, 240
44.900000000000006, 199.2, 240
42.599999999999994, 241.1, 240
39.8, 236.8, 240
41.599999999999994, 231.2, 240
39.099999999999994, 246.9, 240
45.0, 235.5, 240
47.39999999999999, 229.2, 240
48.39999999999999, 212.6, 240
45.0, 254.9, 240
39.89999999999999, 230.8, 240
43.900000000000006, 237.0, 240
43.89999999999999, 243.9, 240
47.0, 225.4, 240
45.900000000000006, 239.4, 240
47.10000000000001, 224.5, 240
43.3, 237.7, 240
51.70000000000002, 235.4, 240
39.2, 236.0, 240
47.2, 236.3, 240
50.40000000000002, 243.9, 240
44.099999999999994, 238.8, 240
38.7, 234.3, 240
43.8, 235.8, 240
44.099999999999994, 241.1, 240
101.0, 239.4, 240
43.8, 246.4, 240
34.0, 244.8, 240
41.10000000000001, 244.1, 240
45.3, 233.8, 240
42.89999999999998, 239.2, 240
45.599999999999994, 193.1, 240
41.400000000000006, 240.0, 240
45.70000000000002, 237.8, 240
49.7, 242.4, 240
41.5, 243.3, 240
54.69999999999999, 237.1, 240
39.099999999999994, 244.1, 240
43.8, 245.5, 240
38.0, 234.0, 240
40.3, 225.1, 240
43.5, 245.3, 240
43.900000000000006, 240.3, 240
44.3, 245.6, 240
36.900000000000006, 243.1, 240
36.3, 212.4, 240
42.599999999999994, 231.5, 240
37.7, 238.8, 240
39.099999999999994, 229.8, 240
43.2, 235.3, 240
36.400000000000006, 223.9, 240
41.39999999999999, 221.3, 240
48.400000000000006, 187.6, 240
43.400000000000006, 245.4, 240
38.7, 240.0, 240
46.5, 249.1, 240
49.599999999999994, 219.8, 240
44.2, 228.7, 240
40.099999999999994, 243.9, 240
43.8, 226.2, 240
44.099999999999994, 240.8, 240
44.3, 232.1, 240
39.400000000000006, 238.6, 240
48.5, 238.3, 240
50.2, 228.1, 240
44.900000000000006, 243.3, 240
42.3, 232.0, 240
39.900000000000006, 254.9, 240
35.900000000000006, 241.4, 240
42.7, 227.2, 240
39.8, 232.6, 240
45.0, 233.5, 240
42.89999999999999, 243.3, 240
35.400000000000006, 238.9, 240
39.8, 228.4, 240
36.599999999999994, 234.5, 240
39.099999999999994, 245.9, 240
39.900000000000006, 228.3, 240
40.3, 240.9, 240
36.599999999999994, 218.5, 240
38.7, 231.2, 240
49.89999999999999, 250.5, 240
48.89999999999999, 239.5, 240
35.3, 230.6, 240
42.8, 244.3, 240
39.89999999999999, 209.2, 240
39.099999999999994, 210.2, 240
45.900000000000006, 239.9, 240
44.70000000000002, 228.4, 240
40.0, 231.3, 240
39.0, 203.4, 240
43.5, 237.7, 240
44.099999999999994, 242.1, 240
38.3, 235.3, 240
33.19999999999999, 242.1, 240
45.89999999999999, 243.3, 240
38.900000000000006, 235.7, 240
38.5, 241.8, 240
46.400000000000006, 220.3, 240
48.2, 242.8, 240
49.70000000000002, 230.0, 240
49.0, 237.0, 240
40.8, 229.0, 240
49.8, 232.1, 240
48.89999999999998, 234.0, 240
37.3, 244.6, 240
43.3, 199.2, 240
41.2, 233.8, 240
50.5, 229.4, 240
38.599999999999994, 229.8, 240
40.400000000000006, 245.5, 240
32.0, 230.7, 240
38.3, 220.6, 240
40.3, 233.5, 240
40.599999999999994, 245.9, 240
37.3, 244.8, 240
36.599999999999994, 241.8, 240
43.900000000000006, 235.4, 240
49.599999999999994, 240.9, 240
47.900000000000006, 246.1, 240
42.0, 247.6, 240
43.39999999999999, 230.4, 240
50.5, 227.1, 240
41.5, 224.5, 240
45.3, 237.7, 240
39.599999999999994, 223.9, 240
33.0, 232.0, 240
40.099999999999994, 230.2, 240
43.900000000000006, 233.4, 240
41.599999999999994, 229.4, 240
38.599999999999994, 224.0, 240
41.3, 250.4, 240
47.5, 241.8, 240
50.900000000000006, 242.6, 240
103.0, 240.9, 240
45.599999999999994, 238.8, 240
42.3, 241.2, 240
47.2, 238.6, 240
42.5, 242.5, 240
41.8, 242.1, 240
42.7, 247.6, 240
42.5, 238.6, 240
40.099999999999994, 235.8, 240
41.3, 243.6, 240
38.0, 240.7, 240
38.099999999999994, 242.8, 240
40.3, 245.9, 240
38.7, 225.1, 240
46.3, 230.8, 240
48.39999999999999, 228.3, 240
42.89999999999999, 234.3, 240
34.0, 210.1, 240
40.900000000000006, 237.1, 240
41.599999999999994, 233.1, 240
45.0, 230.8, 240
45.5, 254.3, 240
42.8, 232.1, 240
41.7, 212.5, 240
42.0, 239.8, 240
38.599999999999994, 237.4, 240
43.400000000000006, 246.1, 240
50.8, 234.5, 240
34.599999999999994, 241.3, 240
45.5, 237.6, 240
41.2, 237.6, 240
43.599999999999994, 233.4, 240
46.0, 236.3, 240
46.10000000000001, 242.1, 240
44.400000000000006, 203.4, 240
35.599999999999994, 235.1, 240
48.40000000000002, 237.3, 240
42.0, 237.5, 240
50.5, 250.8, 240
44.2, 235.3, 240
43.2, 236.0, 240
42.599999999999994, 250.0, 240
51.70000000000002, 243.6, 240
47.5, 243.7, 240
49.89999999999999, 231.5, 240
40.2, 240.0, 240
49.0, 233.5, 240
46.39999999999999, 213.0, 240
38.3, 231.7, 240
41.8, 249.2, 240
40.900000000000006, 224.2, 240
46.0, 233.5, 240
44.599999999999994, 229.9, 240
42.3, 250.5, 240
43.89999999999999, 234.0, 240
42.7, 242.7, 240
49.5, 233.1, 240
37.599999999999994, 247.6, 240
49.10000000000001, 209.2, 240
43.89999999999999, 226.8, 240
42.0, 233.0, 240
44.2, 245.9, 240
44.900000000000006, 234.2, 240
43.900000000000006, 226.0, 240
42.7, 233.4, 240
44.89999999999999, 244.2, 240
50.10000000000001, 241.8, 240
45.70000000000002, 233.4, 240
42.099999999999994, 242.2, 240
33.19999999999999, 233.5, 240
45.599999999999994, 227.8, 240
43.89999999999999, 236.9, 240
33.3, 232.7, 240
39.2, 241.0, 240
43.0, 236.4, 240
41.8, 240.7, 240
39.0, 237.8, 240
37.5, 250.0, 240
42.3, 235.1, 240
40.099999999999994, 233.5, 240
50.5, 237.8, 240
42.3, 245.7, 240
47.599999999999994, 250.8, 240
47.2, 236.0, 240
46.2, 241.8, 240
47.599999999999994, 240.3, 240
49.39999999999999, 231.7, 240
45.0, 230.7, 240
41.400000000000006, 236.9, 240
40.5, 232.7, 240
46.900000000000006, 236.0, 240
39.3, 232.0, 240
44.900000000000006, 231.8, 240
46.39999999999999, 238.6, 240
45.89999999999998, 234.0, 240
45.3, 227.1, 240
37.5, 241.0, 240
42.599999999999994, 243.8, 240
42.5, 239.4, 240
53.69999999999999, 234.4, 240
39.3, 234.9, 240
47.599999999999994, 240.9, 240
44.2, 244.2, 240
42.5, 227.7, 240
49.5, 238.5, 240
54.69999999999999, 237.7, 240
41.3, 236.9, 240
34.099999999999994, 237.3, 240
47.70000000000002, 231.1, 240
37.3, 234.0, 240
39.8, 242.3, 240
47.10000000000001, 220.9, 240
46.5, 242.2, 240
46.2, 240.1, 240
47.0, 244.0, 240
41.89999999999998, 236.6, 240
40.099999999999994, 230.9, 240
45.39999999999999, 235.4, 240
98.0, 237.1, 240
44.70000000000002, 241.6, 240
38.900000000000006, 230.6, 240
35.900000000000006, 223.0, 240
45.89999999999998, 246.1, 240
45.70000000000002, 239.4, 240
41.39999999999999, 237.8, 240
42.2, 243.1, 240
39.099999999999994, 238.6, 240
41.0, 246.4, 240
41.0, 245.8, 240
43.900000000000006, 243.3, 240
38.7, 205.0, 240
41.099999999999994, 244.8, 240
40.0, 229.6, 240
43.3, 238.3, 240
39.3, 247.6, 240
45.599999999999994, 239.6, 240
34.7, 233.5, 240
46.0, 223.0, 240
43.10000000000001, 239.6, 240
48.0, 233.3, 240
44.0, 211.0, 240
44.3, 238.5, 240
36.099999999999994, 236.3, 240
33.0, 228.4, 240
43.5, 236.3, 240
42.900000000000006, 244.3, 240
45.39999999999999, 249.8, 240
45.900000000000006, 228.1, 240
42.099999999999994, 239.4, 240
36.400000000000006, 243.1, 240
37.099999999999994, 241.7, 240
38.900000000000006, 243.0, 240
46.89999999999998, 230.5, 240
51.70000000000002, 224.3, 240
42.900000000000006, 237.3, 240
45.2, 232.7, 240
42.89999999999999, 237.8, 240
45.39999999999999, 236.4, 240
38.0, 237.1, 240
40.0, 233.8, 240
42.400000000000006, 240.8, 240
45.099999999999994, 235.0, 240
42.70000000000002, 243.7, 240
42.599999999999994, 232.1, 240
42.2, 235.8, 240
103.0, 228.3, 240
46.89999999999998, 232.0, 240
44.5, 231.2, 240
35.0, 245.3, 240
47.7, 230.2, 240
42.40000000000002, 238.2, 240
37.3, 243.3, 240
39.900000000000006, 237.7, 240
49.39999999999999, 233.2, 240
42.40000000000002, 234.1, 240
37.3, 231.7, 240
46.0, 232.6, 240
104.0, 236.6, 240
36.3, 243.3, 240
40.89999999999999, 242.2, 240
45.2, 240.0, 240
41.900000000000006, 250.8, 240
46.2, 244.0, 240
42.7, 245.9, 240
44.10000000000001, 231.1, 240
44.400000000000006, 236.1, 240
43.5, 249.2, 240
39.099999999999994, 234.9, 240
49.5, 236.4, 240
47.5, 235.1, 240
41.89999999999999, 240.9, 240
45.2, 233.4, 240
50.89999999999998, 238.1, 240
42.099999999999994, 213.6, 240
42.89999999999998, 229.0, 240
40.0, 241.6, 240
50.0, 242.1, 240
50.5, 241.8, 240
42.7, 236.5, 240
37.3, 239.2, 240
41.5, 234.9, 240
32.0, 205.0, 240
33.099999999999994, 219.8, 240
43.2, 242.8, 240
42.900000000000006, 230.1, 240
39.0, 224.2, 240
40.0, 246.9, 240
48.70000000000002, 234.2, 240
41.5, 235.5, 240
41.599999999999994, 243.3, 240
42.099999999999994, 237.8, 240
36.400000000000006, 235.1, 240
45.599999999999994, 240.0, 240
47.599999999999994, 242.5, 240
43.89999999999999, 227.8, 240
43.599999999999994, 196.2, 240
38.900000000000006, 196.2, 240
44.900000000000006, 235.1, 240
48.89999999999999, 235.3, 240
38.099999999999994, 246.4, 240
36.5, 227.7, 240
46.3, 243.1, 240
37.900000000000006, 254.3, 240
43.89999999999999, 235.2, 240
50.39999999999999, 230.9, 240
42.900000000000006, 199.1, 240
41.7, 233.4, 240
41.89999999999998, 241.8, 240
42.10000000000001, 224.2, 240
41.3, 237.0, 240
44.0, 230.2, 240
39.900000000000006, 231.8, 240
43.099999999999994, 243.9, 240
41.3, 241.7, 240
44.900000000000006, 236.1, 240
31.0, 272.5, 280
49.0, 276.4, 280
46.5, 244.2, 280
43.599999999999994, 268.1, 280
36.5, 274.8, 280
33.599999999999994, 267.7, 280
49.0, 272.9, 280
35.900000000000006, 269.2, 280
44.89999999999999, 272.0, 280
39.5, 276.8, 280
36.7, 260.1, 280
40.7, 268.0, 280
42.3, 272.1, 280
45.400000000000006, 277.1, 280
40.8, 267.2, 280
39.7, 264.0, 280
34.19999999999999, 284.8, 280
36.5, 267.1, 280
35.3, 267.6, 280
47.89999999999999, 263.3, 280
38.599999999999994, 276.7, 280
47.5, 276.3, 280
41.599999999999994, 285.0, 280
49.599999999999994, 275.9, 280
43.099999999999994, 279.2, 280
42.7, 277.6, 280
43.2, 203.2, 280
40.3, 277.6, 280
47.39999999999999, 267.0, 280
45.7, 272.5, 280
42.89999999999999, 286.5, 280
39.0, 265.9, 280
60.69999999999999, 269.2, 280
43.3, 275.9, 280
59.69999999999999, 276.0, 280
41.2, 276.9, 280
43.3, 273.3, 280
41.7, 269.2, 280
44.0, 272.4, 280
37.099999999999994, 277.8, 280
48.599999999999994, 262.8, 280
46.89999999999999, 275.9, 280
37.3, 275.0, 280
47.0, 274.6, 280
45.89999999999999, 262.1, 280
37.900000000000006, 279.2, 280
35.099999999999994, 270.1, 280
55.69999999999999, 272.9, 280
44.8, 265.5, 280
46.2, 278.6, 280
42.599999999999994, 264.4, 280
35.7, 269.9, 280
45.900000000000006, 270.1, 280
43.900000000000006, 265.8, 280
43.599999999999994, 275.9, 280
44.10000000000001, 270.3, 280
36.099999999999994, 275.1, 280
37.3, 273.6, 280
35.3, 265.7, 280
44.89999999999999, 277.8, 280
42.89999999999999, 267.1, 280
42.5, 272.8, 280
42.5, 269.8, 280
35.099999999999994, 275.9, 280
43.599999999999994, 272.1, 280
44.7, 277.7, 280
36.599999999999994, 270.5, 280
40.5, 259.8, 280
37.8, 274.9, 280
34.099999999999994, 234.1, 280
44.3, 274.4, 280
42.8, 278.1, 280
38.2, 272.7, 280
47.599999999999994, 279.1, 280
41.599999999999994, 274.2, 280
39.3, 274.0, 280
41.3, 269.2, 280
42.2, 263.3, 280
43.599999999999994, 255.3, 280
43.5, 274.4, 280
43.5, 271.1, 280
48.5, 227.9, 280
37.7, 274.4, 280
41.3, 264.3, 280
41.3, 270.4, 280
40.599999999999994, 272.2, 280
37.099999999999994, 278.7, 280
44.099999999999994, 258.9, 280
34.3, 269.8, 280
34.0, 273.6, 280
47.39999999999999, 270.3, 280
48.2, 267.0, 280
38.099999999999994, 289.9, 280
41.3, 272.6, 280
34.599999999999994, 268.5, 280
44.099999999999994, 259.8, 280
45.3, 271.9, 280
38.0, 269.0, 280
42.7, 266.2, 280
41.5, 273.1, 280
46.89999999999999, 286.3, 280
49.5, 262.5, 280
36.7, 267.0, 280
41.099999999999994, 266.7, 280
42.3, 274.1, 280
44.70000000000002, 275.0, 280
44.900000000000006, 270.3, 280
41.0, 274.1, 280
45.8, 272.1, 280
48.5, 278.7, 280
38.099999999999994, 279.6, 280
40.39999999999999, 203.2, 280
34.400000000000006, 266.5, 280
45.5, 258.8, 280
114.0, 248.2, 280
40.900000000000006, 266.8, 280
37.900000000000006, 277.7, 280
38.0, 286.1, 280
35.599999999999994, 273.5, 280
41.599999999999994, 268.6, 280
43.900000000000006, 275.1, 280
42.8, 232.3, 280
40.599999999999994, 263.4, 280
39.8, 270.1, 280
46.89999999999999, 255.4, 280
41.3, 280.3, 280
34.099999999999994, 278.2, 280
48.10000000000001, 271.3, 280
45.5, 267.6, 280
49.39999999999999, 246.0, 280
40.0, 251.6, 280
39.3, 264.5, 280
46.39999999999999, 275.9, 280
44.5, 268.0, 280
45.400000000000006, 269.3, 280
35.0, 274.8, 280
48.10000000000001, 272.2, 280
49.7, 274.8, 280
45.0, 260.6, 280
48.8, 268.0, 280
38.3, 268.0, 280
47.5, 270.4, 280
44.2, 278.0, 280
39.3, 278.3, 280
38.3, 261.8, 280
40.7, 273.6, 280
41.0, 271.6, 280
49.40000000000002, 272.5, 280
45.0, 274.9, 280
39.099999999999994, 272.4, 280
47.5, 264.6, 280
40.099999999999994, 273.8, 280
38.3, 272.1, 280
45.89999999999999, 269.2, 280
41.8, 286.3, 280
45.40000000000002, 266.7, 280
32.5, 278.1, 280
34.099999999999994, 276.2, 280
42.5, 271.4, 280
38.5, 273.8, 280
35.7, 270.6, 280
38.7, 284.1, 280
41.2, 256.6, 280
37.3, 268.6, 280
49.5, 274.2, 280
38.0, 272.0, 280
44.39999999999999, 267.0, 280
44.89999999999998, 273.0, 280
40.3, 277.6, 280
36.8, 272.0, 280
37.7, 266.2, 280
44.89999999999999, 248.0, 280
37.099999999999994, 273.9, 280
44.8, 232.3, 280
49.599999999999994, 278.7, 280
41.10000000000001, 270.4, 280
41.5, 274.8, 280
40.2, 274.0, 280
49.599999999999994, 280.7, 280
34.099999999999994, 287.1, 280
47.5, 268.0, 280
37.5, 274.1, 280
46.900000000000006, 271.4, 280
39.3, 280.8, 280
45.39999999999999, 276.5, 280
38.5, 269.8, 280
43.10000000000001, 272.3, 280
36.8, 283.4, 280
48.39999999999999, 272.8, 280
45.5, 273.2, 280
43.89999999999999, 269.3, 280
36.099999999999994, 271.3, 280
34.7, 265.7, 280
36.7, 265.9, 280
42.89999999999999, 281.1, 280
36.8, 265.3, 280
48.599999999999994, 259.0, 280
42.599999999999994, 281.4, 280
37.8, 265.8, 280
46.10000000000001, 283.2, 280
37.5, 275.1, 280
49.5, 265.9, 280
45.900000000000006, 283.1, 280
43.3, 273.1, 280
49.0, 273.5, 280
40.89999999999999, 275.0, 280
48.10000000000001, 264.5, 280
49.89999999999998, 276.8, 280
44.0, 267.7, 280
42.900000000000006, 283.2, 280
44.8, 260.3, 280
43.0, 267.0, 280
58.69999999999999, 265.5, 280
41.5, 262.2, 280
38.099999999999994, 272.7, 280
36.0, 272.0, 280
44.3, 277.8, 280
60.69999999999999, 273.1, 280
41.900000000000006, 261.2, 280
49.10000000000001, 280.9, 280
46.599999999999994, 277.2, 280
39.19999999999999, 190.5, 280
37.3, 281.9, 280
44.10000000000001, 270.1, 280
40.8, 264.0, 280
43.0, 266.8, 280
40.5, 255.4, 280
47.5, 274.6, 280
48.8, 270.1, 280
42.0, 271.5, 280
40.5, 274.4, 280
36.099999999999994, 264.2, 280
44.70000000000002, 268.1, 280
44.0, 282.6, 280
45.400000000000006, 273.6, 280
34.599999999999994, 264.3, 280
36.8, 261.2, 280
42.39999999999999, 279.6, 280
47.0, 226.4, 280
44.599999999999994, 280.7, 280
41.099999999999994, 239.6, 280
37.0, 253.4, 280
36.7, 264.2, 280
48.7, 274.8, 280
42.40000000000002, 268.5, 280
46.39999999999999, 273.4, 280
40.3, 274.8, 280
38.8, 268.3, 280
45.099999999999994, 275.0, 280
50.70000000000002, 247.5, 280
46.5, 247.8, 280
42.099999999999994, 270.5, 280
36.19999999999999, 267.6, 280
40.599999999999994, 273.3, 280
49.10000000000001, 272.8, 280
39.099999999999994, 261.8, 280
35.3, 277.1, 280
45.900000000000006, 272.1, 280
40.89999999999999, 279.6, 280
35.599999999999994, 271.3, 280
43.2, 280.9, 280
47.599999999999994, 259.8, 280
48.10000000000001, 228.1, 280
55.69999999999999, 271.3, 280
43.099999999999994, 260.3, 280
43.39999999999999, 272.4, 280
42.5, 279.3, 280
44.599999999999994, 253.4, 280
39.900000000000006, 284.1, 280
40.099999999999994, 259.5, 280
45.3, 264.6, 280
41.7, 271.7, 280
43.2, 275.3, 280
38.900000000000006, 278.8, 280
49.2, 279.0, 280
46.89999999999999, 270.7, 280
47.0, 262.5, 280
43.5, 280.3, 280
57.69999999999999, 268.5, 280
35.7, 272.2, 280
34.099999999999994, 271.1, 280
45.10000000000001, 272.0, 280
41.2, 281.9, 280
45.2, 272.3, 280
46.2, 268.5, 280
39.2, 258.8, 280
37.8, 267.0, 280
42.40000000000002, 268.8, 280
33.3, 273.3, 280
49.599999999999994, 270.8, 280
36.099999999999994, 269.0, 280
36.5, 267.0, 280
45.599999999999994, 269.5, 280
33.599999999999994, 278.2, 280
41.3, 258.9, 280
38.099999999999994, 262.2, 280
42.599999999999994, 277.8, 280
30.19999999999999, 268.5, 280
33.599999999999994, 263.6, 280
42.5, 248.0, 280
42.900000000000006, 248.2, 280
45.5, 273.1, 280
40.099999999999994, 278.1, 280
43.5, 279.3, 280
48.10000000000001, 282.8, 280
40.10000000000001, 262.1, 280
39.7, 256.6, 280
42.599999999999994, 283.2, 280
46.0, 267.1, 280
39.0, 276.3, 280
33.3, 273.4, 280
39.900000000000006, 272.2, 280
37.3, 251.3, 280
45.3, 277.7, 280
44.0, 267.0, 280
45.400000000000006, 278.9, 280
47.10000000000001, 275.8, 280
43.2, 271.1, 280
46.0, 274.1, 280
41.099999999999994, 265.6, 280
47.2, 263.3, 280
49.5, 272.5, 280
41.599999999999994, 262.9, 280
40.3, 283.2, 280
49.400000000000006, 267.6, 280
39.2, 276.3, 280
39.099999999999994, 280.1, 280
42.2, 266.8, 280
36.3, 240.9, 280
45.70000000000002, 253.5, 280
41.89999999999999, 251.3, 280
41.5, 277.1, 280
41.900000000000006, 269.0, 280
37.900000000000006, 251.6, 280
41.39999999999999, 265.9, 280
46.40000000000002, 277.1, 280
45.8, 267.0, 280
40.900000000000006, 272.0, 280
34.599999999999994, 276.6, 280
45.5, 276.6, 280
46.89999999999999, 268.7, 280
41.2, 275.9, 280
38.5, 273.4, 280
35.099999999999994, 271.1, 280
42.599999999999994, 275.3, 280
46.0, 272.9, 280
35.8, 264.4, 280
33.099999999999994, 276.8, 280
38.900000000000006, 278.8, 280
35.7, 262.1, 280
48.40000000000002, 266.7, 280
42.0, 267.3, 280
46.0, 266.8, 280
38.900000000000006, 271.3, 280
46.2, 264.1, 280
39.89999999999999, 270.5, 280
41.8, 265.0, 280
41.10000000000001, 269.4, 280
48.89999999999998, 271.8, 280
45.3, 190.5, 280
37.5, 249.8, 280
58.69999999999999, 274.4, 280
49.39999999999999, 277.2, 280
46.0, 277.1, 280
43.8, 277.5, 280
35.900000000000006, 269.0, 280
43.599999999999994, 280.9, 280
36.900000000000006, 264.8, 280
37.099999999999994, 285.5, 280
44.0, 281.9, 280
38.900000000000006, 280.7, 280
38.099999999999994, 287.1, 280
40.099999999999994, 272.1, 280
31.0, 190.5, 280
39.099999999999994, 269.2, 280
46.7, 264.1, 280
43.2, 271.0, 280
38.599999999999994, 269.1, 280
36.900000000000006, 270.3, 280
44.900000000000006, 256.6, 280
33.900000000000006, 285.0, 280
47.5, 264.2, 280
42.5, 273.5, 280
43.89999999999999, 270.3, 280
48.5, 268.5, 280
34.0, 272.0, 280
48.0, 260.1, 280
44.2, 246.9, 280
37.19999999999999, 280.6, 280
35.099999999999994, 245.1, 280
36.5, 236.8, 280
44.599999999999994, 261.2, 280
44.5, 272.1, 280
41.89999999999999, 275.7, 280
36.599999999999994, 271.3, 280
46.599999999999994, 268.1, 280
45.2, 277.8, 280
41.900000000000006, 267.0, 280
41.3, 270.3, 280
36.5, 265.7, 280
38.900000000000006, 270.1, 280
111.0, 285.0, 280
44.0, 265.8, 280
41.2, 275.5, 280
39.19999999999999, 279.3, 280
41.3, 278.3, 280
31.299999999999997, 274.7, 280
43.900000000000006, 268.5, 280
41.10000000000001, 277.6, 280
41.0, 277.1, 280
55.69999999999999, 278.3, 280
46.5, 245.2, 280
38.3, 270.7, 280
42.599999999999994, 270.0, 280
43.0, 284.1, 280
43.89999999999999, 272.4, 280
46.900000000000006, 276.0, 280
44.39999999999999, 274.8, 280
35.5, 259.2, 280
35.400000000000006, 270.3, 280
43.89999999999999, 275.1, 280
39.2, 270.4, 280
43.39999999999999, 269.0, 280
46.7, 269.9, 280
36.0, 267.0, 280
48.400000000000006, 257.1, 280
60.0, 272.6, 280
43.599999999999994, 276.5, 280
34.900000000000006, 264.5, 280
35.900000000000006, 270.0, 280
44.900000000000006, 276.3, 280
42.099999999999994, 271.4, 280
43.400000000000006, 279.0, 280
45.0, 272.6, 280
42.099999999999994, 269.8, 280
33.7, 271.0, 280
35.5, 277.1, 280
38.3, 268.0, 280
34.099999999999994, 265.2, 280
42.599999999999994, 268.3, 280
42.5, 278.6, 280
39.3, 276.0, 280
49.5, 274.8, 280
38.3, 268.1, 280
37.0, 255.9, 280
42.39999999999999, 270.3, 280
34.3, 269.9, 280
44.0, 277.3, 280
45.10000000000001, 269.8, 280
47.5, 276.0, 280
42.2, 277.4, 280
46.2, 264.2, 280
42.2, 283.2, 280
34.3, 269.0, 280
40.099999999999994, 277.1, 280
44.89999999999999, 268.4, 280
36.7, 268.1, 280
38.099999999999994, 269.0, 280
38.3, 273.2, 280
43.599999999999994, 279.1, 280
56.0, 266.3, 280
49.400000000000006, 271.3, 280
39.900000000000006, 258.9, 280
38.0, 259.8, 280
37.8, 275.3, 280
35.3, 269.2, 280
124.0, 232.1, 280
40.099999999999994, 270.9, 280
38.900000000000006, 266.8, 280
41.099999999999994, 203.2, 280
45.2, 269.2, 280
57.0, 267.0, 280
35.599999999999994, 278.3, 280
39.900000000000006, 278.1, 280
39.099999999999994, 265.4, 280
44.70000000000002, 270.4, 280
37.900000000000006, 270.5, 280
35.400000000000006, 268.3, 280
40.400000000000006, 268.5, 280
47.0, 268.5, 280
42.5, 268.4, 280
39.0, 267.2, 280
30.19999999999999, 267.6, 280
38.900000000000006, 271.5, 280
42.3, 273.8, 280
36.3, 240.0, 280
36.099999999999994, 268.4, 280
40.89999999999999, 255.4, 280
129.0, 270.4, 280
38.3, 274.8, 280
38.3, 277.5, 280
43.7, 281.9, 280
40.0, 263.3, 280
38.599999999999994, 273.4, 280
48.599999999999994, 267.0, 280
40.5, 275.1, 280
37.7, 273.6, 280
47.0, 284.1, 280
40.900000000000006, 265.9, 280
48.2, 270.3, 280
38.900000000000006, 271.5, 280
39.89999999999999, 265.6, 280
34.599999999999994, 272.9, 280
42.400000000000006, 278.1, 280
38.8, 262.8, 280
37.5, 273.3, 280
43.8, 271.8, 280
33.599999999999994, 269.3, 280
45.40000000000002, 273.4, 280
47.39999999999999, 267.6, 280
45.89999999999999, 269.2, 280
41.8, 278.3, 280
41.599999999999994, 279.6, 280
44.10000000000001, 289.3, 280
43.70000000000002, 273.2, 280
37.599999999999994, 271.9, 280
35.599999999999994, 267.0, 280
48.599999999999994, 270.4, 280
38.3, 268.8, 280
47.89999999999999, 275.9, 280
40.599999999999994, 273.3, 280
46.40000000000002, 283.6, 280
36.3, 278.2, 280
37.900000000000006, 269.5, 280
42.2, 271.6, 280
44.2, 253.9, 280
37.099999999999994, 269.1, 280
42.2, 265.4, 280
39.89999999999999, 269.2, 280
38.099999999999994, 248.2, 280
43.5, 271.7, 280
41.599999999999994, 269.2, 280
44.40000000000002, 236.0, 280
46.39999999999999, 246.9, 280
39.900000000000006, 276.7, 280
36.7, 269.9, 280
46.8, 253.9, 280
45.900000000000006, 270.4, 280
41.5, 265.6, 280
46.89999999999999, 274.2, 280
34.0, 245.1, 280
48.900000000000006, 273.3, 280
38.19999999999999, 260.1, 280
36.099999999999994, 269.9, 280
47.89999999999999, 269.4, 280
45.39999999999999, 270.1, 280
41.7, 269.1, 280
41.39999999999999, 240.9, 280
47.0, 273.5, 280
40.89999999999999, 279.8, 280
45.89999999999999, 258.8, 280
33.3, 273.6, 280
37.400000000000006, 256.6, 280
43.900000000000006, 268.1, 280
36.599999999999994, 264.1, 280
42.599999999999994, 245.2, 280
36.900000000000006, 275.9, 280
46.7, 279.2, 280
41.5, 259.9, 280
36.7, 260.3, 280
37.3, 268.0, 280
37.0, 271.4, 280
41.10000000000001, 275.9, 280
37.3, 279.6, 280
47.0, 274.8, 280
40.900000000000006, 267.0, 280
38.599999999999994, 274.4, 280
36.3, 281.4, 280
44.900000000000006, 275.9, 280
36.8, 276.3, 280
40.7, 269.1, 280
40.2, 278.6, 280
45.900000000000006, 255.4, 280
47.39999999999999, 193.1, 280
48.5, 280.7, 280
40.5, 274.8, 280
46.2, 271.1, 280
40.89999999999999, 273.6, 280
44.2, 268.4, 280
44.599999999999994, 276.4, 280
43.2, 278.3, 280
44.900000000000006, 266.8, 280
47.2, 269.0, 280
42.2, 269.5, 280
45.7, 245.1, 280
40.89999999999998, 276.6, 280
41.5, 264.9, 280
47.599999999999994, 276.9, 280
34.8, 247.8, 280
35.099999999999994, 283.2, 280
40.099999999999994, 275.8, 280
44.5, 272.4, 280
39.099999999999994, 274.8, 280
38.900000000000006, 268.0, 280
36.900000000000006, 283.4, 280
39.900000000000006, 270.8, 280
39.0, 283.6, 280
41.599999999999994, 264.0, 280
41.2, 269.2, 280
45.099999999999994, 268.1, 280
40.0, 267.0, 320
49.599999999999994, 280.8, 320
34.900000000000006, 270.4, 320
39.8, 283.6, 320
41.900000000000006, 268.2, 320
48.599999999999994, 278.3, 320
41.599999999999994, 269.9, 320
41.5, 265.6, 320
59.69999999999999, 273.8, 320
37.900000000000006, 269.9, 320
45.39999999999999, 258.8, 320
43.400000000000006, 258.8, 320
44.0, 275.9, 320
40.7, 269.4, 320
43.900000000000006, 277.6, 320
37.3, 270.4, 320
43.400000000000006, 279.2, 320
37.5, 271.3, 320
38.900000000000006, 267.1, 320
40.900000000000006, 269.3, 320
32.19999999999999, 282.6, 320
45.0, 265.8, 320
43.3, 273.5, 320
37.900000000000006, 274.8, 320
44.0, 271.9, 320
40.900000000000006, 273.3, 320
40.39999999999999, 262.9, 320
39.8, 270.4, 320
44.5, 265.1, 320
37.2, 260.6, 320
41.0, 278.3, 320
41.89999999999999, 272.4, 320
46.10000000000001, 278.4, 320
38.8, 269.0, 320
40.099999999999994, 265.6, 320
44.89999999999999, 261.2, 320
38.8, 271.3, 320
45.89999999999999, 268.6, 320
35.0, 280.9, 320
37.3, 274.1, 320
49.8, 279.3, 320
40.0, 272.6, 320
39.099999999999994, 266.1, 320
34.599999999999994, 273.3, 320
38.0, 264.5, 320
41.89999999999999, 201.0, 320
36.3, 273.8, 320
42.8, 255.9, 320
40.5, 274.4, 320
37.8, 268.5, 320
47.599999999999994, 272.3, 320
47.5, 264.0, 320
43.0, 258.8, 320
38.8, 281.9, 320
42.900000000000006, 267.6, 320
41.7, 277.8, 320
44.10000000000001, 266.1, 320
41.3, 274.8, 320
43.0, 263.3, 320
41.3, 269.5, 320
43.3, 273.8, 320
48.89999999999999, 265.7, 320
42.0, 284.1, 320
41.900000000000006, 275.1, 320
45.2, 278.3, 320
40.3, 260.6, 320
41.10000000000001, 272.4, 320
41.099999999999994, 263.3, 320
41.099999999999994, 272.2, 320
45.8, 236.0, 320
39.099999999999994, 273.4, 320
47.8, 261.0, 320
41.8, 258.9, 320
44.89999999999999, 281.1, 320
34.099999999999994, 277.2, 320
47.900000000000006, 263.7, 320
43.10000000000001, 248.2, 320
38.8, 267.0, 320
38.8, 257.1, 320
43.2, 270.0, 320
44.099999999999994, 273.8, 320
39.19999999999999, 248.0, 320
35.3, 274.0, 320
37.7, 271.7, 320
55.69999999999999, 269.4, 320
47.5, 272.3, 320
47.2, 273.8, 320
34.0, 277.6, 320
48.0, 277.7, 320
42.89999999999999, 275.0, 320
49.599999999999994, 267.7, 320
46.39999999999999, 261.2, 320
49.39999999999999, 284.2, 320
45.39999999999999, 193.1, 320
40.89999999999998, 268.5, 320
41.3, 277.2, 320
35.599999999999994, 280.7, 320
47.0, 236.8, 320
39.3, 272.5, 320
47.89999999999999, 272.1, 320
39.2, 269.1, 320
47.599999999999994, 271.9, 320
40.599999999999994, 268.1, 320
40.2, 273.9, 320
48.70000000000002, 265.7, 320
35.099999999999994, 276.7, 320
42.099999999999994, 266.3, 320
48.599999999999994, 279.9, 320
42.599999999999994, 283.6, 320
36.19999999999999, 227.9, 320
43.0, 253.4, 320
47.40000000000002, 264.2, 320
30.19999999999999, 266.5, 320
42.0, 271.9, 320
41.70000000000002, 274.3, 320
39.7, 280.9, 320
49.5, 266.2, 320
41.2, 273.3, 320
37.5, 270.4, 320
37.099999999999994, 265.7, 320
35.099999999999994, 278.3, 320
45.89999999999999, 266.2, 320
38.0, 275.9, 320
42.10000000000001, 277.7, 320
36.3, 279.3, 320
38.400000000000006, 274.8, 320
38.7, 277.8, 320
42.5, 270.4, 320
45.8, 285.8, 320
37.900000000000006, 241.0, 320
35.400000000000006, 272.0, 320
47.89999999999999, 278.4, 320
34.19999999999999, 255.6, 320
40.89999999999999, 267.0, 320
40.8, 268.1, 320
49.599999999999994, 264.1, 320
40.8, 274.6, 320
45.3, 279.8, 320
47.599999999999994, 264.0, 320
48.39999999999999, 272.0, 320
48.0, 270.4, 320
46.0, 276.8, 320
38.5, 266.1, 320
46.5, 276.3, 320
40.099999999999994, 258.8, 320
38.3, 261.8, 320
48.5, 273.9, 320
47.400000000000006, 247.5, 320
49.400000000000006, 258.8, 320
35.7, 284.2, 320
42.900000000000006, 276.1, 320
39.3, 246.9, 320
43.900000000000006, 278.9, 320
34.599999999999994, 278.9, 320
42.5, 256.8, 320
43.2, 275.0, 320
43.0, 272.8, 320
34.900000000000006, 264.4, 320
40.89999999999999, 251.6, 320
58.0, 268.0, 320
38.099999999999994, 240.9, 320
44.2, 272.3, 320
35.599999999999994, 275.9, 320
43.3, 275.1, 320
37.7, 263.3, 320
39.89999999999999, 274.2, 320
41.5, 278.3, 320
38.19999999999999, 268.8, 320
45.7, 253.5, 320
33.7, 274.4, 320
41.900000000000006, 283.2, 320
35.5, 272.1, 320
35.3, 275.9, 320
39.599999999999994, 240.0, 320
39.900000000000006, 256.1, 320
44.0, 274.4, 320
42.3, 276.5, 320
36.8, 270.3, 320
42.400000000000006, 274.8, 320
46.70000000000002, 277.5, 320
48.599999999999994, 271.7, 320
43.599999999999994, 285.0, 320
38.400000000000006, 267.0, 320
39.3, 268.3, 320
32.5, 270.7, 320
36.7, 268.5, 320
42.40000000000002, 269.4, 320
38.19999999999999, 274.4, 320
37.0, 271.1, 320
30.19999999999999, 269.4, 320
40.3, 268.3, 320
35.099999999999994, 262.2, 320
42.599999999999994, 268.5, 320
46.89999999999998, 265.6, 320
38.19999999999999, 273.3, 320
39.89999999999999, 270.4, 320
49.10000000000001, 272.3, 320
39.7, 275.1, 320
36.8, 201.0, 320
49.599999999999994, 276.0, 320
38.2, 278.2, 320
39.0, 277.6, 320
40.599999999999994, 270.6, 320
45.89999999999998, 271.0, 320
40.599999999999994, 277.8, 320
47.5, 266.1, 320
38.099999999999994, 262.7, 320
49.39999999999999, 277.8, 320
43.89999999999999, 271.1, 320
45.89999999999999, 283.6, 320
38.3, 259.8, 320
37.0, 251.3, 320
38.900000000000006, 272.0, 320
39.900000000000006, 273.2, 320
40.3, 281.4, 320
45.400000000000006, 265.6, 320
49.10000000000001, 255.3, 320
41.599999999999994, 263.3, 320
38.599999999999994, 267.0, 320
40.900000000000006, 268.1, 320
44.8, 277.8, 320
37.3, 277.1, 320
67.0, 277.8, 320
41.900000000000006, 263.3, 320
49.900000000000006, 274.0, 320
41.900000000000006, 280.4, 320
35.099999999999994, 264.2, 320
40.3, 272.7, 320
34.3, 263.7, 320
58.69999999999999, 277.7, 320
41.599999999999994, 272.6, 320
39.599999999999994, 278.3, 320
38.099999999999994, 277.8, 320
49.39999999999999, 253.4, 320
38.099999999999994, 270.3, 320
36.5, 276.2, 320
39.5, 276.2, 320
41.8, 285.4, 320
40.099999999999994, 271.0, 320
38.400000000000006, 272.3, 320
48.0, 269.3, 320
37.099999999999994, 262.7, 320
45.0, 264.1, 320
35.099999999999994, 262.8, 320
33.19999999999999, 286.1, 320
36.3, 262.5, 320
49.599999999999994, 278.7, 320
61.69999999999999, 276.6, 320
37.099999999999994, 270.3, 320
36.900000000000006, 262.7, 320
35.099999999999994, 289.9, 320
35.900000000000006, 277.8, 320
42.2, 276.7, 320
40.8, 268.0, 320
38.89999999999999, 240.0, 320
45.900000000000006, 268.1, 320
43.7, 274.0, 320
38.599999999999994, 267.2, 320
44.2, 269.1, 320
42.099999999999994, 263.8, 320
41.5, 278.2, 320
36.099999999999994, 271.0, 320
40.900000000000006, 268.1, 320
34.8, 268.4, 320
47.8, 285.5, 320
41.099999999999994, 273.0, 320
47.0, 239.6, 320
43.599999999999994, 267.0, 320
55.69999999999999, 274.3, 320
47.5, 279.1, 320
39.599999999999994, 278.3, 320
42.40000000000002, 234.2, 320
41.7, 276.3, 320
41.89999999999999, 279.3, 320
39.0, 279.3, 320
42.3, 266.8, 320
44.099999999999994, 266.1, 320
36.3, 279.2, 320
48.599999999999994, 271.3, 320
43.3, 265.8, 320
48.39999999999999, 274.9, 320
47.0, 284.2, 320
44.5, 283.1, 320
44.3, 267.0, 320
37.099999999999994, 277.6, 320
43.2, 266.7, 320
33.900000000000006, 280.3, 320
41.3, 251.6, 320
40.89999999999999, 271.8, 320
39.5, 277.2, 320
41.5, 278.3, 320
45.5, 270.7, 320
38.0, 278.9, 320
39.7, 268.2, 320
49.5, 259.2, 320
44.7, 281.4, 320
47.0, 264.0, 320
46.0, 267.0, 320
40.89999999999999, 269.9, 320
48.7, 275.3, 320
41.3, 262.5, 320
36.3, 270.8, 320
49.8, 274.8, 320
37.0, 285.0, 320
42.599999999999994, 251.3, 320
43.0, 266.8, 320
49.599999999999994, 278.1, 320
42.8, 280.7, 320
46.40000000000002, 201.0, 320
44.5, 272.1, 320
38.099999999999994, 276.8, 320
41.40000000000002, 253.9, 320
45.400000000000006, 266.3, 320
33.19999999999999, 273.1, 320
35.900000000000006, 287.1, 320
36.599999999999994, 265.7, 320
38.3, 274.8, 320
36.099999999999994, 247.6, 320
48.8, 266.7, 320
38.3, 277.1, 320
42.10000000000001, 260.1, 320
42.70000000000002, 289.3, 320
36.3, 264.8, 320
35.3, 277.7, 320
41.599999999999994, 271.5, 320
45.099999999999994, 278.2, 320
38.2, 265.1, 320
40.599999999999994, 275.6, 320
47.2, 274.6, 320
42.2, 271.0, 320
36.19999999999999, 263.4, 320
46.5, 272.1, 320
49.39999999999999, 270.2, 320
37.900000000000006, 241.0, 320
41.89999999999999, 268.8, 320
42.099999999999994, 277.1, 320
44.0, 268.8, 320
41.0, 249.4, 320
48.40000000000002, 274.6, 320
42.89999999999999, 232.1, 320
45.599999999999994, 270.4, 320
44.5, 268.4, 320
45.2, 276.3, 320
41.400000000000006, 260.1, 320
49.39999999999999, 273.4, 320
47.89999999999999, 283.2, 320
44.89999999999999, 282.8, 320
42.8, 266.3, 320
41.40000000000002, 271.4, 320
49.5, 277.1, 320
41.900000000000006, 265.6, 320
42.7, 279.3, 320
43.2, 258.0, 320
32.099999999999994, 274.8, 320
40.0, 260.1, 320
40.3, 277.7, 320
37.2, 277.7, 320
41.89999999999999, 273.3, 320
36.099999999999994, 259.8, 320
48.2, 273.5, 320
45.0, 268.3, 320
43.099999999999994, 269.0, 320
37.099999999999994, 271.3, 320
36.900000000000006, 256.1, 320
43.3, 232.3, 320
32.099999999999994, 260.1, 320
37.19999999999999, 270.3, 320
43.900000000000006, 269.1, 320
43.89999999999999, 276.5, 320
36.3, 262.9, 320
40.099999999999994, 269.7, 320
39.3, 271.4, 320
37.900000000000006, 275.3, 320
42.0, 263.3, 320
36.5, 276.5, 320
37.599999999999994, 265.2, 320
40.5, 226.4, 320
43.599999999999994, 227.9, 320
43.2, 274.7, 320
42.3, 241.0, 320
40.5, 248.0, 320
36.099999999999994, 284.2, 320
39.400000000000006, 267.1, 320
35.900000000000006, 269.0, 320
39.099999999999994, 264.3, 320
109.0, 273.1, 320
35.900000000000006, 273.3, 320
42.900000000000006, 265.8, 320
40.39999999999999, 267.6, 320
35.099999999999994, 269.4, 320
42.5, 268.6, 320
38.3, 276.0, 320
43.0, 272.1, 320
45.89999999999999, 276.7, 320
49.5, 267.6, 320
47.0, 272.3, 320
39.900000000000006, 269.7, 320
34.900000000000006, 277.7, 320
42.8, 271.1, 320
37.7, 268.6, 320
45.2, 279.3, 320
40.89999999999999, 270.4, 320
40.10000000000001, 284.8, 320
40.0, 274.6, 320
38.3, 255.9, 320
38.2, 273.6, 320
41.89999999999999, 271.8, 320
42.0, 190.5, 320
39.89999999999999, 285.5, 320
46.2, 273.8, 320
44.39999999999999, 274.6, 320
47.7, 286.1, 320
41.5, 278.9, 320
42.900000000000006, 276.8, 320
39.900000000000006, 267.7, 320
35.599999999999994, 263.3, 320
41.0, 269.7, 320
44.599999999999994, 259.4, 320
44.5, 275.1, 320
39.400000000000006, 269.2, 320
34.8, 269.9, 320
38.3, 270.4, 320
44.5, 275.9, 320
45.5, 275.3, 320
45.89999999999999, 270.4, 320
45.0, 268.4, 320
34.7, 272.8, 320
47.2, 273.3, 320
42.70000000000002, 190.5, 320
34.900000000000006, 271.9, 320
32.5, 270.3, 320
34.400000000000006, 265.5, 320
37.099999999999994, 285.0, 320
40.900000000000006, 264.2, 320
42.099999999999994, 280.1, 320
40.0, 265.7, 320
35.400000000000006, 282.0, 320
39.900000000000006, 280.7, 320
49.39999999999999, 282.5, 320
47.89999999999999, 277.1, 320
41.599999999999994, 281.4, 320
45.0, 273.2, 320
38.89999999999999, 275.0, 320
47.89999999999998, 264.4, 320
42.89999999999999, 268.1, 320
40.0, 271.9, 320
43.599999999999994, 274.8, 320
42.099999999999994, 273.2, 320
35.19999999999999, 281.9, 320
43.2, 274.3, 320
42.099999999999994, 276.2, 320
40.89999999999999, 271.7, 320
45.2, 277.2, 320
41.2, 266.8, 320
46.89999999999999, 273.4, 320
49.599999999999994, 272.3, 320
38.0, 270.4, 320
40.099999999999994, 275.1, 320
41.5, 274.4, 320
37.8, 263.3, 320
42.3, 278.0, 320
37.5, 274.6, 320
49.40000000000002, 275.7, 320
44.599999999999994, 280.7, 320
39.5, 266.1, 320
46.0, 280.9, 320
48.5, 277.8, 320
45.099999999999994, 271.7, 320
43.900000000000006, 263.3, 320
39.099999999999994, 247.4, 320
35.599999999999994, 260.1, 320
44.3, 248.2, 320
36.099999999999994, 272.5, 320
38.0, 275.9, 320
43.3, 268.3, 320
36.19999999999999, 276.2, 320
37.3, 271.6, 320
36.3, 255.9, 320
45.599999999999994, 249.4, 320
40.599999999999994, 268.3, 320
37.3, 260.1, 320
35.599999999999994, 272.7, 320
38.099999999999994, 278.9, 320
41.099999999999994, 255.9, 320
46.70000000000002, 285.0, 320
40.5, 279.6, 320
45.0, 232.3, 320
43.39999999999999, 248.0, 320
43.7, 232.3, 320
40.900000000000006, 271.1, 320
34.599999999999994, 268.5, 320
37.400000000000006, 264.2, 320
38.900000000000006, 272.0, 320
36.599999999999994, 190.5, 320
45.599999999999994, 255.3, 320
43.099999999999994, 277.8, 320
49.2, 262.9, 320
45.599999999999994, 265.7, 320
38.900000000000006, 271.3, 320
45.0, 274.8, 320
48.900000000000006, 264.1, 320
56.69999999999999, 271.9, 320
43.2, 281.1, 320
36.3, 270.5, 320
36.8, 264.0, 320
39.900000000000006, 283.4, 320
47.2, 260.3, 320
38.900000000000006, 253.4, 320
39.599999999999994, 271.9, 320
30.19999999999999, 276.2, 320
34.19999999999999, 283.1, 320
41.400000000000006, 236.8, 320
44.900000000000006, 270.4, 320
39.599999999999994, 281.1, 320
47.39999999999999, 273.8, 320
47.599999999999994, 272.2, 320
49.39999999999999, 255.4, 320
48.2, 279.9, 320
37.3, 280.7, 320
41.2, 266.8, 320
40.5, 269.0, 320
42.2, 265.7, 320
46.599999999999994, 271.3, 320
46.5, 270.2, 320
39.3, 266.2, 320
43.599999999999994, 268.0, 320
42.599999999999994, 264.5, 320
37.900000000000006, 234.1, 320
42.900000000000006, 265.7, 320
39.5, 247.5, 320
46.89999999999999, 271.0, 320
37.5, 277.7, 320
39.3, 264.4, 320
47.10000000000001, 275.0, 320
46.5, 234.2, 320
43.2, 271.8, 320
40.8, 273.1, 320
43.5, 276.8, 320
42.099999999999994, 267.2, 320
41.599999999999994, 267.3, 320
46.599999999999994, 259.0, 320
41.0, 270.0, 320
42.7, 278.7, 320
41.7, 279.3, 320
48.5, 277.1, 320
41.5, 283.6, 320
36.900000000000006, 259.5, 320
45.89999999999999, 269.1, 320
43.400000000000006, 264.1, 320
34.099999999999994, 272.8, 320
47.2, 262.7, 320
46.0, 268.5, 320
43.099999999999994, 274.8, 320
36.0, 273.6, 320
35.900000000000006, 261.2, 320
42.3, 279.9, 320
46.5, 275.9, 320
43.599999999999994, 277.5, 320
43.2, 270.6, 320
40.0, 203.2, 320
38.5, 270.4, 320
48.89999999999999, 270.5, 320
43.599999999999994, 273.8, 320
42.599999999999994, 267.7, 320
43.900000000000006, 274.4, 320
36.3, 274.3, 320
40.7, 268.3, 320
47.89999999999999, 268.7, 320
44.0, 272.8, 320
35.599999999999994, 241.0, 320
37.900000000000006, 264.9, 320
35.19999999999999, 267.7, 320
47.39999999999999, 273.3, 320
61.69999999999999, 232.3, 320
42.900000000000006, 283.6, 320
45.5, 236.8, 320
44.0, 270.6, 320
45.5, 270.4, 320
43.0, 273.9, 320
31.299999999999997, 275.1, 320
92.0, 255.4, 320
33.19999999999999, 278.1, 320
40.89999999999999, 273.9, 320
40.5, 240.0, 320
36.099999999999994, 278.3, 320
39.900000000000006, 288.8, 320
45.2, 230.9, 320
35.3, 276.8, 320
41.099999999999994, 271.2, 320
43.599999999999994, 268.5, 320
40.099999999999994, 270.4, 320
38.89999999999999, 266.3, 320
43.099999999999994, 278.6, 320
40.099999999999994, 274.4, 320
39.89999999999999, 275.1, 320
36.599999999999994, 251.6, 320
94.0, 268.5, 320
43.7, 269.1, 320
46.40000000000002, 285.4, 320
32.19999999999999, 269.0, 320
47.599999999999994, 261.2, 320
44.400000000000006, 274.9, 320
49.39999999999999, 269.7, 320
41.400000000000006, 231.2, 320
44.89999999999999, 253.9, 320
40.3, 268.8, 320
32.3, 267.7, 320
39.3, 274.9, 320
46.599999999999994, 275.0, 320
41.099999999999994, 268.2, 320
47.39999999999999, 265.9, 320
43.0, 274.8, 320
36.5, 255.3, 320
44.5, 271.0, 320
40.39999999999999, 270.5, 320
43.0, 285.0, 320
42.89999999999999, 275.1, 320
41.3, 286.3, 320
40.400000000000006, 269.2, 320
43.5, 266.8, 320
49.40000000000002, 275.9, 320
47.599999999999994, 267.6, 320
42.900000000000006, 227.9, 320
45.0, 276.1, 320
43.5, 280.8, 320
33.5, 279.6, 320
46.2, 259.2, 320
41.39999999999999, 276.5, 320
42.5, 227.9, 320
37.599999999999994, 241.0, 320
44.2, 268.0, 320
40.5, 278.9, 320
35.099999999999994, 268.0, 320
43.2, 269.2, 320
36.5, 276.8, 320
47.400000000000006, 272.8, 320
41.0, 276.8, 320
41.599999999999994, 271.1, 320
38.900000000000006, 271.3, 320
43.89999999999998, 259.5, 320
39.89999999999999, 277.2, 320
39.7, 282.3, 320
43.599999999999994, 274.3, 320
43.0, 270.0, 320
39.400000000000006, 266.8, 320
43.89999999999998, 248.2, 320
35.19999999999999, 267.0, 320
46.599999999999994, 281.1, 320
43.5, 278.0, 320
42.900000000000006, 271.2, 320
36.0, 270.4, 320
35.599999999999994, 278.0, 320
45.10000000000001, 276.8, 320
47.0, 267.2, 320
42.89999999999999, 280.3, 320
37.5, 278.2, 320
44.0, 264.2, 320
46.0, 274.4, 320
47.70000000000002, 271.6, 320
39.599999999999994, 251.6, 320
46.39999999999999, 272.0, 320
30.19999999999999, 269.2, 320
44.5, 284.1, 320
42.0, 265.6, 320
34.5, 271.7, 320
44.0, 268.0, 320
34.599999999999994, 271.7, 320
44.5, 263.8, 320
41.2, 275.6, 320
47.89999999999999, 274.0, 320
45.89999999999998, 230.9, 320
38.099999999999994, 271.6, 320
45.40000000000002, 273.5, 320
41.2, 266.7, 320
38.099999999999994, 270.3, 320
41.599999999999994, 255.3, 320
40.099999999999994, 273.3, 320
38.3, 270.1, 320
41.099999999999994, 267.0, 320
38.3, 276.0, 320
45.0, 269.9, 320
48.599999999999994, 246.9, 320
38.099999999999994, 271.7, 320
48.40000000000002, 274.0, 320
45.89999999999998, 277.5, 320
47.39999999999999, 266.5, 320
44.3, 276.8, 320
49.10000000000001, 266.7, 320
44.900000000000006, 271.8, 320
45.0, 273.0, 320
38.099999999999994, 276.5, 320
46.0, 272.1, 320
46.10000000000001, 270.1, 320
46.70000000000002, 280.6, 320
45.0, 256.1, 320
36.400000000000006, 268.4, 320
35.599999999999994, 268.1, 320
37.7, 255.9, 320
42.099999999999994, 269.0, 320
42.900000000000006, 272.6, 320
43.900000000000006, 285.0, 320
41.900000000000006, 277.7, 320
42.7, 263.7, 320
45.7, 266.7, 320
43.7, 265.4, 320
49.5, 265.1, 320
42.099999999999994, 267.0, 320
42.900000000000006, 231.2, 320
44.89999999999999, 273.5, 320
42.3, 260.3, 320
38.5, 270.4, 320
49.0, 268.5, 320
44.5, 260.1, 320
35.599999999999994, 273.8, 320
42.0, 265.6, 320
44.2, 274.2, 320
43.2, 272.1, 320
39.900000000000006, 270.4, 320
97.0, 267.0, 320
41.599999999999994, 277.7, 320
43.7, 264.9, 320
33.5, 262.7, 320
49.0, 269.0, 320
48.89999999999999, 249.4, 320
45.599999999999994, 272.6, 320
38.8, 265.9, 320
45.599999999999994, 275.1, 320
47.89999999999998, 268.8, 320
35.400000000000006, 275.9, 320
59.69999999999999, 265.2, 320
41.2, 261.8, 320
46.39999999999999, 267.7, 320
39.900000000000006, 277.6, 320
44.39999999999999, 280.9, 320
37.3, 271.9, 320
46.0, 234.2, 320
40.3, 271.3, 320
37.8, 270.3, 320
35.5, 270.1, 320
50.70000000000002, 261.2, 320
42.5, 266.5, 320
42.5, 276.8, 320
39.7, 271.7, 320
40.599999999999994, 276.2, 320
41.7, 270.0, 320
49.39999999999999, 270.7, 320
40.900000000000006, 262.2, 320
46.2, 278.3, 320
41.400000000000006, 271.0, 320
35.8, 275.9, 320
41.3, 277.7, 320
47.0, 253.5, 320
42.900000000000006, 273.8, 320
48.39999999999999, 288.8, 320
40.900000000000006, 273.1, 320
39.2, 270.8, 320
40.89999999999998, 264.9, 320
39.3, 227.9, 320
44.0, 270.3, 320
42.0, 274.9, 320
52.69999999999999, 241.0, 320
41.8, 249.4, 320
42.0, 278.4, 320
40.5, 267.0, 320
43.0, 265.0, 320
49.900000000000006, 251.6, 320
42.2, 276.0, 320
46.599999999999994, 283.6, 320
37.0, 251.6, 320
40.3, 255.3, 320
40.5, 275.9, 320
44.599999999999994, 249.8, 320
43.400000000000006, 262.7, 320
40.099999999999994, 266.7, 320
49.7, 273.3, 320
36.7, 268.0, 320
47.2, 278.2, 320
40.099999999999994, 273.2, 320
40.39999999999999, 259.9, 320
43.7, 275.9, 320
39.599999999999994, 270.3, 320
44.5, 269.4, 320
43.0, 272.1, 320
35.599999999999994, 270.4, 320
41.099999999999994, 251.3, 320
39.3, 263.6, 320
60.69999999999999, 274.8, 320
63.0, 268.0, 320
46.10000000000001, 275.0, 320
40.599999999999994, 264.4, 320
36.099999999999994, 272.2, 320
42.0, 255.4, 320
38.3, 277.6, 320
44.39999999999999, 262.9, 320
44.400000000000006, 272.8, 320
42.599999999999994, 275.3, 320
47.10000000000001, 276.8, 320
39.0, 265.7, 320
37.900000000000006, 265.4, 320
48.39999999999999, 267.0, 320
49.5, 277.5, 320
35.900000000000006, 286.3, 320
46.39999999999999, 277.8, 320
79.0, 264.8, 320
40.3, 269.0, 320
34.3, 266.7, 320
49.7, 236.8, 320
40.099999999999994, 249.4, 320
42.5, 282.5, 320
44.900000000000006, 278.6, 320
43.400000000000006, 278.9, 320
41.8, 271.9, 320
42.099999999999994, 277.1, 320
40.8, 277.6, 320
54.69999999999999, 254.8, 320
41.89999999999999, 278.8, 320
44.0, 280.7, 320
41.5, 277.7, 320
42.099999999999994, 277.5, 320
40.40000000000002, 266.7, 320
45.900000000000006, 272.3, 320
37.3, 285.4, 320
40.3, 271.2, 320
39.89999999999999, 271.8, 320
44.3, 259.5, 320
36.5, 203.2, 320
41.2, 271.4, 320
43.5, 234.1, 320
43.89999999999999, 280.9, 320
40.89999999999999, 270.4, 320
42.89999999999998, 276.9, 320
39.89999999999999, 271.1, 320
40.89999999999999, 268.5, 320
40.5, 271.6, 320
36.3, 278.1, 320
37.19999999999999, 263.3, 320
48.39999999999999, 266.5, 320
42.0, 277.6, 320
42.5, 271.6, 320
48.5, 279.0, 320
41.900000000000006, 282.6, 320
40.40000000000002, 270.7, 320
56.69999999999999, 236.8, 320
47.599999999999994, 261.8, 320
41.89999999999998, 269.3, 320
34.900000000000006, 273.5, 320
44.099999999999994, 274.6, 320
40.2, 251.6, 320
36.3, 268.2, 320
38.3, 267.6, 320
40.099999999999994, 253.9, 320
35.7, 275.7, 320
40.400000000000006, 272.2, 320
44.599999999999994, 268.6, 320
42.099999999999994, 268.4, 320
35.599999999999994, 287.1, 320
42.89999999999999, 264.2, 320
46.39999999999999, 286.3, 320
43.39999999999999, 265.2, 320
49.5, 259.2, 320
43.0, 266.7, 320
45.0, 265.3, 320
40.400000000000006, 276.7, 320
60.69999999999999, 265.7, 320
41.599999999999994, 268.1, 320
35.19999999999999, 274.7, 320
45.8, 262.2, 320
46.0, 274.4, 320
44.0, 274.4, 320
44.10000000000001, 247.8, 320
36.8, 246.9, 320
36.599999999999994, 271.9, 320
40.5, 278.3, 320
43.39999999999999, 264.6, 320
48.40000000000002, 265.6, 320
32.0, 272.8, 320
46.8, 256.0, 320
40.5, 279.0, 320
33.0, 265.7, 320
37.0, 268.0, 320
41.599999999999994, 280.9, 320
44.39999999999999, 236.0, 320
43.0, 231.2, 320
49.89999999999998, 270.4, 320
37.19999999999999, 278.6, 320
40.0, 272.2, 320
42.8, 245.1, 320
44.70000000000002, 276.6, 320
37.099999999999994, 284.2, 320
40.099999999999994, 270.4, 320
32.0, 267.1, 320
44.2, 269.2, 320
39.5, 268.4, 320
45.89999999999999, 255.6, 320
41.0, 280.6, 320
36.099999999999994, 274.1, 320
44.900000000000006, 266.7, 320
39.5, 271.6, 320
35.400000000000006, 266.8, 320
43.70000000000002, 265.9, 320
31.299999999999997, 271.6, 320
48.7, 274.8, 320
38.900000000000006, 266.2, 320
39.89999999999999, 273.2, 320
37.2, 286.5, 320
40.400000000000006, 275.3, 320
46.0, 275.0, 320
38.0, 272.9, 320
46.599999999999994, 282.6, 320
42.2, 262.1, 320
43.3, 258.8, 320
39.0, 259.5, 320
38.599999999999994, 278.3, 320
36.099999999999994, 279.0, 320
47.5, 255.3, 320
34.599999999999994, 273.5, 320
42.0, 265.8, 320
40.099999999999994, 261.8, 320
46.8, 269.2, 320
34.599999999999994, 258.8, 320
40.3, 263.7, 320
35.5, 265.7, 320
45.40000000000002, 272.9, 320
36.3, 284.8, 320
59.69999999999999, 269.2, 320
45.400000000000006, 253.4, 320
47.2, 259.5, 320
35.5, 273.6, 320
39.599999999999994, 253.4, 320
45.0, 259.0, 320
46.8, 277.1, 320
33.099999999999994, 267.0, 320
38.8, 283.1, 320
39.89999999999999, 273.8, 320
37.599999999999994, 276.9, 320
47.89999999999999, 269.1, 320
42.10000000000001, 254.3, 320
44.3, 276.5, 320
40.099999999999994, 269.0, 320
45.599999999999994, 255.4, 320
44.89999999999999, 262.5, 320
42.5, 278.7, 320
45.8, 272.0, 320
42.900000000000006, 270.6, 320
36.099999999999994, 280.6, 320
47.89999999999998, 269.9, 320
44.5, 278.9, 320
39.0, 274.8, 320
39.099999999999994, 273.3, 320
45.40000000000002, 282.5, 320
41.400000000000006, 264.1, 320
44.5, 280.3, 320
46.0, 272.0, 320
35.599999999999994, 263.6, 320
38.900000000000006, 275.1, 320
48.599999999999994, 271.9, 320
39.89999999999999, 247.4, 320
43.7, 277.1, 320
45.39999999999999, 271.7, 320
42.3, 262.1, 320
43.8, 279.3, 320
37.900000000000006, 275.7, 320
41.5, 269.9, 320
36.19999999999999, 280.5, 320
38.2, 271.9, 320
41.89999999999999, 247.8, 320
39.2, 280.9, 320
48.5, 277.7, 320
50.70000000000002, 278.6, 320
41.2, 261.8, 320
41.900000000000006, 256.6, 320
40.0, 278.3, 320
43.0, 271.4, 320
41.10000000000001, 283.6, 320
36.3, 275.3, 320
40.0, 268.1, 320
39.599999999999994, 274.0, 320
41.2, 253.9, 320
41.40000000000002, 266.7, 320
44.599999999999994, 282.6, 320
42.89999999999999, 265.7, 320
49.10000000000001, 253.4, 320
35.099999999999994, 273.6, 320
37.400000000000006, 283.1, 320
43.599999999999994, 276.4, 320
42.2, 255.4, 320
43.3, 273.8, 320
46.2, 276.0, 320
45.0, 265.1, 320
43.3, 271.3, 320
40.39999999999999, 277.7, 320
43.099999999999994, 270.4, 320
38.5, 275.9, 320
46.89999999999999, 271.7, 320
32.0, 268.0, 320
46.5, 253.8, 320
39.599999999999994, 271.0, 320
48.10000000000001, 273.5, 320
44.599999999999994, 257.3, 320
37.599999999999994, 264.8, 320
38.2, 276.2, 320
40.599999999999994, 267.0, 320
44.10000000000001, 270.1, 320
40.5, 271.1, 320
37.900000000000006, 272.6, 320
41.3, 265.8, 320
42.7, 285.0, 320
47.5, 276.9, 320
42.2, 275.8, 320
40.8, 234.2, 320
45.0, 246.1, 320
40.89999999999999, 274.7, 320
41.3, 251.6, 320
46.39999999999999, 278.0, 320
36.7, 262.9, 320
40.900000000000006, 276.8, 320
44.39999999999999, 258.0, 320
40.5, 267.0, 320
39.2, 272.4, 320
44.0, 273.3, 320
43.3, 268.0, 320
40.400000000000006, 273.9, 320
43.599999999999994, 262.9, 320
38.19999999999999, 267.7, 320
37.599999999999994, 271.3, 320
38.099999999999994, 265.9, 320
40.89999999999999, 248.6, 320
42.5, 264.2, 320
48.5, 270.6, 320
36.3, 282.5, 320
40.8, 267.0, 320
45.5, 249.4, 320
35.3, 279.6, 320
34.400000000000006, 273.0, 320
43.5, 279.9, 320
39.0, 270.6, 320
48.900000000000006, 272.2, 320
42.2, 263.3, 320
45.89999999999999, 270.7, 320
35.599999999999994, 201.0, 320
47.5, 268.4, 320
40.099999999999994, 275.3, 320
31.0, 272.1, 320
47.5, 274.6, 320
44.89999999999999, 273.9, 320
44.3, 274.8, 320
40.40000000000002, 273.4, 320
41.900000000000006, 276.6, 320
45.10000000000001, 268.4, 320
92.0, 271.1, 320
48.599999999999994, 273.3, 320
35.900000000000006, 275.9, 320
43.3, 246.9, 320
42.2, 277.8, 320
36.900000000000006, 274.6, 320
40.599999999999994, 265.3, 320
41.0, 274.8, 320
40.10000000000001, 274.6, 320
41.89999999999999, 254.8, 320
47.40000000000002, 262.9, 320
39.89999999999999, 255.3, 320
48.70000000000002, 273.6, 320
32.099999999999994, 267.0, 320
47.2, 270.4, 320
46.39999999999999, 279.2, 320
41.89999999999998, 273.0, 320
38.099999999999994, 278.3, 320
43.10000000000001, 275.0, 320
32.19999999999999, 274.1, 320
42.400000000000006, 273.9, 320
34.7, 268.0, 320
42.900000000000006, 268.8, 320
47.40000000000002, 265.6, 320
39.0, 277.8, 320
60.0, 268.1, 320
40.099999999999994, 274.0, 320
43.3, 259.3, 320
45.0, 280.3, 320
42.3, 266.3, 320
37.099999999999994, 259.2, 320
39.89999999999999, 279.3, 320
40.599999999999994, 259.5, 320
46.7, 273.8, 320
42.400000000000006, 275.0, 320
40.099999999999994, 268.3, 320
45.0, 267.1, 320
38.89999999999999, 272.4, 320
48.40000000000002, 264.5, 320
40.39999999999999, 201.0, 320
44.0, 267.0, 320
44.0, 272.8, 320
40.400000000000006, 278.0, 320
44.0, 271.7, 320
39.7, 268.3, 320
59.69999999999999, 269.1, 320
39.2, 267.2, 320
35.099999999999994, 265.7, 320
38.099999999999994, 271.3, 320
43.0, 273.8, 320
43.39999999999999, 273.8, 320
42.2, 274.8, 320
47.89999999999999, 264.5, 320
47.89999999999999, 265.5, 320
39.3, 261.8, 320
38.3, 283.6, 320
42.39999999999999, 277.2, 320
36.400000000000006, 275.9, 320
40.7, 268.2, 320
44.599999999999994, 274.9, 320
35.5, 274.8, 320
38.599999999999994, 272.3, 320
41.0, 234.2, 320
40.5, 276.0, 320
96.0, 285.8, 320
44.3, 276.8, 320
61.69999999999999, 246.9, 320
41.900000000000006, 271.9, 320
43.900000000000006, 263.7, 320
45.10000000000001, 255.3, 320
40.099999999999994, 266.1, 320
48.599999999999994, 274.8, 320
40.900000000000006, 253.9, 320
43.39999999999999, 280.6, 320
44.89999999999999, 269.2, 320
38.599999999999994, 264.4, 320
31.19999999999999, 253.5, 320
36.900000000000006, 271.7, 320
39.099999999999994, 263.3, 320
37.0, 269.1, 320
44.2, 272.0, 320
35.19999999999999, 277.8, 320
59.69999999999999, 268.3, 320
36.3, 255.9, 320
39.19999999999999, 269.3, 320
30.19999999999999, 245.2, 320
44.3, 276.8, 320
41.89999999999999, 283.6, 320
47.5, 274.7, 320
44.89999999999999, 261.8, 320
39.89999999999999, 270.4, 320
42.599999999999994, 277.7, 320
40.8, 276.2, 320
45.8, 264.3, 320
42.39999999999999, 241.0, 320
41.900000000000006, 266.5, 320
40.0, 289.3, 320
37.3, 248.2, 320
40.10000000000001, 273.2, 320
48.8, 271.0, 320
47.0, 236.8, 320
40.3, 269.0, 320
34.099999999999994, 269.2, 320
37.599999999999994, 263.3, 320
43.2, 267.0, 320
40.89999999999998, 274.1, 320
46.7, 241.0, 320
36.599999999999994, 260.6, 320
48.39999999999999, 269.2, 320
38.900000000000006, 256.3, 320
43.3, 273.3, 320
59.69999999999999, 272.8, 320
39.900000000000006, 272.8, 320
35.599999999999994, 268.5, 320
45.400000000000006, 270.4, 320
47.7, 270.3, 320
47.599999999999994, 272.1, 320
40.3, 275.3, 320
41.599999999999994, 264.0, 320
41.70000000000002, 274.8, 320
47.89999999999999, 269.8, 320
49.900000000000006, 277.7, 320
43.599999999999994, 272.8, 320
40.400000000000006, 256.1, 320
32.0, 265.1, 320
43.599999999999994, 232.1, 320
36.400000000000006, 265.8, 320
46.0, 273.2, 320
40.5, 277.5, 320
45.89999999999999, 255.3, 320
43.599999999999994, 274.3, 320
34.3, 263.3, 320
45.2, 276.7, 320
36.2, 263.3, 320
36.5, 267.0, 320
43.0, 268.3, 320
37.099999999999994, 240.9, 320
47.10000000000001, 278.8, 320
36.900000000000006, 273.3, 320
44.900000000000006, 270.2, 320
36.3, 279.3, 320
40.89999999999999, 274.9, 320
35.099999999999994, 267.0, 320
36.3, 269.9, 320
47.599999999999994, 287.1, 320
46.70000000000002, 273.6, 320
38.7, 277.2, 320
43.2, 271.0, 320
44.3, 270.3, 320
44.39999999999999, 282.8, 320
45.0, 286.5, 320
42.7, 280.9, 320
40.2, 260.3, 320
48.40000000000002, 283.6, 320
46.0, 265.7, 320
33.099999999999994, 272.1, 320
36.3, 261.8, 320
40.3, 269.0, 320
44.3, 270.1, 320
43.2, 231.2, 320
42.89999999999999, 277.6, 320
47.89999999999999, 270.4, 320
43.0, 271.1, 320
47.599999999999994, 267.0, 320
37.900000000000006, 272.9, 320
44.5, 267.0, 320
40.400000000000006, 226.4, 320
37.900000000000006, 273.4, 320
41.3, 280.7, 320
33.5, 274.0, 320
43.8, 265.3, 320
34.8, 269.9, 320
39.0, 271.3, 320
31.299999999999997, 276.8, 320
40.89999999999999, 269.2, 320
41.400000000000006, 258.8, 320
42.3, 265.5, 320
43.599999999999994, 272.6, 320
46.5, 273.8, 320
57.69999999999999, 270.6, 320
44.5, 270.1, 320
40.599999999999994, 265.8, 320
44.89999999999998, 275.9, 320
36.8, 278.6, 320
41.099999999999994, 268.8, 320
38.3, 272.5, 320
37.599999999999994, 270.1, 320
34.900000000000006, 269.0, 320
35.900000000000006, 269.0, 320
42.5, 275.3, 320
40.599999999999994, 244.3, 320
37.3, 268.1, 320
43.7, 251.2, 320
38.3, 282.0, 320
43.89999999999999, 267.0, 320
41.40000000000002, 280.1, 320
43.900000000000006, 258.0, 320
40.89999999999999, 201.0, 320
36.7, 281.9, 320
53.69999999999999, 276.8, 320
45.5, 271.2, 320
48.599999999999994, 271.0, 320
35.7, 268.7, 320
40.0, 267.7, 320
36.5, 277.6, 320
43.89999999999999, 261.2, 320
42.900000000000006, 272.3, 320
61.0, 271.0, 320
43.3, 276.7, 320
38.0, 273.8, 320
38.3, 268.7, 320
45.3, 256.8, 320
47.0, 265.8, 320
43.39999999999999, 226.4, 320
46.40000000000002, 283.1, 320
36.099999999999994, 279.6, 320
46.599999999999994, 246.0, 320
39.099999999999994, 248.6, 320
37.8, 278.9, 320
41.3, 273.9, 320
45.89999999999999, 268.2, 320
37.599999999999994, 275.6, 320
57.69999999999999, 268.0, 320
46.0, 271.3, 320
43.2, 274.4, 320
38.900000000000006, 277.8, 320
44.7, 275.9, 320
44.0, 274.1, 320
36.900000000000006, 274.3, 320
43.39999999999999, 275.8, 320
45.39999999999999, 279.6, 320
33.599999999999994, 247.5, 320
39.0, 255.3, 320
36.0, 280.6, 320
39.0, 269.2, 320
44.2, 271.4, 320
41.39999999999999, 269.4, 320
87.0, 272.5, 320
43.5, 244.3, 320
46.900000000000006, 274.8, 320
45.0, 269.9, 320
49.400000000000006, 271.1, 320
41.70000000000002, 285.8, 320
37.0, 278.6, 320
37.099999999999994, 265.6, 320
